499 20
0 0
1 2
2 4
3 6
4 8
5 10
6 12
7 14
8 16
9 18
10 20
11 22
12 24
13 26
14 28
15 30
16 32
17 34
18 36
19 38
20 40
21 42
22 44
23 46
24 48
25 50
26 52
27 54
28 56
29 58
30 60
31 62
32 64
33 66
34 68
35 70
36 72
37 74
38 76
39 78
40 80
41 82
42 84
43 86
44 88
45 90
46 92
47 94
48 96
49 98
50 100
51 102
52 104
53 106
54 108
55 110
56 112
57 114
58 116
59 118
60 120
61 122
62 124
63 126
64 128
65 130
66 132
67 134
68 136
69 138
70 140
71 142
72 144
73 146
74 148
75 150
76 152
77 154
78 156
79 158
80 160
81 162
82 164
83 166
84 168
85 170
86 172
87 174
88 176
89 178
90 180
91 182
92 184
93 186
94 188
95 190
96 192
97 194
98 196
99 198
100 200
101 202
102 204
103 206
104 208
105 210
106 212
107 214
108 216
109 218
110 220
111 222
112 224
113 226
114 228
115 230
116 232
117 234
118 236
119 238
120 240
121 242
122 244
123 246
124 248
125 250
126 252
127 254
128 256
129 258
130 260
131 262
132 264
133 266
134 268
135 270
136 272
137 274
138 276
139 278
140 280
141 282
142 284
143 286
144 288
145 290
146 292
147 294
148 296
149 298
150 300
151 302
152 304
153 306
154 308
155 310
156 312
157 314
158 316
159 318
160 320
161 322
162 324
163 326
164 328
165 330
166 332
167 334
168 336
169 338
170 340
171 342
172 344
173 346
174 348
175 350
176 352
177 354
178 356
179 358
180 360
181 362
182 364
183 366
184 368
185 370
186 372
187 374
188 376
189 378
190 380
191 382
192 384
193 386
194 388
195 390
196 392
197 394
198 396
199 398
200 400
201 402
202 404
203 406
204 408
205 410
206 412
207 414
208 416
209 418
210 420
211 422
212 424
213 426
214 428
215 430
216 432
217 434
218 436
219 438
220 440
221 442
222 444
223 446
224 448
225 450
226 452
227 454
228 456
229 458
230 460
231 462
232 464
233 466
234 468
235 470
236 472
237 474
238 476
239 478
240 480
241 482
242 484
243 486
244 488
245 490
246 492
247 494
0 10
1 12
2 14
3 16
4 18
5 20
6 22
7 24
8 26
9 28
10 30
11 32
12 34
13 36
14 38
15 40
16 42
17 44
18 46
19 48
20 50
21 52
22 54
23 56
24 58
25 60
26 62
27 64
28 66
29 68
30 70
31 72
32 74
33 76
34 78
35 80
36 82
37 84
38 86
39 88
40 90
41 92
42 94
43 96
44 98
45 100
46 102
47 104
48 106
49 108
50 110
51 112
52 114
53 116
54 118
55 120
56 122
57 124
58 126
59 128
60 130
61 132
62 134
63 136
64 138
65 140
66 142
67 144
68 146
69 148
70 150
71 152
72 154
73 156
74 158
75 160
76 162
77 164
78 166
79 168
80 170
81 172
82 174
83 176
84 178
85 180
86 182
87 184
88 186
89 188
90 190
91 192
92 194
93 196
94 198
95 200
96 202
97 204
98 206
99 208
100 210
101 212
102 214
103 216
104 218
105 220
106 222
107 224
108 226
109 228
110 230
111 232
112 234
113 236
114 238
115 240
116 242
117 244
118 246
119 248
120 250
121 252
122 254
123 256
124 258
125 260
126 262
127 264
128 266
129 268
130 270
131 272
132 274
133 276
134 278
135 280
136 282
137 284
138 286
139 288
140 290
141 292
142 294
143 296
144 298
145 300
146 302
147 304
148 306
149 308
150 310
151 312
152 314
153 316
154 318
155 320
156 322
157 324
158 326
159 328
160 330
161 332
162 334
163 336
164 338
165 340
166 342
167 344
168 346
169 348
170 350
171 352
172 354
173 356
174 358
175 360
176 362
177 364
178 366
179 368
180 370
181 372
182 374
183 376
184 378
185 380
186 382
187 384
188 386
189 388
190 390
191 392
192 394
193 396
194 398
195 400
196 402
197 404
198 406
199 408
200 410
201 412
202 414
203 416
204 418
205 420
206 422
207 424
208 426
209 428
210 430
211 432
212 434
213 436
214 438
215 440
216 442
217 444
218 446
219 448
220 450
221 452
222 454
223 456
224 458
225 460
226 462
227 464
228 466
229 468
230 470
231 472
232 474
233 476
234 478
235 480
236 482
237 484
238 486
239 488
240 490
241 492
242 494
243 496
244 498
245 500
246 502
247 504
1000 0
0 1000
1000 1000
