499 20
0 0
1 2
2 4
3 6
4 8
5 10
6 12
7 14
8 16
9 18
10 20
11 22
12 24
13 26
14 28
15 30
16 32
17 34
18 36
19 38
20 40
21 42
22 44
23 46
24 48
25 50
26 52
27 54
28 56
29 58
30 60
31 62
32 64
33 66
34 68
35 70
36 72
37 74
38 76
39 78
40 80
41 82
42 84
43 86
44 88
45 90
46 92
47 94
48 96
49 98
50 100
51 102
52 104
53 106
54 108
55 110
56 112
57 114
58 116
59 118
60 120
61 122
62 124
63 126
64 128
65 130
66 132
67 134
68 136
69 138
70 140
71 142
72 144
73 146
74 148
75 150
76 152
77 154
78 156
79 158
80 160
81 162
82 164
83 166
84 168
85 170
86 172
87 174
88 176
89 178
90 180
91 182
92 184
93 186
94 188
95 190
96 192
97 194
98 196
99 198
100 200
101 202
102 204
103 206
104 208
105 210
106 212
107 214
108 216
109 218
110 220
111 222
112 224
113 226
114 228
115 230
116 232
117 234
118 236
119 238
120 240
121 242
122 244
123 246
124 248
125 250
126 252
127 254
128 256
129 258
130 260
131 262
132 264
133 266
134 268
135 270
136 272
137 274
138 276
139 278
140 280
141 282
142 284
143 286
144 288
145 290
146 292
147 294
148 296
149 298
150 300
151 302
152 304
153 306
154 308
155 310
156 312
157 314
158 316
159 318
160 320
161 322
162 324
163 326
164 328
165 330
166 332
167 334
168 336
169 338
170 340
171 342
172 344
173 346
174 348
175 350
176 352
177 354
178 356
179 358
180 360
181 362
182 364
183 366
184 368
185 370
186 372
187 374
188 376
189 378
190 380
191 382
192 384
193 386
194 388
195 390
196 392
197 394
198 396
199 398
200 400
201 402
202 404
203 406
204 408
205 410
206 412
207 414
208 416
209 418
210 420
211 422
212 424
213 426
214 428
215 430
216 432
217 434
218 436
219 438
220 440
221 442
222 444
223 446
224 448
225 450
226 452
227 454
228 456
229 458
230 460
231 462
232 464
233 466
234 468
235 470
236 472
237 474
238 476
239 478
240 480
241 482
242 484
243 486
244 488
245 490
246 492
247 494
0 3
1 5
2 7
3 9
4 11
5 13
6 15
7 17
8 19
9 21
10 23
11 25
12 27
13 29
14 31
15 33
16 35
17 37
18 39
19 41
20 43
21 45
22 47
23 49
24 51
25 53
26 55
27 57
28 59
29 61
30 63
31 65
32 67
33 69
34 71
35 73
36 75
37 77
38 79
39 81
40 83
41 85
42 87
43 89
44 91
45 93
46 95
47 97
48 99
49 101
50 103
51 105
52 107
53 109
54 111
55 113
56 115
57 117
58 119
59 121
60 123
61 125
62 127
63 129
64 131
65 133
66 135
67 137
68 139
69 141
70 143
71 145
72 147
73 149
74 151
75 153
76 155
77 157
78 159
79 161
80 163
81 165
82 167
83 169
84 171
85 173
86 175
87 177
88 179
89 181
90 183
91 185
92 187
93 189
94 191
95 193
96 195
97 197
98 199
99 201
100 203
101 205
102 207
103 209
104 211
105 213
106 215
107 217
108 219
109 221
110 223
111 225
112 227
113 229
114 231
115 233
116 235
117 237
118 239
119 241
120 243
121 245
122 247
123 249
124 251
125 253
126 255
127 257
128 259
129 261
130 263
131 265
132 267
133 269
134 271
135 273
136 275
137 277
138 279
139 281
140 283
141 285
142 287
143 289
144 291
145 293
146 295
147 297
148 299
149 301
150 303
151 305
152 307
153 309
154 311
155 313
156 315
157 317
158 319
159 321
160 323
161 325
162 327
163 329
164 331
165 333
166 335
167 337
168 339
169 341
170 343
171 345
172 347
173 349
174 351
175 353
176 355
177 357
178 359
179 361
180 363
181 365
182 367
183 369
184 371
185 373
186 375
187 377
188 379
189 381
190 383
191 385
192 387
193 389
194 391
195 393
196 395
197 397
198 399
199 401
200 403
201 405
202 407
203 409
204 411
205 413
206 415
207 417
208 419
209 421
210 423
211 425
212 427
213 429
214 431
215 433
216 435
217 437
218 439
219 441
220 443
221 445
222 447
223 449
224 451
225 453
226 455
227 457
228 459
229 461
230 463
231 465
232 467
233 469
234 471
235 473
236 475
237 477
238 479
239 481
240 483
241 485
242 487
243 489
244 491
245 493
246 495
247 497
1000 0
0 1000
1000 1000
