499 5
0 7
1 8
2 9
3 10
4 11
5 12
6 13
7 14
8 15
9 16
10 17
11 18
12 19
13 20
14 21
15 22
16 23
17 24
18 25
19 26
20 27
21 28
22 29
23 30
24 31
25 32
26 33
27 34
28 35
29 36
30 37
31 38
32 39
33 40
34 41
35 42
36 43
37 44
38 45
39 46
40 47
41 48
42 49
43 50
44 51
45 52
46 53
47 54
48 55
49 56
50 57
51 58
52 59
53 60
54 61
55 62
56 63
57 64
58 65
59 66
60 67
61 68
62 69
63 70
64 71
65 72
66 73
67 74
68 75
69 76
70 77
71 78
72 79
73 80
74 81
75 82
76 83
77 84
78 85
79 86
80 87
81 88
82 89
83 90
84 91
85 92
86 93
87 94
88 95
89 96
90 97
91 98
92 99
93 100
94 101
95 102
96 103
97 104
98 105
99 106
100 107
101 108
102 109
103 110
104 111
105 112
106 113
107 114
108 115
109 116
110 117
111 118
112 119
113 120
114 121
115 122
116 123
117 124
118 125
119 126
120 127
121 128
122 129
123 130
1 5
2 6
3 7
4 8
5 9
6 10
7 11
8 12
9 13
10 14
11 15
12 16
13 17
14 18
15 19
16 20
17 21
18 22
19 23
20 24
21 25
22 26
23 27
24 28
25 29
26 30
27 31
28 32
29 33
30 34
31 35
32 36
33 37
34 38
35 39
36 40
37 41
38 42
39 43
40 44
41 45
42 46
43 47
44 48
45 49
46 50
47 51
48 52
49 53
50 54
51 55
52 56
53 57
54 58
55 59
56 60
57 61
58 62
59 63
60 64
61 65
62 66
63 67
64 68
65 69
66 70
67 71
68 72
69 73
70 74
71 75
72 76
73 77
74 78
75 79
76 80
77 81
78 82
79 83
80 84
81 85
82 86
83 87
84 88
85 89
86 90
87 91
88 92
89 93
90 94
91 95
92 96
93 97
94 98
95 99
96 100
97 101
98 102
99 103
100 104
101 105
102 106
103 107
104 108
105 109
106 110
107 111
108 112
109 113
110 114
111 115
112 116
113 117
114 118
115 119
116 120
117 121
118 122
119 123
120 124
121 125
122 126
123 127
124 128
0 1
1 2
2 3
3 4
4 5
5 6
6 7
7 8
8 9
9 10
10 11
11 12
12 13
13 14
14 15
15 16
16 17
17 18
18 19
19 20
20 21
21 22
22 23
23 24
24 25
25 26
26 27
27 28
28 29
29 30
30 31
31 32
32 33
33 34
34 35
35 36
36 37
37 38
38 39
39 40
40 41
41 42
42 43
43 44
44 45
45 46
46 47
47 48
48 49
49 50
50 51
51 52
52 53
53 54
54 55
55 56
56 57
57 58
58 59
59 60
60 61
61 62
62 63
63 64
64 65
65 66
66 67
67 68
68 69
69 70
70 71
71 72
72 73
73 74
74 75
75 76
76 77
77 78
78 79
79 80
80 81
81 82
82 83
83 84
84 85
85 86
86 87
87 88
88 89
89 90
90 91
91 92
92 93
93 94
94 95
95 96
96 97
97 98
98 99
99 100
100 101
101 102
102 103
103 104
104 105
105 106
106 107
107 108
108 109
109 110
110 111
111 112
112 113
113 114
114 115
115 116
116 117
117 118
118 119
119 120
120 121
121 122
122 123
123 124
3 0
4 1
5 2
6 3
7 4
8 5
9 6
10 7
11 8
12 9
13 10
14 11
15 12
16 13
17 14
18 15
19 16
20 17
21 18
22 19
23 20
24 21
25 22
26 23
27 24
28 25
29 26
30 27
31 28
32 29
33 30
34 31
35 32
36 33
37 34
38 35
39 36
40 37
41 38
42 39
43 40
44 41
45 42
46 43
47 44
48 45
49 46
50 47
51 48
52 49
53 50
54 51
55 52
56 53
57 54
58 55
59 56
60 57
61 58
62 59
63 60
64 61
65 62
66 63
67 64
68 65
69 66
70 67
71 68
72 69
73 70
74 71
75 72
76 73
77 74
78 75
79 76
80 77
81 78
82 79
83 80
84 81
85 82
86 83
87 84
88 85
89 86
90 87
91 88
92 89
93 90
94 91
95 92
96 93
97 94
98 95
99 96
100 97
101 98
102 99
103 100
104 101
105 102
106 103
107 104
108 105
109 106
110 107
111 108
112 109
113 110
114 111
115 112
116 113
117 114
118 115
119 116
120 117
121 118
122 119
123 120
124 121
125 122
126 123
1000 0
0 1000
1000 1000
