145 1000
158 621
158 900
158 840
158 702
158 763
159 565
159 700
159 470
159 979
159 170
160 18
160 942
160 298
160 59
160 57
161 418
161 112
161 74
161 243
161 407
162 696
162 430
162 902
162 876
162 730
163 314
163 157
163 875
163 363
163 238
164 140
164 278
164 897
164 313
164 561
165 569
165 313
165 663
165 242
165 225
166 44
166 558
166 257
166 943
166 866
167 67
167 278
167 690
167 793
167 100
168 11
168 196
168 650
168 155
168 916
169 954
169 843
169 693
169 357
169 24
170 354
170 923
170 85
170 7
170 455
171 625
171 84
171 579
171 174
171 250
172 76
172 634
172 850
172 976
172 368
173 800
173 280
173 88
173 186
173 936
174 994
174 632
174 653
174 703
174 217
175 266
175 769
175 884
175 96
175 358
176 772
176 831
176 232
176 902
176 332
177 551
177 46
177 30
177 331
177 313
178 855
178 851
178 142
178 925
178 121
179 170
179 517
179 684
179 523
179 434
180 459
180 538
180 789
180 670
180 129
181 805
181 934
181 212
181 542
181 882
182 268
182 808
182 843
182 277
182 77
183 610
183 437
183 728
183 300
183 324
184 982
184 596
184 641
184 44
184 649
185 847
185 65
185 379
185 642
185 590
186 718
186 409
186 621
186 517
186 928
