993 1000
604 713
604 543
604 355
604 806
604 41
605 194
605 766
605 228
605 192
605 651
606 458
606 504
606 92
606 357
606 296
607 261
607 745
607 201
607 414
607 656
608 822
608 801
608 644
608 245
608 118
609 261
609 736
609 582
609 566
609 372
610 238
610 576
610 993
610 169
610 707
611 519
611 159
611 349
611 267
611 247
612 896
612 900
612 394
612 379
612 823
613 691
613 507
613 509
613 368
613 768
614 184
614 683
614 868
614 237
614 306
615 468
615 195
615 284
615 536
615 778
616 140
616 567
616 8
616 606
616 388
617 353
617 784
617 360
617 718
618 408
618 421
618 317
618 528
618 49
619 663
619 15
619 439
619 8
619 5
620 40
620 819
620 209
620 319
620 592
621 14
621 569
621 352
621 811
621 650
622 732
622 370
622 637
622 831
622 483
623 342
623 482
623 787
623 279
623 856
624 398
624 499
624 92
624 795
624 81
625 547
625 450
625 88
625 47
625 867
626 281
626 734
626 649
626 28
626 440
627 215
627 694
627 396
627 622
627 504
628 397
628 79
628 662
628 540
628 869
629 432
629 714
629 952
629 740
629 990
630 15
630 926
630 54
630 992
630 561
631 706
631 922
631 213
631 35
631 573
632 249
632 41
632 119
632 373
632 204
633 909
633 743
633 704
633 646
633 929
634 939
634 47
634 583
634 765
634 704
635 750
635 950
635 140
635 980
635 162
636 825
636 300
636 998
636 666
636 713
637 113
637 757
637 213
637 660
637 535
638 630
638 814
638 829
638 433
638 344
639 171
639 698
639 910
639 502
639 648
640 788
640 536
640 894
640 742
641 11
641 390
641 236
641 690
641 227
642 789
642 410
642 48
642 259
642 236
643 534
643 719
643 771
643 502
643 773
644 460
644 37
644 539
644 962
644 53
645 828
645 414
645 146
645 573
645 360
646 515
646 31
646 70
646 359
646 104
647 872
647 174
647 393
647 281
647 0
648 472
648 557
648 406
648 87
648 201
649 273
649 561
649 727
649 659
649 546
650 236
650 169
650 751
650 614
650 587
651 836
651 90
651 656
651 799
651 326
652 939
652 197
652 840
652 450
652 612
653 411
653 456
653 37
653 887
653 512
654 807
654 433
654 868
654 896
654 776
655 431
655 323
655 657
655 957
655 392
656 989
656 464
656 325
656 801
656 85
657 478
657 304
657 557
657 466
657 266
658 585
658 417
658 947
658 181
658 305
659 78
659 791
659 764
659 18
659 257
660 734
660 209
660 668
660 568
660 323
661 945
661 546
661 810
661 24
661 178
662 172
662 474
662 767
662 253
662 792
663 187
663 438
663 701
663 622
663 184
664 2
664 441
664 982
664 997
664 282
665 300
665 56
665 501
665 382
665 704
666 196
666 888
666 674
666 774
666 421
667 626
667 146
667 284
667 724
667 244
668 797
668 259
668 972
668 730
668 915
669 904
669 566
669 162
669 814
669 929
670 460
670 484
670 836
670 393
670 243
671 937
671 874
671 597
671 198
671 15
672 941
672 138
672 373
672 958
672 27
673 673
673 102
673 382
673 373
673 459
674 52
674 508
674 528
674 982
674 146
675 645
675 360
675 505
675 368
675 439
676 781
676 354
676 500
676 439
676 583
677 974
677 834
677 964
677 552
677 145
678 238
678 178
678 410
678 324
678 975
679 815
679 44
679 734
679 696
680 918
680 99
680 714
680 449
680 19
681 206
681 150
681 843
681 739
681 624
682 855
682 611
682 85
682 720
682 441
683 78
683 889
683 444
683 384
683 870
684 901
684 696
684 517
684 49
684 82
685 907
685 696
685 443
685 555
685 197
686 890
686 877
686 232
686 693
686 123
687 202
687 952
687 859
687 183
687 967
688 125
688 322
688 513
688 84
688 195
689 402
689 435
689 259
689 835
689 631
690 474
690 460
690 33
690 203
690 631
691 758
691 942
691 671
691 937
691 145
692 783
692 754
692 903
692 873
692 810
693 267
693 468
693 900
693 842
693 241
694 443
694 346
694 491
694 393
694 295
695 497
695 501
695 337
695 730
695 584
696 94
696 441
696 341
696 415
696 970
697 27
697 354
697 103
697 848
697 219
698 660
698 746
698 267
698 847
698 804
699 723
699 700
699 669
699 5
699 462
700 731
700 411
700 26
700 59
700 459
701 215
701 979
701 243
701 845
701 20
702 176
702 388
702 402
702 418
702 311
703 597
703 711
703 231
703 428
703 36
704 246
704 675
704 336
704 840
704 72
705 754
705 586
705 563
705 598
705 435
706 731
706 404
706 921
706 765
706 940
707 452
707 909
707 336
707 253
707 730
708 933
708 552
708 641
708 318
708 766
709 755
709 356
709 18
709 663
710 314
710 877
710 962
710 748
710 731
711 101
711 518
711 898
711 905
711 392
712 13
712 93
712 265
712 277
712 159
713 381
713 937
713 347
713 186
713 297
714 853
714 135
714 419
714 649
714 948
715 317
715 385
715 712
715 628
715 471
716 649
716 206
716 545
716 621
716 921
717 916
717 67
717 571
717 566
717 707
718 896
718 964
718 210
718 707
718 520
719 853
719 842
719 456
719 496
719 622
720 709
720 715
720 183
720 788
720 322
721 28
721 375
721 11
721 41
721 898
722 931
722 897
722 714
722 626
722 265
723 64
723 34
723 865
723 434
723 843
724 618
724 240
724 451
724 202
724 221
725 874
725 26
725 551
725 399
725 220
726 869
726 591
726 663
726 853
726 394
727 94
727 20
727 489
727 958
727 738
728 400
728 514
728 799
728 354
728 805
729 898
729 431
729 919
729 50
729 444
730 644
730 650
730 722
730 792
730 170
731 961
731 530
731 276
731 103
731 429
732 100
732 134
732 212
732 752
732 542
733 112
733 503
733 426
733 940
733 583
734 6
734 47
734 470
734 814
734 672
735 885
735 199
735 356
735 393
735 71
736 750
736 984
736 964
736 733
736 388
737 839
737 553
737 848
737 726
737 556
738 901
738 27
738 354
738 144
738 568
739 554
739 499
739 462
739 204
740 560
740 72
740 210
740 391
740 979
741 227
741 88
741 267
741 749
741 233
742 941
742 544
742 8
742 308
742 860
743 703
743 768
743 479
743 388
743 17
744 613
744 971
744 313
744 259
744 754
745 134
745 461
745 874
745 879
745 987
746 624
746 925
746 218
746 336
746 438
747 545
747 586
747 762
747 247
747 7
748 873
748 59
748 902
748 981
748 546
749 321
749 115
749 834
749 445
749 169
750 530
750 583
750 605
750 505
750 500
751 641
751 515
751 738
751 919
751 717
752 100
752 693
752 816
752 654
752 352
753 869
753 104
753 797
753 510
753 764
754 580
754 294
754 336
754 84
754 438
755 553
755 45
755 556
755 377
755 782
756 943
756 42
756 222
756 208
756 255
757 361
757 782
757 275
757 457
757 296
758 434
758 156
758 424
758 377
758 397
759 408
759 735
759 447
759 173
760 307
760 976
760 908
760 1
760 474
761 699
761 255
761 482
761 782
761 281
762 300
762 601
762 452
762 108
762 689
763 611
763 253
763 440
763 145
763 869
764 228
764 941
764 527
764 359
764 916
765 593
765 909
765 869
765 920
765 245
766 366
766 919
766 332
766 708
766 677
767 275
767 760
767 581
767 216
767 823
768 679
768 618
768 934
768 646
768 666
769 660
769 387
769 131
769 892
769 94
770 400
770 882
770 568
770 824
770 683
771 422
771 147
771 804
771 203
771 541
772 528
772 390
772 388
772 366
772 901
773 833
773 613
773 400
773 581
773 737
774 486
774 48
774 605
774 175
774 287
775 764
775 629
775 210
775 428
775 639
776 417
776 467
776 387
776 719
776 436
777 476
777 907
777 372
777 668
777 591
778 985
778 454
778 221
778 518
778 303
779 287
779 149
779 618
779 366
779 392
780 607
780 812
780 119
780 519
780 368
781 637
781 286
781 815
781 624
781 62
782 598
782 344
782 432
782 356
782 738
783 14
783 981
783 789
783 965
783 229
784 619
784 249
784 213
784 356
784 170
785 931
785 834
785 459
785 207
785 151
786 233
786 27
786 480
786 405
786 855
787 488
787 369
787 610
787 653
787 567
788 481
788 474
788 452
788 461
788 630
789 342
789 328
789 800
789 88
789 257
790 289
790 949
790 550
790 534
790 208
791 447
791 438
791 890
791 871
791 536
792 468
792 939
792 40
792 787
792 981
793 960
793 989
793 661
793 659
793 190
794 662
794 317
794 989
794 96
794 172
795 993
795 280
795 387
795 638
795 740
796 653
796 848
796 972
796 141
796 969
797 968
797 468
797 380
797 534
797 734
798 72
798 143
798 469
798 507
799 87
799 288
799 511
799 763
799 624
800 22
800 919
800 435
800 162
800 913
801 826
801 856
801 918
801 29
801 758
802 569
802 913
802 86
802 515
802 854
803 480
803 634
803 339
803 579
803 981
