274 1000
454 331
454 490
454 211
454 705
454 270
455 781
455 984
455 542
455 734
455 438
456 476
456 818
456 398
456 135
456 733
457 683
457 13
457 691
457 254
457 233
458 99
458 177
458 749
458 769
458 875
459 857
459 231
459 229
459 396
459 144
460 63
460 300
460 537
460 914
460 946
461 215
461 672
461 842
461 377
461 438
462 804
462 318
462 600
462 321
462 597
463 6
463 790
463 199
463 384
463 615
464 977
464 538
464 795
464 907
464 505
465 354
465 76
465 525
465 433
465 269
466 536
466 57
466 487
466 674
466 133
467 515
467 500
467 255
467 217
467 420
468 129
468 149
468 898
468 351
468 98
469 555
469 773
469 584
469 769
469 776
470 978
470 270
470 245
470 992
470 816
471 465
471 527
471 356
471 226
471 175
472 788
472 245
472 56
472 502
473 914
473 696
473 257
473 540
473 996
474 527
474 47
474 509
474 820
474 40
475 315
475 553
475 618
475 683
475 258
476 802
476 227
476 57
476 632
476 691
477 432
477 724
477 842
477 777
477 488
478 438
478 560
478 689
478 444
478 208
479 46
479 188
479 707
479 273
479 113
480 20
480 258
480 294
480 878
480 503
481 277
481 729
481 256
481 47
481 212
482 387
482 221
482 332
482 374
482 740
483 138
483 275
483 306
483 290
483 558
484 98
484 467
484 643
484 115
484 45
485 299
485 283
485 368
485 378
485 397
486 384
486 634
486 459
486 507
486 125
487 132
487 144
487 852
487 215
487 977
488 759
488 842
488 985
488 227
488 362
489 431
489 524
489 826
489 364
489 839
490 397
490 524
490 916
490 478
490 729
491 319
491 333
491 732
491 656
491 452
492 538
492 617
492 281
492 443
492 706
493 808
493 403
493 862
493 703
493 526
494 525
494 386
494 538
494 121
494 598
495 486
495 387
495 101
495 911
495 481
496 395
496 998
496 423
496 661
496 156
497 172
497 522
497 256
497 353
497 725
498 664
498 859
498 409
498 207
498 211
499 380
499 917
499 156
499 765
499 203
500 447
500 346
500 908
500 151
500 388
501 935
501 10
501 645
501 623
501 813
502 52
502 481
502 342
502 167
502 6
503 331
503 379
503 72
503 767
503 854
504 796
504 632
504 793
504 379
504 958
505 817
505 375
505 278
505 536
505 702
506 7
506 843
506 998
506 887
506 22
507 116
507 453
507 696
507 962
507 404
508 956
508 993
508 259
508 354
508 31
