1923 1000
1 0 1
16 527 1
21 490 0
24 489 1
30 305 1
32 492 1
35 832 0
47 619 0
61 293 0
63 735 0
79 453 0
91 550 1
104 693 1
120 904 1
132 354 1
146 669 1
158 282 0
166 672 0
184 58 1
188 751 1
207 329 1
218 844 0
225 50 0
230 671 0
236 906 1
247 366 0
249 418 0
259 636 0
274 775 0
281 384 1
290 961 1
297 335 1
316 135 0
326 558 1
342 644 0
347 940 1
354 705 0
356 774 0
369 277 1
387 589 1
400 11 0
402 655 1
410 679 0
422 65 0
433 958 0
440 434 1
452 26 1
470 300 1
474 960 1
484 768 1
493 429 0
500 44 1
509 901 1
512 657 0
532 652 1
541 490 1
543 606 0
555 867 0
556 601 1
565 223 0
570 290 0
584 2 0
603 907 0
611 468 0
625 673 1
633 424 0
651 836 0
661 624 1
673 621 1
693 588 0
697 231 0
702 642 1
705 199 1
719 358 1
727 344 1
736 226 0
755 601 0
774 297 1
793 38 1
806 646 0
819 45 1
830 687 0
842 835 0
859 523 0
874 297 1
883 669 0
890 894 1
900 163 0
917 903 0
920 670 1
940 561 0
953 414 1
966 603 0
970 896 1
979 415 1
995 440 0
1001 207 1
1010 458 1
1028 842 0
1038 157 1
1048 996 1
1057 721 1
1073 438 1
1075 522 1
1076 740 1
1096 436 1
1113 704 1
1123 455 0
1133 194 1
1151 437 0
1157 513 0
1173 760 0
1175 348 1
1182 276 1
1198 217 1
1211 819 0
1217 318 0
1219 578 0
1222 482 0
1239 243 1
1241 541 0
1255 477 0
1275 319 1
1289 45 0
1300 750 1
1307 322 0
1310 171 0
1318 915 0
1330 213 1
1348 419 0
1353 364 0
1366 180 1
1377 495 1
1396 186 1
1407 765 0
1420 999 0
1421 243 1
1424 104 1
1430 545 0
1434 3 1
1436 35 0
1442 621 1
1454 501 0
1457 318 0
1458 207 0
1472 6 0
1483 236 1
1495 786 0
1503 293 0
1504 708 1
1509 48 1
1526 716 0
1529 389 0
1548 616 1
1553 20 0
1573 176 0
1581 92 0
1592 762 0
1608 586 1
1612 781 0
1622 890 0
1628 491 1
1643 628 1
1653 960 1
1654 909 0
1658 621 1
1660 206 1
1665 269 0
1682 36 0
1694 802 1
1702 175 0
1713 939 0
1717 945 1
1720 843 0
1734 977 0
1740 21 1
1741 85 1
1745 773 1
1750 484 0
1764 902 1
1775 475 0
1789 412 1
1790 143 0
1806 389 0
1817 842 1
1834 240 0
1852 535 1
1870 295 1
1872 909 0
1890 123 1
1907 597 1
1911 154 1
1917 566 0
1934 885 1
1937 588 0
1952 989 1
1962 555 1
1970 486 1
1986 78 0
2002 951 1
2005 778 1
2007 196 1
2013 225 0
2020 966 1
2024 874 0
2044 724 1
2059 639 0
2076 995 0
2082 969 0
2084 301 1
2086 875 1
2089 474 1
2107 445 0
2120 462 0
2134 51 1
2150 93 0
2161 19 0
2174 726 1
2186 61 0
2192 110 1
2202 17 1
2216 334 1
2217 67 0
2233 768 0
2239 290 1
2243 833 1
2252 322 1
2262 586 1
2270 474 1
2280 272 1
2295 622 1
2311 692 1
2324 850 1
2337 775 0
2346 56 0
2362 805 0
2373 294 1
2378 504 1
2382 712 1
2393 194 1
2394 177 0
2414 934 1
2419 850 0
2430 231 1
2450 304 0
2469 259 0
2478 974 0
2492 87 1
2505 564 0
2515 278 1
2521 318 0
2527 559 1
2536 347 0
2538 352 0
2551 180 1
2562 793 1
2566 438 1
2567 996 1
2573 29 1
2581 91 1
2599 432 1
2609 686 0
2612 609 0
2614 760 0
2623 161 0
2633 856 0
2634 749 1
2651 804 1
2658 201 0
2672 655 0
2681 943 1
2699 791 0
2715 342 0
2727 47 1
2729 572 0
2734 525 0
2737 84 1
2740 228 0
2753 447 0
2767 454 0
2773 647 0
2789 124 1
2806 751 1
2821 1 0
2834 960 0
2837 357 1
2849 249 1
2855 14 1
2862 710 0
2865 656 1
2879 438 0
2888 270 1
2903 320 0
2907 271 0
2912 330 1
2922 53 0
2923 340 0
2934 180 1
2939 915 0
2943 936 0
2945 518 0
2948 667 0
2949 408 1
2961 389 0
2981 28 1
2993 34 1
2995 531 0
3001 339 0
3011 735 0
3029 417 1
3044 521 1
3064 500 1
3074 962 1
3093 715 1
3098 133 1
3114 823 0
3134 243 0
3137 956 1
3148 509 0
3149 845 1
3151 134 1
3162 924 1
3171 2 0
3188 718 1
3197 954 0
3201 385 0
3206 803 0
3218 887 0
3230 345 1
3244 310 0
3250 686 1
3261 601 1
3275 691 0
3292 262 1
3301 706 0
3303 414 0
3320 524 0
3327 117 1
3332 342 0
3334 674 1
3339 339 1
3342 903 0
3344 778 0
3348 559 0
3357 328 0
3365 332 1
3378 158 0
3393 836 0
3410 303 1
3427 182 0
3433 723 0
3445 726 1
3460 456 0
3463 734 1
3476 295 1
3495 450 0
3502 677 0
3509 218 0
3523 171 0
3530 411 1
3536 658 0
3539 838 0
3550 322 0
3569 820 0
3578 896 0
3594 580 0
3602 359 1
3621 917 0
3633 843 0
3643 942 0
3653 545 0
3654 163 0
3670 696 0
3672 786 0
3679 723 0
3688 589 0
3692 91 1
3694 476 1
3703 248 0
3709 474 1
3712 176 0
3722 487 0
3726 379 1
3732 921 1
3749 356 0
3763 644 0
3768 623 1
3784 508 1
3789 354 1
3794 980 0
3803 301 1
3816 392 0
3831 886 0
3848 580 1
3849 204 1
3853 644 1
3863 428 1
3869 593 0
3880 617 1
3885 176 1
3900 523 0
3916 583 1
3918 204 0
3937 58 0
3944 539 0
3959 788 0
3972 187 1
3988 770 0
3993 917 1
3994 475 0
3996 149 1
4014 799 1
4030 622 0
4034 755 1
4047 684 1
4056 918 0
4064 433 1
4073 241 1
4088 210 0
4108 959 1
4115 175 0
4123 710 1
4136 587 0
4144 27 1
4147 361 0
4151 975 1
4154 41 0
4155 143 0
4172 510 1
4177 493 1
4187 655 0
4205 691 0
4217 229 1
4226 735 0
4238 708 0
4242 39 0
4248 518 1
4267 262 1
4281 524 0
4290 114 0
4300 204 0
4310 682 1
4318 731 1
4333 498 0
4344 926 0
4362 891 0
4365 379 1
4376 832 1
4380 212 1
4390 330 0
4401 211 0
4408 497 0
4417 657 0
4431 870 1
4438 745 0
4451 136 0
4453 739 1
4461 890 0
4463 267 0
4478 617 0
4480 90 0
4488 299 1
4504 372 1
4511 388 1
4512 344 0
4521 522 1
4522 773 1
4533 611 1
4546 15 0
4559 381 0
4574 615 0
4582 450 1
4591 268 1
4595 677 1
4597 190 0
4610 679 1
4622 499 1
4634 228 0
4645 723 1
4646 601 1
4651 344 1
4671 548 1
4690 500 1
4703 37 0
4718 842 1
4724 548 0
4730 820 0
4741 563 0
4761 3 1
4775 214 0
4793 840 0
4804 589 0
4824 439 1
4844 453 0
4857 391 0
4865 219 1
4869 386 1
4886 87 0
4898 39 1
4915 903 1
4919 730 0
4932 744 0
4946 865 0
4947 636 0
4967 157 0
4986 60 1
4991 248 1
4998 679 1
5001 275 1
5020 118 1
5036 304 0
5055 189 1
5074 605 0
5082 753 1
5098 681 0
5112 920 0
5118 97 0
5131 255 1
5146 179 1
5158 979 0
5167 657 0
5172 463 1
5190 644 0
5205 807 1
5218 155 1
5230 825 1
5248 661 0
5265 560 1
5272 191 1
5276 403 0
5294 69 1
5308 271 0
5327 895 0
5339 979 1
5350 6 1
5361 156 1
5367 237 0
5375 460 0
5383 551 0
5394 659 1
5402 712 1
5404 545 1
5412 233 0
5429 785 1
5432 694 0
5448 31 0
5449 283 1
5458 516 1
5470 112 1
5488 129 0
5490 314 1
5492 480 1
5497 337 1
5514 776 1
5533 87 1
5536 646 1
5545 162 0
5553 709 0
5572 457 1
5574 214 1
5578 722 1
5580 269 1
5595 552 1
5597 292 1
5608 662 1
5621 532 1
5634 490 1
5642 917 1
5648 405 0
5658 330 1
5670 668 1
5677 605 0
5684 199 0
5701 714 0
5716 545 0
5726 3 1
5745 639 1
5752 688 0
5759 954 1
5778 415 1
5784 501 1
5785 731 1
5799 443 1
5818 584 1
5826 396 0
5833 522 0
5841 103 1
5854 302 0
5868 905 1
5880 622 1
5887 776 0
5901 6 0
5919 69 0
5935 303 1
5937 107 0
5945 772 1
5963 511 0
5971 681 1
5976 100 1
5982 252 0
5984 877 0
6001 347 1
6002 97 0
6014 727 0
6026 244 1
6035 58 1
6049 803 1
6069 680 0
6085 390 0
6086 862 0
6103 474 1
6115 833 1
6132 608 0
6138 451 1
6141 908 0
6142 838 1
6145 519 0
6146 89 0
6160 748 0
6175 798 1
6176 359 0
6177 708 1
6184 146 0
6186 186 1
6203 242 1
6216 155 1
6219 69 0
6221 940 0
6230 45 0
6248 724 0
6259 339 1
6269 917 1
6270 2 1
6276 816 1
6278 656 1
6292 62 1
6295 280 1
6296 830 0
6301 95 1
6314 883 1
6325 21 1
6340 509 0
6357 345 0
6377 15 0
6388 301 1
6390 499 1
6400 979 0
6420 12 0
6436 511 0
6450 91 1
6470 10 0
6473 984 1
6479 819 1
6489 138 1
6507 12 1
6525 233 0
6530 380 1
6539 294 1
6543 504 0
6545 252 1
6558 791 1
6560 386 1
6566 439 1
6577 496 1
6580 844 1
6596 64 1
6615 295 0
6624 667 0
6632 270 0
6637 313 1
6652 629 1
6658 99 0
6660 333 1
6664 615 0
6671 992 1
6677 625 0
6687 366 1
6703 712 1
6714 248 0
6732 499 0
6745 304 1
6760 571 0
6767 193 1
6770 134 1
6783 709 1
6803 302 1
6820 150 0
6838 47 1
6856 748 1
6873 818 0
6875 802 0
6892 585 1
6900 206 0
6920 817 0
6922 355 1
6933 997 0
6945 202 1
6956 243 1
6970 81 1
6974 33 0
6994 697 1
7003 13 1
7023 545 1
7037 842 0
7056 853 1
7076 987 1
7080 970 0
7084 357 0
7092 523 1
7100 355 1
7118 432 0
7135 722 0
7151 156 0
7169 394 0
7179 732 0
7183 743 1
7190 377 0
7199 819 1
7207 458 1
7217 553 1
7225 533 1
7245 49 0
7249 79 1
7260 645 0
7268 465 1
7280 992 1
7296 567 1
7312 53 1
7316 392 1
7327 332 0
7339 413 1
7355 667 1
7356 972 0
7362 260 1
7376 501 1
7387 251 0
7399 631 0
7418 663 0
7426 355 0
7446 328 1
7457 13 0
7460 912 1
7469 374 0
7484 723 0
7503 47 1
7505 849 1
7511 385 1
7516 736 1
7522 94 0
7525 736 0
7535 160 1
7548 107 1
7559 247 0
7569 133 1
7573 572 1
7584 761 1
7596 875 0
7615 111 0
7635 82 1
7638 120 1
7653 860 0
7654 933 0
7666 609 1
7683 906 0
7684 630 0
7703 212 1
7721 886 0
7724 291 0
7735 42 1
7737 699 0
7755 749 0
7774 279 1
7780 400 0
7800 98 1
7811 42 1
7821 176 0
7834 884 1
7850 454 1
7861 637 1
7873 262 1
7877 857 1
7895 917 0
7910 7 0
7914 479 0
7917 330 1
7929 442 0
7947 647 1
7954 888 1
7974 264 0
7986 798 1
7987 227 1
7991 280 0
7993 176 1
8001 275 1
8021 517 1
8040 711 0
8042 131 1
8043 847 1
8046 413 0
8065 948 1
8080 587 1
8097 181 0
8116 678 0
8133 577 1
8145 777 0
8164 449 1
8170 727 1
8185 772 1
8194 301 0
8208 946 1
8212 694 1
8227 693 1
8246 990 0
8266 659 1
8278 670 1
8297 475 0
8317 144 1
8329 173 1
8344 395 1
8361 405 0
8368 984 0
8372 703 0
8380 59 1
8391 842 0
8402 433 1
8407 610 0
8423 507 0
8433 868 1
8443 459 0
8462 374 1
8469 115 1
8476 439 0
8487 691 1
8489 17 1
8499 196 1
8505 414 0
8512 760 1
8521 528 1
8524 451 1
8537 833 1
8546 653 1
8565 894 1
8571 292 1
8590 827 1
8591 940 1
8606 279 1
8623 351 1
8641 320 0
8652 377 1
8653 946 1
8656 827 0
8670 717 1
8689 915 0
8707 701 1
8715 957 1
8727 140 1
8746 850 1
8761 217 1
8774 676 0
8787 787 0
8806 924 0
8815 223 1
8821 155 1
8840 401 1
8857 506 1
8876 740 0
8880 679 1
8885 8 0
8887 891 0
8896 121 0
8913 153 1
8927 306 0
8947 822 0
8951 686 1
8971 887 1
8983 290 1
8999 81 1
9001 720 1
9018 972 1
9019 466 1
9021 841 0
9029 810 0
9034 287 1
9040 54 0
9043 662 0
9053 893 1
9059 430 0
9073 129 0
9079 773 1
9097 798 0
9108 844 1
9110 104 0
9121 563 0
9128 51 1
9133 620 0
9148 699 0
9156 506 0
9163 112 0
9164 830 0
9175 999 1
9192 834 0
9211 841 1
9231 103 0
9239 557 0
9241 815 0
9244 338 0
9251 64 1
9265 726 1
9279 707 0
9285 153 0
9286 184 0
9290 588 1
9304 77 1
9319 436 0
9321 38 1
9341 268 0
9352 151 1
9360 602 1
9362 504 0
9364 792 1
9377 870 0
9391 481 0
9408 557 1
9415 679 1
9424 533 1
9434 536 1
9442 920 1
9456 421 0
9476 492 1
9491 515 0
9495 277 1
9503 57 0
9515 183 0
9523 526 1
9533 490 0
9541 786 0
9552 765 0
9555 291 0
9569 730 1
9589 412 1
9599 43 1
9605 369 0
9618 158 0
9632 788 1
9644 745 1
9661 120 0
9662 67 1
9672 241 0
9675 37 1
9676 978 1
9687 736 1
9704 340 0
9722 336 0
9734 819 0
9749 885 1
9754 799 0
9767 122 1
9784 386 1
9802 793 1
9808 281 0
9813 591 1
9818 959 0
9827 170 0
9831 471 0
9838 851 1
9857 638 0
9869 836 1
9871 9 1
9882 527 1
9894 409 1
9912 320 0
9928 443 0
9936 36 1
9946 987 1
9950 596 0
9954 393 1
9957 236 1
9959 583 0
9966 691 1
9984 277 0
10003 699 1
10019 597 1
10037 407 1
10049 601 0
10060 689 0
10071 391 0
10078 626 1
10090 774 0
10101 737 1
10121 933 1
10141 501 0
10142 418 1
10161 851 1
10168 879 0
10181 187 0
10196 360 0
10206 482 0
10226 264 1
10235 383 1
10241 273 1
10243 883 0
10246 185 0
10265 991 1
10273 545 1
10277 558 1
10284 652 1
10302 320 0
10316 154 0
10330 861 1
10337 974 0
10352 950 0
10365 104 1
10381 839 0
10394 258 0
10408 322 0
10418 634 1
10425 776 0
10428 598 0
10442 299 0
10457 540 1
10472 714 1
10484 932 1
10489 230 1
10492 396 0
10502 50 0
10507 534 0
10523 129 1
10524 864 1
10542 841 0
10545 116 0
10564 498 0
10580 447 1
10596 541 1
10599 930 1
10611 228 0
10612 266 1
10614 806 0
10618 32 1
10630 280 0
10646 646 0
10661 59 0
10676 263 1
10682 809 0
10685 78 1
10693 489 1
10702 586 0
10713 210 1
10727 124 0
10732 364 1
10737 70 0
10744 750 1
10748 857 1
10749 715 0
10769 365 0
10779 90 0
10793 5 1
10800 687 1
10818 406 1
10831 725 0
10840 354 1
10849 420 1
10858 931 1
10872 673 1
10875 628 0
10892 733 1
10896 790 1
10910 837 0
10929 178 0
10943 305 0
10952 19 1
10958 349 1
10971 273 0
10984 991 1
10991 646 0
11003 557 1
11007 778 1
11023 201 1
11026 30 1
11041 527 1
11052 176 0
11071 948 0
11083 458 0
11091 752 0
11096 113 1
11101 123 0
11109 636 1
11116 719 1
11117 256 0
11137 588 0
11155 406 0
11156 827 1
11160 617 0
11176 833 0
11185 673 1
11204 327 1
11208 335 0
11226 415 1
11233 127 0
11237 554 1
11238 479 0
11246 899 0
11260 332 1
11275 928 0
11286 259 1
11293 549 1
11298 947 1
11302 607 1
11310 210 0
11330 52 1
11345 865 0
11353 654 0
11367 123 1
11371 947 1
11391 41 1
11400 998 0
11411 915 0
11426 647 1
11443 579 0
11450 78 0
11469 589 0
11475 305 0
11484 269 1
11504 12 0
11522 872 1
11530 423 0
11538 328 0
11556 203 0
11559 112 0
11568 668 0
11571 731 0
11590 635 1
11595 193 0
11615 163 0
11631 516 0
11643 539 0
11647 656 1
11658 943 1
11677 611 0
11684 301 0
11702 400 0
11711 48 0
11725 393 1
11735 894 1
11750 124 0
11754 507 1
11768 921 0
11779 311 0
11793 104 1
11808 324 1
11818 248 1
11832 254 1
11845 470 0
11855 112 1
11867 952 0
11879 381 1
11898 162 1
11901 257 0
11905 907 0
11915 168 1
11927 930 0
11938 100 0
11950 420 0
11964 666 0
11969 768 1
11975 593 1
11981 539 1
11989 633 0
12006 941 1
12022 113 0
12031 710 1
12043 502 0
12054 806 0
12067 117 0
12078 136 0
12088 680 0
12106 559 0
12117 95 0
12129 428 1
12131 436 1
12144 934 0
12153 513 1
12172 324 1
12177 58 0
12180 785 0
12182 609 0
12200 641 1
12208 562 0
12214 154 0
12221 724 1
12233 52 1
12245 414 0
12260 786 1
12277 444 1
12283 33 0
12301 354 0
12319 78 1
12326 412 1
12330 395 0
12338 582 0
12352 16 0
12362 521 1
12371 342 0
12391 1 1
12406 305 1
12412 512 0
12426 645 0
12430 367 1
12448 39 0
12453 707 1
12462 712 0
12471 644 0
12489 696 1
12491 899 1
12508 712 0
12516 28 0
12517 850 1
12533 923 1
12548 145 1
12562 907 0
12567 737 1
12577 743 0
12582 820 0
12585 60 1
12588 498 0
12589 154 1
12607 834 0
12625 931 0
12637 220 1
12654 368 1
12665 900 1
12673 86 0
12679 6 1
12688 354 0
12697 825 0
12715 512 1
12729 803 1
12736 613 0
12751 495 1
12758 234 0
12778 194 0
12780 661 0
12794 754 0
12811 931 1
12822 100 0
12838 293 1
12845 346 0
12863 422 1
12873 3 0
12891 305 0
12902 296 1
12921 694 0
12931 33 1
12937 552 0
12954 501 0
12962 349 0
12967 711 1
12972 413 0
12983 516 1
12990 158 0
12996 517 0
13013 133 0
13031 701 1
13046 170 1
13057 862 0
13074 926 0
13082 709 0
13089 474 0
13109 430 1
13116 323 0
13123 285 0
13126 886 1
13139 682 0
13157 603 0
13170 155 1
13171 219 1
13188 80 1
13208 828 0
13221 980 0
13241 32 0
13249 8 1
13263 728 1
13266 356 0
13268 523 0
13278 380 0
13288 920 0
13307 207 1
13326 48 1
13343 496 1
13347 729 1
13361 393 0
13378 517 1
13388 519 1
13400 304 1
13405 66 0
13410 781 1
13425 762 1
13440 677 1
13443 566 0
13461 54 1
13473 139 0
13481 71 1
13486 241 1
13488 655 0
13503 388 1
13516 701 0
13533 143 1
13535 751 0
13551 997 0
13558 965 0
13565 597 0
13566 364 0
13583 53 1
13602 296 1
13608 208 1
13628 724 1
13645 945 0
13650 537 1
13653 674 1
13660 650 1
13667 148 1
13680 933 0
13694 206 1
13705 416 0
13711 999 0
13727 803 1
13740 885 0
13751 794 0
13762 306 1
13775 368 1
13792 391 0
13797 738 0
13808 111 0
13825 610 0
13843 212 0
13860 395 1
13862 616 0
13865 650 1
13884 771 1
13900 301 0
13908 438 1
13912 889 0
13926 401 0
13936 857 1
13954 152 1
13974 632 0
13987 161 1
13999 347 1
14013 922 0
14030 618 1
14040 267 0
14052 972 0
14055 187 1
14073 182 0
14076 519 0
14082 389 1
14089 554 1
14092 479 0
14097 281 1
14098 208 0
14101 721 1
14113 87 1
14119 206 0
14128 944 1
14137 348 0
14155 220 1
14168 72 0
14171 886 1
14191 901 0
14192 69 0
14205 917 1
14211 762 1
14219 213 0
14229 711 1
14238 225 1
14245 873 1
14252 145 1
14267 887 0
14274 149 1
14289 170 0
14308 328 1
14313 107 1
14331 971 1
14335 160 1
14355 757 1
14369 956 0
14382 924 1
14391 895 0
14404 209 1
14420 105 1
14421 995 0
14436 947 1
14447 458 1
14455 248 0
14466 657 1
14486 810 0
14500 681 1
14503 503 0
14505 923 1
14511 435 0
14518 800 1
14523 702 1
14524 486 0
14528 358 1
14537 159 1
14544 863 0
14561 322 1
14564 298 0
14567 695 1
14578 339 0
14594 332 0
14610 494 0
14612 204 0
14625 867 0
14631 200 0
14635 277 1
14647 31 0
14660 466 1
14669 38 0
14686 317 1
14690 209 1
14697 775 1
14715 397 0
14726 460 1
14736 394 0
14750 788 0
14752 817 0
14758 1 1
14772 966 1
14776 189 0
14785 88 0
14787 270 0
14804 696 1
14821 819 1
14840 203 0
14847 33 0
14855 134 0
14861 709 0
14881 575 1
14892 942 0
14912 92 0
14924 984 0
14936 893 1
14952 149 1
14968 816 0
14985 293 1
14992 988 1
14995 519 0
15012 201 1
15031 639 0
15037 697 0
15038 362 0
15053 31 0
15072 715 1
15083 279 1
15103 322 0
15121 430 1
15133 971 1
15142 582 0
15156 705 0
15164 81 0
15173 732 1
15180 717 1
15192 547 1
15204 596 0
15211 15 0
15220 222 1
15231 458 0
15250 426 1
15264 531 1
15272 91 1
15286 944 0
15294 449 1
15308 153 1
15324 243 0
15335 883 1
15352 858 1
15365 897 1
15372 801 1
15378 403 0
15386 289 1
15406 536 0
15422 570 0
15436 266 0
15456 371 0
15466 871 0
15486 260 1
15502 30 1
15511 892 0
15523 586 0
15539 874 0
15556 40 1
15562 728 1
15580 110 0
15599 186 0
15615 748 1
15627 533 0
15628 606 0
15637 521 0
15656 828 1
15658 145 0
15675 739 0
15688 200 1
15689 366 0
15697 104 1
15702 292 0
15709 415 1
15725 177 1
15738 246 1
15739 723 0
15748 725 1
15760 770 1
15769 139 1
15789 536 0
15805 346 0
15813 186 0
15814 752 0
15833 317 1
15838 984 0
15849 210 0
15869 332 0
15874 544 1
15884 839 1
15891 444 1
15901 641 1
15916 426 0
15933 693 0
15950 876 0
15957 165 1
15966 641 0
15969 103 1
15985 68 0
15988 626 0
15998 470 0
16011 57 0
16018 591 0
16034 422 1
16047 778 1
16065 867 0
16069 831 1
16072 122 1
16086 937 1
16100 73 1
16115 991 1
16118 222 1
16125 747 1
16134 940 0
16152 204 0
16167 923 0
16185 847 1
16196 920 1
16210 10 1
16213 925 0
16223 685 1
16238 451 0
16245 480 0
16258 373 1
16262 310 0
16276 465 1
16296 662 0
16316 972 1
16333 486 1
16346 995 0
16363 818 1
16379 231 0
16392 981 0
16402 645 0
16407 134 0
16414 992 1
16429 713 0
16448 685 0
16466 374 0
16471 654 0
16477 629 0
16482 181 1
16493 157 0
16509 832 1
16519 401 1
16522 94 0
16535 330 1
16537 59 1
16548 587 1
16557 162 0
16558 504 0
16559 475 0
16564 770 1
16575 703 0
16576 840 0
16583 502 1
16597 515 1
16614 349 1
16622 763 0
16628 66 0
16648 38 0
16665 452 0
16684 254 1
16694 745 0
16704 61 0
16712 569 1
16714 629 0
16721 228 1
16726 322 0
16730 379 0
16737 256 1
16750 33 1
16764 817 0
16782 611 0
16791 287 0
16797 291 0
16812 453 1
16815 572 1
16831 897 1
16836 755 0
16842 782 0
16850 226 1
16853 91 1
16869 607 1
16878 289 0
16889 820 0
16891 338 1
16898 34 1
16913 919 0
16931 23 0
16941 956 1
16947 376 0
16957 114 0
16968 150 1
16982 269 1
17000 180 1
17014 616 0
17031 859 0
17046 40 0
17060 967 0
17068 554 1
17073 280 0
17079 454 0
17087 274 0
17098 440 1
17099 752 0
17112 920 0
17122 342 1
17141 588 1
17157 366 0
17169 365 0
17187 437 1
17194 406 0
17213 59 1
17222 695 0
17224 970 0
17230 654 1
17248 846 0
17262 114 1
17276 798 1
17292 129 0
17294 583 1
17299 949 1
17311 861 0
17318 857 1
17319 792 1
17328 484 1
17329 170 0
17348 483 0
17355 774 1
17359 250 0
17376 476 1
17393 685 0
17413 949 0
17429 472 1
17431 224 1
17446 166 0
17461 815 1
17479 929 0
17495 756 0
17514 611 1
17528 290 1
17536 316 0
17547 551 1
17558 556 0
17576 226 1
17590 166 1
17602 645 1
17614 404 1
17626 56 0
17634 31 0
17651 647 1
17669 270 1
17673 957 1
17683 571 1
17699 104 1
17705 741 1
17710 108 1
17726 47 1
17732 177 1
17750 421 0
17755 793 0
17771 473 0
17775 41 0
17781 118 0
17800 371 0
17809 337 1
17827 944 0
17847 585 0
17858 438 0
17863 304 0
17866 929 0
17875 653 0
17892 384 0
17901 857 1
17914 971 0
17934 54 1
17951 122 1
17958 277 0
17964 929 0
17979 800 1
17989 542 1
18006 880 0
18008 64 1
18024 196 0
18044 95 0
18045 577 1
18062 312 0
18067 558 1
18073 648 1
18082 825 0
18089 86 1
18100 916 1
18120 223 0
18128 846 0
18147 178 0
18160 776 0
18178 554 1
18194 399 1
18204 132 1
18212 415 0
18221 83 1
18234 563 0
18243 81 0
18246 773 1
18248 515 1
18258 424 1
18270 596 1
18277 848 0
18294 966 1
18302 926 1
18309 152 0
18312 34 1
18323 630 1
18327 775 1
18340 950 1
18353 887 1
18355 969 0
18364 249 1
18369 717 1
18381 826 1
18386 392 0
18391 419 1
18405 208 0
18408 777 1
18427 592 0
18446 830 1
18448 223 0
18452 312 1
18459 533 1
18460 936 1
18472 700 0
18473 95 1
18483 437 0
18486 748 0
18502 455 0
18505 951 0
18521 972 1
18525 573 1
18533 949 1
18538 411 0
18547 202 0
18567 740 1
18568 463 0
18580 215 0
18583 465 0
18597 557 0
18601 837 1
18612 647 0
18615 781 0
18634 990 1
18636 378 0
18645 191 0
18662 742 0
18681 945 0
18694 878 1
18702 140 1
18712 260 0
18722 12 1
18738 143 0
18751 499 0
18755 167 0
18757 153 0
18770 394 0
18784 193 1
18785 812 0
18796 628 0
18801 523 1
18812 295 0
18828 472 0
18839 389 1
18855 179 0
18859 739 0
18872 298 0
18887 466 0
18893 838 1
18895 582 0
18901 618 1
18904 789 1
18918 79 1
18927 306 0
18937 356 0
18943 533 0
18948 578 0
18949 821 1
18959 926 1
18960 253 0
18961 59 1
18969 464 1
18970 407 0
18990 301 1
18996 525 1
18998 638 0
19006 738 1
19010 973 0
19015 977 0
19030 798 1
19048 748 1
19056 296 0
19076 980 0
19078 435 1
19079 156 0
19097 81 0
19102 56 1
19104 156 1
19106 547 1
19109 978 0
19124 680 1
19129 699 0
19146 887 0
19156 562 1
19166 853 0
19168 414 0
19176 142 0
19179 530 0
19192 223 0
19212 13 1
19216 398 0
19231 910 1
19232 534 0
19233 934 1
19238 39 1
19244 735 0
19252 983 0
19261 956 0
19281 159 1
19291 852 1
19302 244 1
19313 528 0
19327 205 1
19329 568 1
19341 346 1
19360 132 0
19379 186 0
19397 579 1
19400 782 1
19401 308 1
19416 868 1
19429 77 1
19441 815 1
19443 655 0
19462 293 0
19477 90 1
19478 966 1
19482 651 0
19502 15 1
19515 963 0
19531 446 0
19541 182 1
19557 235 1
19567 816 1
19582 915 1
19595 662 0
19612 186 1
19624 877 0
19630 957 1
19639 203 0
19658 761 0
19664 165 1
19677 411 1
19685 725 1
19701 569 1
19711 389 1
19714 765 1
19730 62 1
19736 754 1
19746 346 0
19760 777 0
19779 168 1
19795 604 1
19807 283 1
19820 95 0
19839 62 0
19848 682 1
19856 512 1
19871 848 1
19877 622 0
19879 75 1
19892 738 0
19900 404 1
19920 76 1
19933 141 1
19947 989 0
19960 838 1
19967 680 1
19977 704 0
19990 412 1
19994 511 0
20004 55 1
20017 505 0
20021 0 1
