15
10 1 49 2 650 -3 682 -4 897 5 948 6 651 -7 200 -8 776 9 431 -10 203
10 -1 157 2 719 3 484 -4 904 -5 870 6 903 7 544 8 555 -9 952 -10 682
10 -1 105 2 744 -3 262 -4 700 -5 188 6 212 7 989 -8 746 -9 952 10 56
10 -1 143 -2 989 -3 789 4 203 -5 957 6 514 7 366 -8 435 9 579 10 555
10 -1 750 2 972 3 946 -4 630 5 708 -6 255 -7 367 -8 880 -9 531 -10 491
10 -1 202 -2 769 -3 702 4 193 -5 645 6 228 -7 357 -8 894 -9 75 10 18
10 -1 390 2 361 3 232 4 985 -5 296 -6 111 7 68 8 27 -9 461 10 54
10 -1 380 2 431 -3 136 4 192 -5 683 6 695 7 830 -8 2 -9 391 10 440
10 1 487 -2 51 -3 478 4 223 5 992 -6 709 7 5 8 854 -9 593 -10 570
10 1 824 -2 873 3 440 -4 431 -5 868 6 651 7 880 8 2 9 578 -10 121
10 -1 861 2 130 3 167 4 896 5 84 6 846 -7 895 -8 884 -9 984 -10 913
10 -1 255 2 686 -3 161 -4 844 -5 647 6 498 7 565 8 596 9 571 10 362
10 1 313 2 485 3 319 -4 227 5 753 -6 275 -7 893 8 20 9 440 -10 101
10 1 142 2 885 -3 660 4 576 -5 348 6 772 -7 185 8 222 9 928 10 154
10 -1 149 2 30 3 525 -4 864 -5 584 6 829 7 904 8 540 -9 712 -10 723
