15
10 -1 610 2 477 3 948 -4 254 -5 686 -6 962 7 346 -8 698 -9 903 -10 845
10 1 8 -2 464 3 311 -4 644 -5 413 -6 435 7 727 -8 178 9 652 10 848
10 -1 794 -2 486 -3 615 4 24 5 446 -6 952 -7 45 8 862 -9 388 10 555
10 -1 691 -2 565 -3 426 4 51 -5 949 -6 554 -7 372 -8 971 9 873 10 739
10 1 41 -2 714 3 165 4 499 5 632 6 829 7 558 -8 906 9 459 10 291
10 1 768 -2 941 3 66 -4 717 5 192 6 658 7 653 8 948 -9 640 10 737
10 -1 798 -2 188 3 408 -4 926 5 950 -6 669 -7 232 -8 699 9 523 10 547
10 1 265 -2 427 3 949 -4 801 5 551 6 52 -7 207 8 809 -9 152 10 770
10 1 821 2 658 -3 553 4 192 5 96 -6 423 7 145 8 609 -9 542 -10 450
10 -1 318 -2 884 3 592 4 949 -5 804 -6 464 7 668 8 588 -9 175 10 840
10 -1 608 2 71 -3 783 4 76 -5 493 -6 808 7 216 8 3 9 11 -10 731
10 1 460 2 741 -3 18 4 579 -5 422 -6 866 7 172 8 389 -9 850 -10 125
10 1 840 -2 550 3 177 4 362 5 565 -6 748 -7 217 -8 821 9 206 10 944
10 -1 24 2 538 -3 247 -4 895 5 272 6 359 -7 263 -8 248 9 111 10 532
10 -1 180 2 142 -3 960 4 464 -5 742 -6 319 -7 606 -8 977 -9 728 10 612
