15
10 -1 679 2 240 3 101 -4 94 5 24 6 470 7 505 -8 975 -9 852 -10 744
10 1 904 2 573 -3 12 -4 403 -5 73 -6 257 7 640 8 572 -9 919 10 457
10 -1 359 -2 291 3 906 -4 311 5 332 6 630 7 914 8 734 9 418 10 917
10 -1 596 2 786 -3 667 4 666 5 259 6 937 7 134 8 5 -9 297 -10 498
10 1 581 -2 144 -3 345 4 823 5 143 -6 232 -7 344 8 852 -9 462 -10 49
10 1 480 -2 982 -3 225 -4 939 5 931 -6 45 7 364 8 471 -9 906 -10 873
10 -1 177 -2 676 3 947 -4 138 -5 570 -6 156 -7 988 -8 91 9 128 -10 364
10 -1 257 -2 949 3 120 -4 922 5 579 -6 547 7 812 -8 827 9 114 10 253
10 -1 528 2 224 -3 921 -4 962 5 253 -6 305 7 614 8 447 -9 581 -10 996
10 1 294 -2 53 -3 619 4 225 -5 319 6 315 7 14 8 117 9 879 10 801
10 -1 158 -2 153 -3 162 4 696 5 820 6 969 7 320 8 406 -9 217 -10 580
10 1 659 2 133 3 767 -4 45 -5 810 -6 639 -7 937 8 897 -9 680 10 524
10 1 392 -2 54 3 793 4 492 5 271 -6 23 -7 175 8 474 -9 948 -10 37
10 1 763 2 662 3 373 4 186 5 310 6 877 7 471 -8 860 9 617 -10 990
10 1 857 -2 481 3 316 -4 249 -5 436 -6 371 -7 360 -8 204 9 294 -10 426
