15
10 1 143 2 399 -3 904 -4 363 5 852 6 298 -7 731 -8 688 9 948 -10 65
10 -1 993 2 59 -3 623 -4 770 5 124 6 359 7 234 8 154 -9 144 10 419
10 1 500 2 725 3 596 4 913 -5 648 -6 800 -7 321 -8 353 9 351 10 607
10 -1 907 -2 67 -3 362 4 288 5 528 -6 767 -7 97 8 615 -9 365 10 765
10 1 356 2 802 -3 500 -4 818 5 259 6 384 -7 199 -8 119 9 452 10 777
10 -1 529 -2 759 3 177 -4 811 5 469 6 797 7 682 -8 83 -9 509 10 938
10 1 28 -2 118 -3 817 -4 787 -5 714 6 962 7 97 -8 327 -9 62 -10 393
10 1 477 2 37 3 918 -4 962 5 160 6 333 -7 844 8 250 -9 407 10 122
10 1 20 2 860 -3 899 4 244 -5 651 6 110 7 402 8 355 -9 550 10 399
10 -1 348 2 921 -3 943 -4 89 -5 390 -6 515 -7 482 -8 125 -9 816 -10 458
10 -1 954 -2 890 3 302 4 676 -5 315 -6 585 -7 482 8 402 -9 986 -10 816
10 1 756 -2 26 -3 311 -4 795 5 479 -6 756 -7 844 8 764 9 372 -10 773
10 1 639 -2 800 3 526 -4 552 5 541 -6 668 7 296 -8 260 -9 470 10 309
10 1 539 2 876 3 646 4 374 5 84 -6 284 7 128 8 599 -9 165 -10 633
10 1 439 -2 406 -3 790 4 63 5 501 6 150 7 503 8 484 -9 774 -10 945
