15
10 1 607 2 379 -3 641 4 621 5 931 -6 266 7 197 -8 554 -9 407 10 238
10 1 889 -2 760 3 688 4 164 5 309 6 844 -7 485 -8 732 -9 405 -10 988
10 1 900 -2 100 3 140 -4 223 -5 989 -6 798 -7 432 -8 588 -9 547 -10 599
10 1 926 -2 699 3 877 -4 621 5 716 -6 988 7 731 8 649 -9 292 10 65
10 -1 875 -2 91 -3 820 4 421 5 21 -6 438 -7 894 8 46 9 387 -10 565
10 -1 518 2 37 -3 8 4 111 5 972 6 995 -7 299 -8 160 9 889 -10 322
10 -1 982 2 919 -3 386 -4 891 -5 660 6 636 -7 442 8 959 -9 448 -10 534
10 -1 562 -2 12 -3 594 -4 21 -5 631 6 62 -7 478 -8 696 -9 624 -10 756
10 -1 23 2 978 3 987 -4 258 -5 306 -6 182 -7 190 -8 777 -9 865 -10 308
10 -1 108 2 995 3 318 4 670 -5 245 -6 192 -7 666 8 105 -9 972 -10 692
10 1 449 2 82 -3 760 4 907 -5 278 6 806 7 35 8 323 9 885 -10 349
10 1 826 -2 604 3 432 -4 531 -5 476 -6 650 -7 298 -8 582 -9 37 -10 160
10 1 5 -2 966 -3 573 4 34 -5 857 -6 557 -7 912 8 883 9 879 -10 123
10 1 47 2 926 3 919 -4 591 5 14 -6 764 7 176 -8 245 9 538 -10 55
10 1 350 2 259 -3 832 4 361 5 203 6 548 7 176 8 811 -9 944 10 844
