15
10 1 311 2 739 -3 491 4 93 5 21 -6 563 -7 820 8 228 -9 284 10 847
10 1 269 2 966 3 849 -4 820 -5 199 6 318 -7 643 -8 89 -9 688 -10 519
10 1 183 2 485 -3 92 -4 8 -5 587 -6 869 7 424 -8 614 -9 442 -10 166
10 1 313 -2 833 3 84 4 474 -5 532 -6 718 -7 149 8 69 -9 936 10 651
10 -1 283 2 365 -3 765 -4 650 5 927 -6 104 7 726 8 285 9 126 -10 958
10 1 298 -2 27 3 366 4 918 -5 753 -6 19 -7 296 -8 990 9 794 -10 883
10 1 301 2 916 -3 300 4 257 -5 614 6 340 7 373 8 466 9 374 -10 298
10 1 450 2 435 3 117 4 64 5 755 6 610 7 622 8 560 -9 597 10 330
10 1 126 -2 793 -3 668 4 490 5 248 -6 421 -7 38 8 432 -9 255 -10 851
10 1 511 2 33 3 261 -4 249 5 791 6 428 -7 146 -8 53 -9 579 10 584
10 -1 986 2 507 -3 96 -4 216 5 345 -6 673 -7 819 -8 835 -9 541 10 671
10 -1 347 -2 980 -3 77 -4 985 5 46 -6 921 7 786 -8 684 9 891 10 705
10 -1 583 -2 765 -3 950 -4 224 5 217 6 14 -7 119 -8 830 -9 899 10 564
10 1 900 2 166 -3 839 -4 938 -5 28 6 36 7 501 -8 623 9 43 -10 82
10 1 305 -2 848 3 88 -4 391 5 807 -6 398 7 777 -8 877 -9 98 10 118
