15
10 -1 760 -2 815 3 861 -4 795 5 665 6 923 7 116 -8 481 9 390 10 588
10 1 14 2 418 -3 187 -4 164 5 143 -6 130 7 2 8 215 9 984 10 894
10 1 297 -2 985 3 553 4 187 5 990 -6 306 7 370 -8 170 9 271 10 340
10 -1 838 2 611 -3 68 -4 364 -5 493 -6 190 -7 484 8 59 -9 999 10 973
10 -1 866 -2 19 -3 375 -4 593 5 464 6 725 7 639 8 122 9 952 -10 353
10 -1 915 -2 795 -3 111 -4 881 -5 38 -6 969 7 214 -8 526 -9 941 10 349
10 -1 947 2 320 -3 314 4 818 5 642 6 739 -7 496 8 738 9 83 -10 33
10 1 759 -2 847 -3 467 -4 150 5 939 6 821 -7 343 8 134 9 646 -10 110
10 1 445 -2 153 3 866 -4 302 5 465 6 1000 -7 984 -8 706 -9 491 -10 299
10 -1 414 2 116 -3 842 4 643 -5 889 -6 185 7 504 -8 528 -9 65 -10 712
10 1 778 -2 373 -3 856 -4 272 -5 980 -6 666 7 595 8 486 -9 334 -10 475
10 -1 837 -2 357 -3 660 -4 756 -5 359 6 891 -7 1000 -8 980 -9 531 10 543
10 1 204 -2 960 -3 290 4 737 -5 176 -6 310 -7 738 8 201 9 601 -10 640
10 1 225 2 647 3 483 4 170 5 914 6 114 -7 992 8 495 9 562 10 426
10 -1 360 -2 679 3 605 4 244 -5 1 -6 416 -7 877 -8 888 9 706 -10 988
