15
10 1 94 2 370 3 754 -4 258 5 622 6 596 7 442 -8 823 -9 558 -10 515
10 -1 923 2 892 3 373 -4 955 -5 930 -6 434 7 574 8 242 9 25 10 333
10 1 140 -2 527 3 916 -4 816 -5 753 -6 809 -7 371 -8 166 -9 733 -10 671
10 1 502 -2 948 -3 513 -4 678 -5 922 -6 360 -7 499 8 964 -9 835 10 898
10 -1 792 -2 317 -3 981 -4 320 5 501 -6 957 7 804 -8 744 9 930 10 763
10 1 61 2 280 3 699 4 773 5 875 -6 251 7 967 8 434 9 59 -10 369
10 1 256 2 85 3 978 4 26 5 747 6 383 -7 131 8 753 9 536 10 395
10 1 814 2 156 3 5 -4 961 5 293 -6 501 7 316 -8 565 9 924 -10 774
10 -1 884 2 485 3 96 -4 859 5 25 -6 808 7 531 -8 499 -9 148 -10 266
10 -1 621 -2 669 3 717 4 687 5 260 6 135 7 175 8 465 9 521 10 253
10 1 732 -2 76 -3 83 4 640 -5 263 -6 286 7 155 8 394 -9 165 10 525
10 1 247 2 103 3 187 4 108 5 26 -6 465 -7 549 -8 218 9 747 -10 436
10 1 596 2 903 -3 952 4 943 5 680 -6 375 7 532 8 626 -9 297 -10 316
10 1 896 -2 104 3 314 4 861 5 832 -6 62 -7 653 -8 475 9 911 10 6
10 -1 25 -2 314 3 225 -4 197 5 586 -6 402 -7 144 -8 405 9 261 10 126
