15 20 107
0 0 1 0
2 0 4 0
5 0 7 0
8 0 11 0
1 1 3 1
4 1 5 1
6 1 7 1
9 1 15 1
1 2 4 2
5 2 8 2
10 2 13 2
2 3 4 3
6 3 7 3
8 3 13 3
14 3 15 3
0 4 1 4
2 4 4 4
6 4 10 4
11 4 12 4
13 4 14 4
0 5 3 5
4 5 7 5
8 5 9 5
11 5 13 5
14 5 15 5
0 6 1 6
3 6 5 6
6 6 8 6
11 6 13 6
0 7 4 7
5 7 9 7
10 7 11 7
12 7 13 7
14 7 15 7
0 8 3 8
4 8 5 8
7 8 9 8
10 8 11 8
12 8 14 8
1 9 4 9
5 9 6 9
0 10 1 10
3 10 5 10
6 10 7 10
8 10 9 10
10 10 12 10
14 10 15 10
0 11 2 11
3 11 4 11
5 11 6 11
10 11 11 11
12 11 14 11
0 12 2 12
3 12 5 12
9 12 11 12
12 12 13 12
14 12 15 12
0 13 1 13
4 13 10 13
11 13 12 13
13 13 15 13
5 14 6 14
7 14 9 14
10 14 11 14
13 14 15 14
0 15 1 15
2 15 3 15
4 15 8 15
10 15 11 15
14 15 15 15
0 16 4 16
5 16 7 16
8 16 12 16
13 16 15 16
0 17 2 17
3 17 8 17
11 17 12 17
13 17 15 17
0 18 1 18
3 18 6 18
7 18 9 18
10 18 13 18
14 18 15 18
0 19 4 19
5 19 6 19
8 19 11 19
14 19 15 19
2 20 7 20
10 20 12 20
13 20 15 20
0 15 0 17
1 5 1 6
1 10 1 11
2 17 2 18
3 0 3 1
3 8 3 9
4 3 4 4
5 5 5 6
5 18 5 19
6 5 6 6
9 3 9 4
9 8 9 9
11 8 11 9
11 17 11 18
12 8 12 9
13 8 13 9
13 11 13 12
