100 100 3419
0 0 1 0
8 0 9 0
10 0 13 0
14 0 16 0
20 0 21 0
22 0 23 0
26 0 31 0
32 0 36 0
37 0 42 0
46 0 48 0
49 0 50 0
52 0 53 0
56 0 59 0
60 0 61 0
64 0 65 0
66 0 67 0
72 0 75 0
78 0 81 0
87 0 89 0
92 0 93 0
95 0 96 0
98 0 100 0
1 1 2 1
3 1 4 1
7 1 8 1
11 1 13 1
14 1 15 1
17 1 18 1
20 1 21 1
22 1 28 1
31 1 32 1
33 1 34 1
35 1 40 1
41 1 43 1
44 1 45 1
50 1 51 1
52 1 54 1
56 1 60 1
61 1 63 1
66 1 67 1
71 1 73 1
74 1 75 1
76 1 79 1
80 1 81 1
82 1 84 1
85 1 86 1
87 1 89 1
90 1 92 1
93 1 96 1
98 1 99 1
0 2 2 2
5 2 6 2
7 2 9 2
10 2 13 2
14 2 17 2
20 2 21 2
23 2 25 2
26 2 29 2
31 2 32 2
33 2 36 2
39 2 42 2
44 2 45 2
47 2 48 2
49 2 50 2
51 2 53 2
54 2 56 2
57 2 58 2
59 2 60 2
61 2 62 2
67 2 69 2
70 2 71 2
73 2 75 2
77 2 79 2
80 2 84 2
85 2 87 2
90 2 92 2
96 2 97 2
0 3 3 3
4 3 6 3
7 3 10 3
11 3 12 3
14 3 18 3
20 3 21 3
25 3 27 3
32 3 33 3
34 3 35 3
36 3 37 3
40 3 44 3
45 3 47 3
48 3 49 3
50 3 51 3
53 3 56 3
57 3 58 3
60 3 61 3
62 3 63 3
66 3 67 3
71 3 75 3
76 3 81 3
84 3 85 3
87 3 90 3
92 3 94 3
96 3 98 3
99 3 100 3
0 4 1 4
2 4 3 4
4 4 5 4
8 4 9 4
13 4 15 4
18 4 19 4
21 4 22 4
23 4 24 4
29 4 31 4
32 4 33 4
35 4 36 4
39 4 40 4
43 4 45 4
46 4 47 4
48 4 53 4
54 4 60 4
62 4 64 4
65 4 66 4
71 4 73 4
74 4 75 4
76 4 77 4
79 4 80 4
81 4 82 4
84 4 86 4
90 4 91 4
94 4 99 4
3 5 4 5
5 5 7 5
11 5 12 5
15 5 17 5
21 5 22 5
23 5 24 5
25 5 28 5
29 5 30 5
31 5 36 5
38 5 41 5
42 5 44 5
46 5 50 5
54 5 55 5
59 5 60 5
63 5 64 5
65 5 66 5
68 5 69 5
70 5 72 5
76 5 79 5
80 5 84 5
85 5 87 5
88 5 89 5
90 5 91 5
93 5 94 5
96 5 98 5
6 6 15 6
16 6 17 6
19 6 20 6
22 6 25 6
30 6 31 6
32 6 34 6
36 6 37 6
38 6 39 6
40 6 41 6
42 6 43 6
46 6 52 6
53 6 57 6
58 6 60 6
61 6 63 6
67 6 70 6
71 6 75 6
77 6 79 6
80 6 81 6
82 6 83 6
84 6 86 6
88 6 90 6
91 6 93 6
94 6 96 6
97 6 100 6
0 7 2 7
3 7 5 7
6 7 10 7
11 7 13 7
14 7 15 7
17 7 20 7
22 7 23 7
26 7 27 7
28 7 34 7
38 7 40 7
41 7 44 7
45 7 48 7
49 7 51 7
52 7 56 7
60 7 61 7
66 7 69 7
70 7 71 7
73 7 76 7
80 7 81 7
84 7 87 7
90 7 92 7
93 7 94 7
95 7 96 7
99 7 100 7
2 8 4 8
5 8 17 8
18 8 20 8
22 8 23 8
24 8 28 8
29 8 32 8
34 8 37 8
42 8 44 8
47 8 48 8
54 8 57 8
58 8 61 8
64 8 66 8
67 8 68 8
69 8 70 8
72 8 73 8
77 8 78 8
79 8 80 8
81 8 84 8
85 8 91 8
93 8 96 8
99 8 100 8
0 9 2 9
5 9 8 9
9 9 11 9
12 9 14 9
17 9 18 9
20 9 22 9
24 9 28 9
30 9 32 9
34 9 36 9
38 9 40 9
41 9 46 9
52 9 53 9
54 9 56 9
57 9 58 9
66 9 67 9
68 9 70 9
76 9 78 9
81 9 84 9
86 9 92 9
93 9 95 9
96 9 100 9
2 10 3 10
4 10 6 10
12 10 13 10
16 10 17 10
25 10 26 10
27 10 30 10
31 10 34 10
37 10 39 10
40 10 42 10
44 10 48 10
49 10 52 10
56 10 59 10
61 10 62 10
64 10 65 10
67 10 68 10
69 10 70 10
72 10 76 10
78 10 82 10
83 10 85 10
87 10 88 10
89 10 91 10
92 10 93 10
99 10 100 10
2 11 4 11
7 11 9 11
11 11 12 11
13 11 14 11
15 11 18 11
19 11 22 11
25 11 26 11
30 11 33 11
37 11 39 11
41 11 43 11
45 11 47 11
51 11 55 11
56 11 57 11
60 11 63 11
65 11 66 11
69 11 73 11
74 11 75 11
76 11 79 11
82 11 84 11
87 11 88 11
90 11 92 11
93 11 94 11
98 11 100 11
0 12 1 12
2 12 5 12
7 12 8 12
9 12 12 12
14 12 16 12
18 12 20 12
22 12 23 12
24 12 25 12
26 12 27 12
28 12 29 12
31 12 34 12
35 12 41 12
46 12 48 12
49 12 51 12
53 12 54 12
55 12 56 12
58 12 59 12
63 12 65 12
66 12 69 12
72 12 73 12
74 12 75 12
78 12 79 12
82 12 85 12
86 12 91 12
92 12 93 12
94 12 96 12
98 12 99 12
1 13 3 13
5 13 8 13
9 13 10 13
12 13 13 13
14 13 16 13
17 13 19 13
21 13 23 13
24 13 25 13
27 13 31 13
34 13 39 13
40 13 42 13
43 13 44 13
45 13 47 13
48 13 51 13
52 13 55 13
56 13 58 13
59 13 60 13
68 13 69 13
70 13 73 13
75 13 78 13
80 13 81 13
82 13 83 13
87 13 88 13
92 13 93 13
95 13 96 13
97 13 98 13
99 13 100 13
4 14 7 14
8 14 9 14
11 14 13 14
14 14 15 14
16 14 17 14
18 14 19 14
20 14 21 14
24 14 28 14
29 14 30 14
32 14 33 14
34 14 38 14
39 14 43 14
45 14 47 14
49 14 51 14
52 14 55 14
58 14 61 14
63 14 66 14
67 14 68 14
73 14 74 14
75 14 76 14
77 14 79 14
85 14 88 14
90 14 95 14
96 14 97 14
98 14 99 14
1 15 3 15
5 15 8 15
13 15 15 15
18 15 19 15
22 15 24 15
27 15 28 15
30 15 31 15
32 15 41 15
42 15 45 15
51 15 53 15
55 15 57 15
58 15 59 15
60 15 62 15
64 15 65 15
66 15 69 15
70 15 78 15
79 15 82 15
83 15 89 15
95 15 96 15
98 15 100 15
0 16 1 16
2 16 3 16
6 16 7 16
12 16 14 16
15 16 18 16
23 16 24 16
25 16 26 16
27 16 28 16
29 16 31 16
33 16 34 16
37 16 38 16
40 16 41 16
42 16 44 16
45 16 47 16
48 16 49 16
50 16 51 16
52 16 55 16
58 16 59 16
60 16 61 16
63 16 64 16
65 16 66 16
67 16 70 16
72 16 74 16
77 16 78 16
79 16 80 16
82 16 91 16
93 16 95 16
98 16 99 16
0 17 1 17
2 17 3 17
5 17 6 17
7 17 8 17
12 17 13 17
14 17 15 17
16 17 18 17
19 17 21 17
22 17 23 17
24 17 25 17
26 17 28 17
29 17 30 17
32 17 41 17
42 17 45 17
46 17 48 17
50 17 54 17
59 17 60 17
61 17 62 17
67 17 68 17
69 17 70 17
72 17 73 17
74 17 76 17
77 17 80 17
81 17 84 17
86 17 87 17
89 17 90 17
91 17 93 17
96 17 98 17
1 18 2 18
3 18 5 18
6 18 8 18
9 18 10 18
11 18 13 18
16 18 17 18
18 18 19 18
20 18 21 18
23 18 25 18
26 18 27 18
30 18 34 18
35 18 36 18
41 18 44 18
45 18 46 18
47 18 48 18
49 18 50 18
54 18 55 18
57 18 58 18
60 18 61 18
63 18 65 18
66 18 67 18
72 18 73 18
76 18 77 18
80 18 83 18
88 18 94 18
95 18 96 18
97 18 98 18
3 19 5 19
6 19 7 19
8 19 9 19
11 19 12 19
16 19 18 19
21 19 24 19
28 19 29 19
30 19 32 19
36 19 37 19
38 19 41 19
47 19 48 19
52 19 54 19
58 19 59 19
60 19 63 19
64 19 65 19
66 19 68 19
70 19 72 19
73 19 75 19
76 19 81 19
82 19 83 19
84 19 86 19
89 19 90 19
92 19 93 19
94 19 95 19
97 19 99 19
0 20 2 20
4 20 7 20
8 20 10 20
11 20 13 20
16 20 18 20
21 20 22 20
24 20 26 20
31 20 32 20
33 20 34 20
35 20 36 20
38 20 39 20
42 20 44 20
46 20 47 20
48 20 49 20
50 20 52 20
53 20 57 20
62 20 67 20
68 20 70 20
73 20 75 20
78 20 80 20
81 20 83 20
84 20 85 20
87 20 89 20
90 20 91 20
95 20 96 20
97 20 100 20
0 21 2 21
7 21 8 21
10 21 11 21
13 21 14 21
21 21 23 21
24 21 25 21
28 21 29 21
32 21 33 21
34 21 36 21
37 21 38 21
40 21 41 21
42 21 44 21
45 21 46 21
47 21 50 21
51 21 52 21
53 21 55 21
56 21 57 21
59 21 60 21
62 21 64 21
68 21 72 21
73 21 74 21
75 21 76 21
78 21 81 21
82 21 83 21
87 21 88 21
94 21 95 21
96 21 99 21
0 22 3 22
8 22 10 22
11 22 12 22
15 22 18 22
19 22 20 22
21 22 28 22
29 22 30 22
31 22 32 22
33 22 36 22
38 22 41 22
42 22 43 22
48 22 49 22
51 22 53 22
54 22 55 22
56 22 58 22
60 22 61 22
62 22 64 22
66 22 68 22
70 22 71 22
76 22 78 22
80 22 81 22
82 22 84 22
85 22 90 22
99 22 100 22
0 23 1 23
3 23 4 23
6 23 7 23
8 23 9 23
11 23 13 23
15 23 18 23
19 23 22 23
23 23 28 23
29 23 30 23
32 23 33 23
35 23 41 23
42 23 45 23
46 23 48 23
51 23 52 23
53 23 54 23
55 23 60 23
62 23 63 23
64 23 65 23
67 23 68 23
71 23 72 23
73 23 74 23
75 23 78 23
79 23 80 23
82 23 83 23
87 23 88 23
89 23 91 23
99 23 100 23
4 24 6 24
7 24 9 24
10 24 12 24
13 24 14 24
17 24 18 24
22 24 23 24
24 24 25 24
26 24 27 24
28 24 31 24
32 24 33 24
34 24 37 24
38 24 39 24
40 24 42 24
44 24 45 24
46 24 51 24
53 24 56 24
59 24 60 24
63 24 65 24
66 24 67 24
71 24 72 24
73 24 78 24
79 24 81 24
84 24 87 24
89 24 90 24
93 24 94 24
98 24 99 24
1 25 2 25
3 25 4 25
5 25 6 25
7 25 8 25
9 25 12 25
13 25 15 25
16 25 17 25
21 25 22 25
23 25 24 25
27 25 28 25
29 25 31 25
32 25 33 25
40 25 42 25
43 25 45 25
46 25 48 25
49 25 50 25
54 25 55 25
58 25 61 25
65 25 68 25
69 25 70 25
72 25 74 25
79 25 80 25
81 25 85 25
90 25 91 25
93 25 95 25
96 25 97 25
98 25 99 25
1 26 2 26
3 26 6 26
8 26 9 26
10 26 11 26
14 26 15 26
17 26 18 26
22 26 26 26
28 26 29 26
30 26 32 26
38 26 40 26
42 26 43 26
44 26 45 26
46 26 49 26
50 26 51 26
53 26 56 26
57 26 59 26
62 26 65 26
67 26 69 26
70 26 71 26
73 26 75 26
76 26 77 26
78 26 84 26
85 26 89 26
91 26 92 26
96 26 98 26
0 27 1 27
2 27 3 27
11 27 12 27
13 27 15 27
17 27 19 27
23 27 25 27
26 27 28 27
37 27 40 27
45 27 48 27
49 27 50 27
51 27 52 27
55 27 57 27
58 27 59 27
60 27 63 27
64 27 65 27
66 27 67 27
68 27 69 27
70 27 71 27
73 27 74 27
75 27 81 27
82 27 83 27
84 27 85 27
86 27 87 27
88 27 92 27
93 27 94 27
96 27 98 27
0 28 1 28
3 28 4 28
5 28 8 28
9 28 11 28
12 28 13 28
17 28 19 28
21 28 22 28
23 28 24 28
26 28 27 28
29 28 31 28
32 28 34 28
35 28 37 28
39 28 40 28
41 28 44 28
46 28 52 28
54 28 55 28
56 28 58 28
60 28 61 28
63 28 65 28
66 28 67 28
68 28 69 28
71 28 80 28
82 28 86 28
87 28 89 28
90 28 92 28
94 28 96 28
97 28 99 28
0 29 3 29
4 29 5 29
6 29 7 29
8 29 11 29
12 29 16 29
17 29 19 29
20 29 21 29
24 29 26 29
29 29 31 29
33 29 34 29
39 29 40 29
41 29 43 29
46 29 48 29
49 29 50 29
51 29 52 29
54 29 55 29
57 29 58 29
60 29 62 29
64 29 67 29
71 29 72 29
73 29 74 29
76 29 80 29
82 29 83 29
85 29 86 29
88 29 89 29
94 29 96 29
97 29 98 29
0 30 2 30
3 30 5 30
9 30 12 30
15 30 16 30
17 30 18 30
23 30 24 30
28 30 31 30
32 30 36 30
37 30 45 30
46 30 47 30
51 30 52 30
55 30 56 30
57 30 59 30
60 30 61 30
62 30 65 30
68 30 70 30
74 30 80 30
81 30 83 30
84 30 85 30
86 30 87 30
88 30 89 30
90 30 99 30
0 31 1 31
2 31 8 31
9 31 11 31
13 31 16 31
19 31 20 31
23 31 24 31
25 31 27 31
31 31 32 31
34 31 35 31
38 31 41 31
42 31 43 31
45 31 47 31
50 31 51 31
53 31 54 31
55 31 57 31
58 31 59 31
60 31 64 31
65 31 67 31
71 31 73 31
74 31 82 31
85 31 86 31
87 31 88 31
90 31 91 31
94 31 96 31
97 31 98 31
99 31 100 31
3 32 6 32
11 32 14 32
15 32 17 32
18 32 19 32
23 32 24 32
27 32 30 32
31 32 33 32
34 32 35 32
36 32 37 32
40 32 41 32
46 32 47 32
52 32 54 32
55 32 59 32
60 32 61 32
63 32 64 32
67 32 76 32
80 32 83 32
84 32 85 32
87 32 89 32
92 32 93 32
94 32 95 32
96 32 98 32
0 33 1 33
2 33 3 33
4 33 9 33
10 33 11 33
14 33 17 33
18 33 20 33
23 33 24 33
25 33 28 33
29 33 32 33
34 33 35 33
38 33 40 33
45 33 46 33
47 33 48 33
49 33 56 33
57 33 58 33
61 33 63 33
64 33 65 33
67 33 68 33
72 33 73 33
84 33 85 33
86 33 88 33
89 33 92 33
93 33 94 33
95 33 96 33
97 33 99 33
4 34 5 34
6 34 7 34
8 34 10 34
14 34 15 34
21 34 24 34
26 34 28 34
29 34 30 34
35 34 36 34
40 34 41 34
43 34 46 34
49 34 50 34
51 34 53 34
54 34 55 34
56 34 58 34
59 34 60 34
62 34 63 34
65 34 66 34
67 34 69 34
70 34 71 34
72 34 74 34
76 34 77 34
78 34 79 34
80 34 84 34
85 34 86 34
88 34 89 34
91 34 92 34
94 34 95 34
96 34 98 34
1 35 3 35
4 35 6 35
7 35 13 35
14 35 15 35
16 35 18 35
19 35 25 35
27 35 28 35
29 35 31 35
32 35 34 35
35 35 40 35
41 35 42 35
43 35 45 35
46 35 48 35
49 35 50 35
51 35 53 35
55 35 56 35
57 35 59 35
61 35 65 35
66 35 67 35
68 35 69 35
70 35 71 35
72 35 73 35
74 35 75 35
76 35 80 35
82 35 83 35
85 35 86 35
87 35 88 35
91 35 97 35
99 35 100 35
0 36 1 36
4 36 7 36
13 36 14 36
16 36 18 36
20 36 22 36
23 36 24 36
25 36 27 36
28 36 29 36
31 36 32 36
33 36 35 36
36 36 37 36
39 36 40 36
41 36 42 36
43 36 46 36
47 36 49 36
55 36 56 36
57 36 58 36
66 36 68 36
70 36 71 36
72 36 73 36
74 36 77 36
79 36 88 36
89 36 91 36
93 36 94 36
97 36 100 36
4 37 5 37
6 37 7 37
8 37 9 37
11 37 12 37
13 37 16 37
17 37 19 37
23 37 25 37
27 37 28 37
33 37 34 37
35 37 39 37
43 37 44 37
45 37 47 37
48 37 51 37
52 37 54 37
55 37 56 37
57 37 58 37
60 37 61 37
67 37 68 37
72 37 73 37
78 37 80 37
81 37 82 37
86 37 87 37
90 37 91 37
93 37 94 37
95 37 96 37
97 37 100 37
2 38 3 38
6 38 7 38
11 38 14 38
15 38 16 38
17 38 19 38
20 38 22 38
23 38 24 38
26 38 27 38
28 38 32 38
33 38 36 38
40 38 41 38
42 38 44 38
45 38 48 38
51 38 52 38
53 38 54 38
55 38 56 38
57 38 58 38
60 38 61 38
62 38 66 38
67 38 68 38
70 38 72 38
74 38 77 38
79 38 80 38
81 38 83 38
84 38 86 38
89 38 90 38
91 38 94 38
96 38 98 38
0 39 1 39
2 39 3 39
4 39 5 39
8 39 9 39
11 39 12 39
13 39 14 39
19 39 20 39
22 39 24 39
25 39 27 39
29 39 30 39
31 39 32 39
33 39 38 39
39 39 46 39
48 39 49 39
52 39 53 39
55 39 56 39
58 39 59 39
64 39 66 39
67 39 68 39
69 39 71 39
72 39 74 39
75 39 77 39
78 39 79 39
80 39 82 39
83 39 84 39
88 39 89 39
90 39 92 39
93 39 94 39
96 39 98 39
99 39 100 39
1 40 4 40
5 40 6 40
7 40 8 40
10 40 11 40
12 40 13 40
14 40 16 40
18 40 21 40
22 40 24 40
25 40 26 40
27 40 28 40
30 40 31 40
33 40 34 40
35 40 36 40
37 40 40 40
42 40 44 40
47 40 49 40
50 40 52 40
54 40 56 40
58 40 59 40
62 40 63 40
64 40 65 40
68 40 70 40
71 40 72 40
74 40 76 40
77 40 80 40
81 40 84 40
87 40 90 40
94 40 95 40
99 40 100 40
3 41 5 41
13 41 14 41
15 41 16 41
20 41 21 41
22 41 23 41
27 41 28 41
29 41 31 41
32 41 33 41
34 41 35 41
36 41 37 41
38 41 40 41
43 41 44 41
45 41 47 41
48 41 50 41
53 41 54 41
57 41 65 41
68 41 69 41
70 41 71 41
73 41 76 41
77 41 78 41
81 41 82 41
83 41 85 41
86 41 89 41
92 41 94 41
96 41 98 41
1 42 7 42
8 42 9 42
11 42 12 42
13 42 14 42
15 42 16 42
19 42 22 42
23 42 24 42
29 42 30 42
31 42 34 42
35 42 42 42
48 42 52 42
56 42 58 42
59 42 60 42
61 42 63 42
67 42 68 42
70 42 71 42
72 42 74 42
75 42 76 42
77 42 78 42
79 42 81 42
83 42 84 42
85 42 86 42
94 42 96 42
97 42 100 42
0 43 5 43
6 43 7 43
10 43 11 43
13 43 14 43
15 43 16 43
19 43 20 43
21 43 24 43
25 43 26 43
27 43 32 43
37 43 38 43
40 43 42 43
46 43 47 43
48 43 49 43
50 43 56 43
57 43 60 43
62 43 65 43
66 43 67 43
69 43 71 43
72 43 73 43
75 43 77 43
79 43 87 43
90 43 96 43
97 43 100 43
2 44 3 44
4 44 5 44
6 44 7 44
10 44 11 44
13 44 14 44
16 44 19 44
21 44 23 44
24 44 25 44
26 44 27 44
30 44 32 44
33 44 34 44
35 44 36 44
38 44 40 44
42 44 43 44
44 44 45 44
46 44 49 44
51 44 52 44
53 44 55 44
56 44 60 44
61 44 62 44
63 44 65 44
66 44 69 44
70 44 71 44
72 44 73 44
77 44 78 44
80 44 81 44
83 44 84 44
89 44 91 44
92 44 93 44
94 44 95 44
96 44 97 44
99 44 100 44
0 45 4 45
6 45 7 45
8 45 10 45
11 45 12 45
15 45 16 45
17 45 18 45
19 45 24 45
25 45 27 45
28 45 29 45
30 45 32 45
34 45 35 45
36 45 38 45
40 45 42 45
45 45 48 45
50 45 52 45
53 45 55 45
56 45 57 45
59 45 60 45
61 45 63 45
64 45 67 45
68 45 69 45
74 45 75 45
80 45 82 45
84 45 88 45
89 45 93 45
95 45 99 45
0 46 2 46
4 46 5 46
6 46 7 46
11 46 12 46
13 46 17 46
21 46 24 46
25 46 27 46
29 46 34 46
36 46 44 46
47 46 50 46
52 46 60 46
63 46 65 46
66 46 68 46
69 46 70 46
73 46 74 46
75 46 78 46
79 46 80 46
84 46 85 46
86 46 89 46
90 46 92 46
95 46 99 46
1 47 4 47
7 47 10 47
15 47 17 47
18 47 19 47
20 47 21 47
23 47 24 47
25 47 26 47
27 47 28 47
29 47 31 47
35 47 37 47
38 47 41 47
46 47 47 47
49 47 57 47
58 47 60 47
61 47 63 47
65 47 67 47
68 47 69 47
70 47 74 47
75 47 76 47
79 47 82 47
83 47 84 47
85 47 86 47
87 47 88 47
91 47 92 47
93 47 95 47
97 47 100 47
1 48 3 48
6 48 9 48
10 48 15 48
16 48 22 48
25 48 27 48
29 48 31 48
32 48 33 48
34 48 35 48
37 48 39 48
40 48 41 48
42 48 46 48
47 48 49 48
51 48 54 48
56 48 57 48
58 48 60 48
61 48 62 48
63 48 66 48
68 48 70 48
71 48 73 48
74 48 82 48
83 48 85 48
87 48 89 48
90 48 91 48
92 48 93 48
94 48 95 48
96 48 97 48
98 48 100 48
4 49 7 49
8 49 10 49
11 49 15 49
16 49 19 49
21 49 22 49
23 49 27 49
32 49 34 49
37 49 38 49
40 49 42 49
45 49 46 49
47 49 48 49
49 49 50 49
51 49 53 49
54 49 56 49
57 49 59 49
61 49 63 49
67 49 70 49
71 49 74 49
77 49 78 49
79 49 82 49
89 49 91 49
98 49 100 49
0 50 4 50
5 50 8 50
9 50 20 50
21 50 22 50
25 50 27 50
29 50 30 50
32 50 33 50
40 50 43 50
44 50 45 50
46 50 49 50
52 50 57 50
58 50 59 50
60 50 61 50
62 50 65 50
66 50 70 50
74 50 76 50
77 50 78 50
79 50 80 50
81 50 82 50
84 50 85 50
88 50 90 50
91 50 92 50
94 50 95 50
99 50 100 50
1 51 6 51
7 51 8 51
9 51 11 51
13 51 14 51
20 51 22 51
26 51 27 51
28 51 29 51
30 51 31 51
32 51 36 51
38 51 39 51
40 51 41 51
42 51 43 51
47 51 48 51
51 51 53 51
54 51 57 51
60 51 61 51
62 51 65 51
66 51 69 51
70 51 71 51
72 51 73 51
74 51 75 51
80 51 81 51
82 51 83 51
84 51 88 51
92 51 93 51
94 51 97 51
98 51 100 51
0 52 5 52
6 52 8 52
12 52 14 52
15 52 17 52
18 52 19 52
21 52 22 52
23 52 29 52
30 52 31 52
34 52 37 52
40 52 42 52
44 52 45 52
46 52 49 52
50 52 51 52
52 52 56 52
57 52 58 52
59 52 60 52
61 52 66 52
69 52 71 52
73 52 76 52
78 52 79 52
81 52 84 52
85 52 88 52
93 52 95 52
96 52 97 52
1 53 3 53
4 53 5 53
6 53 8 53
9 53 10 53
13 53 14 53
15 53 16 53
17 53 18 53
19 53 20 53
21 53 22 53
23 53 24 53
25 53 26 53
29 53 34 53
36 53 38 53
39 53 41 53
42 53 44 53
45 53 46 53
47 53 49 53
50 53 51 53
52 53 53 53
54 53 56 53
59 53 63 53
64 53 65 53
69 53 70 53
75 53 76 53
78 53 79 53
80 53 81 53
83 53 86 53
87 53 91 53
92 53 93 53
94 53 95 53
97 53 98 53
0 54 2 54
3 54 5 54
8 54 9 54
13 54 14 54
19 54 20 54
22 54 24 54
25 54 26 54
27 54 29 54
32 54 35 54
36 54 37 54
38 54 41 54
43 54 45 54
46 54 48 54
50 54 51 54
53 54 55 54
57 54 58 54
59 54 67 54
68 54 69 54
70 54 71 54
74 54 75 54
76 54 78 54
79 54 80 54
81 54 82 54
83 54 84 54
86 54 87 54
89 54 93 54
95 54 96 54
1 55 2 55
4 55 6 55
7 55 8 55
9 55 10 55
11 55 12 55
14 55 15 55
17 55 18 55
19 55 22 55
25 55 27 55
28 55 29 55
34 55 35 55
36 55 40 55
42 55 44 55
46 55 47 55
56 55 57 55
58 55 59 55
61 55 62 55
65 55 66 55
69 55 72 55
74 55 75 55
77 55 79 55
80 55 86 55
87 55 90 55
93 55 94 55
95 55 96 55
97 55 98 55
1 56 2 56
3 56 4 56
5 56 7 56
8 56 9 56
10 56 12 56
13 56 14 56
17 56 20 56
23 56 25 56
27 56 29 56
31 56 32 56
34 56 35 56
36 56 38 56
39 56 44 56
45 56 46 56
48 56 50 56
53 56 54 56
55 56 56 56
61 56 62 56
63 56 64 56
66 56 67 56
72 56 77 56
78 56 79 56
83 56 84 56
86 56 87 56
89 56 96 56
98 56 99 56
0 57 1 57
2 57 5 57
6 57 8 57
10 57 12 57
14 57 15 57
16 57 17 57
20 57 22 57
26 57 28 57
31 57 35 57
43 57 44 57
46 57 50 57
51 57 56 57
58 57 59 57
61 57 62 57
63 57 65 57
66 57 68 57
69 57 72 57
76 57 77 57
80 57 82 57
83 57 86 57
87 57 88 57
89 57 91 57
92 57 95 57
96 57 99 57
1 58 9 58
10 58 11 58
12 58 14 58
15 58 17 58
19 58 24 58
25 58 26 58
27 58 28 58
29 58 30 58
31 58 32 58
33 58 40 58
43 58 44 58
46 58 48 58
49 58 54 58
56 58 58 58
59 58 60 58
61 58 63 58
65 58 66 58
67 58 68 58
73 58 78 58
84 58 85 58
87 58 88 58
89 58 90 58
91 58 94 58
95 58 96 58
97 58 98 58
0 59 1 59
3 59 4 59
9 59 11 59
14 59 16 59
17 59 20 59
21 59 26 59
27 59 28 59
32 59 33 59
36 59 38 59
41 59 43 59
46 59 48 59
50 59 52 59
53 59 54 59
56 59 59 59
60 59 61 59
62 59 63 59
66 59 67 59
68 59 70 59
72 59 73 59
80 59 83 59
84 59 85 59
86 59 87 59
88 59 89 59
92 59 94 59
96 59 100 59
2 60 3 60
4 60 6 60
9 60 10 60
14 60 15 60
16 60 17 60
18 60 19 60
20 60 22 60
23 60 24 60
26 60 27 60
31 60 34 60
35 60 39 60
41 60 43 60
44 60 45 60
46 60 50 60
53 60 54 60
55 60 56 60
57 60 59 60
63 60 66 60
69 60 70 60
75 60 77 60
79 60 80 60
82 60 83 60
86 60 88 60
90 60 92 60
94 60 95 60
97 60 98 60
0 61 2 61
3 61 5 61
6 61 10 61
12 61 13 61
15 61 16 61
17 61 18 61
21 61 22 61
23 61 25 61
27 61 28 61
33 61 37 61
38 61 40 61
44 61 46 61
50 61 51 61
52 61 54 61
56 61 57 61
58 61 60 61
61 61 63 61
64 61 66 61
68 61 69 61
70 61 72 61
73 61 74 61
75 61 81 61
82 61 83 61
85 61 86 61
87 61 88 61
91 61 92 61
93 61 94 61
95 61 100 61
0 62 1 62
4 62 5 62
9 62 10 62
11 62 15 62
17 62 19 62
22 62 23 62
24 62 32 62
33 62 34 62
37 62 41 62
47 62 50 62
53 62 54 62
55 62 60 62
61 62 62 62
65 62 66 62
67 62 69 62
70 62 72 62
77 62 79 62
85 62 86 62
87 62 88 62
90 62 91 62
93 62 94 62
95 62 96 62
97 62 98 62
99 62 100 62
3 63 5 63
7 63 9 63
13 63 15 63
19 63 27 63
29 63 30 63
35 63 36 63
37 63 41 63
43 63 45 63
46 63 47 63
51 63 52 63
53 63 54 63
58 63 59 63
63 63 65 63
67 63 70 63
71 63 72 63
73 63 74 63
76 63 77 63
79 63 80 63
82 63 89 63
91 63 92 63
93 63 96 63
99 63 100 63
1 64 2 64
4 64 7 64
10 64 11 64
12 64 13 64
15 64 16 64
19 64 21 64
22 64 24 64
30 64 31 64
32 64 35 64
36 64 37 64
39 64 43 64
44 64 47 64
48 64 50 64
52 64 54 64
55 64 57 64
58 64 65 64
71 64 73 64
75 64 77 64
78 64 79 64
81 64 82 64
86 64 92 64
94 64 97 64
98 64 99 64
0 65 3 65
4 65 6 65
7 65 14 65
15 65 17 65
18 65 19 65
23 65 24 65
26 65 33 65
35 65 38 65
39 65 40 65
42 65 43 65
49 65 50 65
51 65 54 65
55 65 56 65
57 65 58 65
59 65 63 65
64 65 66 65
68 65 69 65
73 65 76 65
77 65 78 65
80 65 82 65
83 65 84 65
85 65 87 65
89 65 91 65
92 65 93 65
94 65 95 65
98 65 99 65
4 66 5 66
8 66 9 66
10 66 11 66
12 66 15 66
16 66 20 66
21 66 24 66
26 66 27 66
28 66 30 66
39 66 40 66
41 66 45 66
46 66 49 66
50 66 51 66
53 66 55 66
56 66 58 66
61 66 64 66
65 66 66 66
67 66 70 66
72 66 73 66
74 66 78 66
81 66 83 66
84 66 86 66
88 66 90 66
92 66 97 66
98 66 99 66
0 67 1 67
2 67 5 67
6 67 7 67
8 67 10 67
12 67 14 67
16 67 17 67
18 67 19 67
20 67 23 67
27 67 28 67
32 67 34 67
35 67 36 67
37 67 38 67
40 67 44 67
45 67 46 67
47 67 49 67
51 67 52 67
65 67 66 67
67 67 73 67
75 67 77 67
78 67 79 67
83 67 84 67
85 67 86 67
89 67 90 67
91 67 92 67
93 67 100 67
2 68 4 68
5 68 6 68
7 68 8 68
9 68 12 68
17 68 18 68
19 68 21 68
22 68 26 68
27 68 28 68
29 68 30 68
31 68 33 68
34 68 37 68
38 68 39 68
40 68 41 68
44 68 47 68
51 68 52 68
54 68 55 68
57 68 58 68
60 68 61 68
64 68 65 68
68 68 70 68
75 68 76 68
77 68 81 68
87 68 90 68
96 68 97 68
99 68 100 68
0 69 2 69
3 69 5 69
6 69 7 69
8 69 10 69
11 69 12 69
13 69 15 69
16 69 18 69
19 69 20 69
21 69 25 69
27 69 28 69
30 69 31 69
33 69 35 69
37 69 39 69
42 69 46 69
49 69 50 69
53 69 55 69
56 69 58 69
60 69 61 69
67 69 70 69
73 69 76 69
83 69 86 69
90 69 91 69
92 69 93 69
94 69 95 69
96 69 100 69
2 70 3 70
4 70 6 70
8 70 9 70
13 70 15 70
24 70 26 70
27 70 28 70
29 70 31 70
32 70 33 70
36 70 37 70
44 70 45 70
46 70 47 70
50 70 51 70
52 70 53 70
54 70 55 70
57 70 58 70
60 70 62 70
64 70 65 70
66 70 67 70
68 70 69 70
70 70 74 70
78 70 80 70
81 70 85 70
86 70 91 70
92 70 94 70
98 70 100 70
1 71 2 71
4 71 9 71
11 71 13 71
16 71 17 71
18 71 21 71
22 71 24 71
27 71 29 71
31 71 33 71
34 71 35 71
36 71 37 71
40 71 46 71
49 71 50 71
51 71 53 71
54 71 55 71
57 71 61 71
63 71 67 71
69 71 73 71
76 71 82 71
84 71 92 71
97 71 98 71
99 71 100 71
0 72 3 72
4 72 5 72
7 72 9 72
10 72 11 72
12 72 13 72
14 72 15 72
18 72 21 72
24 72 25 72
26 72 27 72
30 72 32 72
37 72 39 72
40 72 41 72
43 72 46 72
47 72 48 72
49 72 51 72
53 72 54 72
56 72 58 72
60 72 62 72
63 72 70 72
73 72 76 72
78 72 79 72
81 72 84 72
86 72 87 72
91 72 92 72
93 72 95 72
97 72 99 72
11 73 15 73
16 73 17 73
19 73 20 73
23 73 24 73
25 73 29 73
30 73 32 73
33 73 34 73
35 73 36 73
39 73 40 73
41 73 43 73
46 73 47 73
52 73 53 73
57 73 58 73
60 73 63 73
65 73 67 73
71 73 72 73
75 73 77 73
79 73 84 73
85 73 87 73
88 73 89 73
90 73 91 73
92 73 94 73
95 73 96 73
97 73 99 73
1 74 2 74
4 74 5 74
9 74 14 74
15 74 17 74
18 74 19 74
20 74 22 74
24 74 25 74
27 74 29 74
30 74 31 74
32 74 37 74
38 74 40 74
44 74 46 74
48 74 50 74
52 74 53 74
56 74 58 74
60 74 65 74
66 74 67 74
69 74 70 74
71 74 72 74
73 74 74 74
75 74 84 74
85 74 87 74
90 74 92 74
94 74 100 74
0 75 1 75
2 75 4 75
5 75 8 75
9 75 12 75
16 75 19 75
21 75 22 75
23 75 24 75
25 75 32 75
33 75 35 75
39 75 41 75
43 75 46 75
50 75 51 75
53 75 54 75
57 75 58 75
59 75 64 75
67 75 70 75
71 75 75 75
78 75 79 75
81 75 82 75
83 75 84 75
86 75 88 75
89 75 95 75
96 75 97 75
99 75 100 75
0 76 1 76
7 76 10 76
12 76 13 76
15 76 16 76
18 76 21 76
23 76 24 76
26 76 31 76
32 76 34 76
36 76 37 76
40 76 42 76
45 76 46 76
47 76 49 76
53 76 54 76
55 76 57 76
59 76 60 76
62 76 64 76
67 76 70 76
72 76 73 76
74 76 77 76
78 76 81 76
83 76 84 76
87 76 90 76
91 76 92 76
93 76 94 76
95 76 96 76
2 77 4 77
5 77 6 77
7 77 8 77
10 77 11 77
12 77 14 77
17 77 19 77
24 77 25 77
26 77 31 77
33 77 34 77
35 77 36 77
37 77 38 77
39 77 45 77
46 77 48 77
49 77 50 77
52 77 53 77
61 77 64 77
65 77 68 77
69 77 72 77
73 77 74 77
75 77 76 77
83 77 86 77
87 77 89 77
90 77 91 77
96 77 98 77
0 78 1 78
2 78 7 78
9 78 10 78
13 78 15 78
18 78 19 78
20 78 23 78
26 78 27 78
32 78 33 78
36 78 37 78
41 78 42 78
43 78 44 78
50 78 51 78
52 78 55 78
60 78 63 78
65 78 74 78
75 78 77 78
78 78 79 78
85 78 86 78
87 78 91 78
93 78 94 78
95 78 96 78
97 78 99 78
0 79 3 79
8 79 9 79
10 79 11 79
12 79 13 79
14 79 17 79
22 79 23 79
25 79 28 79
32 79 34 79
36 79 38 79
39 79 43 79
44 79 46 79
49 79 53 79
54 79 56 79
57 79 58 79
59 79 60 79
62 79 67 79
68 79 71 79
72 79 73 79
74 79 75 79
77 79 79 79
80 79 81 79
82 79 83 79
84 79 91 79
92 79 98 79
1 80 2 80
3 80 6 80
7 80 11 80
12 80 13 80
15 80 16 80
17 80 18 80
19 80 20 80
21 80 22 80
24 80 25 80
30 80 33 80
34 80 36 80
38 80 40 80
42 80 43 80
45 80 46 80
47 80 52 80
53 80 54 80
56 80 58 80
61 80 62 80
65 80 67 80
68 80 70 80
71 80 72 80
77 80 78 80
79 80 80 80
81 80 82 80
83 80 87 80
91 80 92 80
93 80 94 80
95 80 96 80
0 81 2 81
5 81 6 81
7 81 9 81
15 81 17 81
22 81 24 81
27 81 28 81
30 81 31 81
32 81 38 81
40 81 41 81
42 81 44 81
46 81 47 81
51 81 53 81
57 81 58 81
61 81 62 81
66 81 67 81
69 81 70 81
71 81 74 81
75 81 76 81
77 81 78 81
80 81 81 81
82 81 85 81
86 81 88 81
89 81 90 81
92 81 93 81
94 81 95 81
96 81 100 81
0 82 1 82
2 82 3 82
5 82 6 82
7 82 9 82
10 82 11 82
13 82 15 82
18 82 21 82
22 82 25 82
27 82 28 82
30 82 31 82
32 82 34 82
35 82 36 82
37 82 38 82
39 82 40 82
41 82 42 82
44 82 45 82
46 82 48 82
51 82 53 82
54 82 55 82
58 82 59 82
60 82 63 82
65 82 68 82
70 82 72 82
74 82 75 82
77 82 78 82
82 82 85 82
86 82 87 82
88 82 92 82
94 82 95 82
96 82 99 82
0 83 1 83
3 83 4 83
5 83 7 83
8 83 10 83
11 83 13 83
16 83 17 83
18 83 20 83
22 83 27 83
29 83 32 83
33 83 34 83
35 83 37 83
38 83 41 83
43 83 45 83
48 83 49 83
50 83 52 83
53 83 56 83
58 83 59 83
60 83 61 83
62 83 63 83
64 83 67 83
72 83 74 83
77 83 79 83
82 83 83 83
85 83 86 83
87 83 89 83
91 83 92 83
95 83 99 83
2 84 3 84
4 84 5 84
9 84 10 84
12 84 13 84
14 84 16 84
18 84 19 84
20 84 23 84
24 84 26 84
27 84 29 84
30 84 33 84
35 84 36 84
38 84 40 84
41 84 44 84
46 84 47 84
48 84 50 84
51 84 52 84
53 84 54 84
56 84 57 84
61 84 64 84
65 84 66 84
67 84 69 84
71 84 73 84
75 84 79 84
80 84 83 84
84 84 85 84
86 84 87 84
89 84 90 84
95 84 97 84
98 84 100 84
0 85 1 85
2 85 3 85
4 85 5 85
7 85 8 85
9 85 12 85
14 85 16 85
20 85 23 85
24 85 26 85
27 85 31 85
34 85 36 85
38 85 40 85
41 85 42 85
43 85 45 85
46 85 48 85
51 85 52 85
53 85 56 85
57 85 59 85
63 85 65 85
67 85 68 85
70 85 71 85
73 85 74 85
75 85 76 85
78 85 79 85
80 85 81 85
82 85 83 85
84 85 86 85
88 85 89 85
90 85 93 85
94 85 96 85
97 85 99 85
0 86 3 86
7 86 9 86
11 86 12 86
14 86 21 86
22 86 24 86
25 86 27 86
28 86 30 86
31 86 32 86
33 86 36 86
38 86 39 86
42 86 46 86
47 86 48 86
53 86 54 86
55 86 56 86
58 86 59 86
60 86 66 86
67 86 70 86
72 86 75 86
77 86 79 86
80 86 82 86
83 86 84 86
86 86 94 86
95 86 100 86
0 87 1 87
2 87 3 87
13 87 14 87
16 87 20 87
23 87 25 87
26 87 27 87
32 87 34 87
36 87 38 87
39 87 40 87
41 87 42 87
46 87 47 87
51 87 52 87
55 87 56 87
57 87 60 87
61 87 63 87
65 87 67 87
69 87 72 87
73 87 75 87
76 87 78 87
79 87 82 87
83 87 84 87
85 87 86 87
87 87 88 87
89 87 92 87
93 87 94 87
98 87 100 87
0 88 1 88
3 88 8 88
10 88 11 88
16 88 18 88
19 88 20 88
25 88 33 88
36 88 39 88
40 88 44 88
45 88 47 88
49 88 50 88
52 88 53 88
54 88 56 88
57 88 58 88
60 88 64 88
65 88 66 88
67 88 69 88
70 88 72 88
73 88 74 88
75 88 76 88
82 88 84 88
85 88 86 88
87 88 88 88
90 88 91 88
93 88 94 88
95 88 97 88
98 88 100 88
0 89 4 89
7 89 9 89
10 89 11 89
12 89 13 89
14 89 15 89
16 89 17 89
18 89 19 89
22 89 23 89
24 89 26 89
28 89 30 89
32 89 33 89
34 89 38 89
39 89 40 89
41 89 42 89
43 89 44 89
45 89 46 89
48 89 50 89
51 89 52 89
55 89 56 89
57 89 58 89
61 89 66 89
67 89 71 89
72 89 73 89
75 89 76 89
78 89 80 89
85 89 86 89
95 89 97 89
99 89 100 89
0 90 1 90
2 90 4 90
8 90 10 90
14 90 16 90
18 90 21 90
22 90 24 90
26 90 27 90
30 90 31 90
34 90 35 90
36 90 38 90
39 90 40 90
41 90 44 90
45 90 50 90
52 90 54 90
56 90 57 90
58 90 66 90
67 90 68 90
70 90 71 90
73 90 74 90
77 90 78 90
80 90 84 90
89 90 90 90
92 90 94 90
95 90 96 90
97 90 99 90
0 91 3 91
8 91 9 91
10 91 11 91
15 91 16 91
17 91 18 91
19 91 20 91
21 91 22 91
23 91 24 91
28 91 29 91
32 91 36 91
37 91 39 91
41 91 43 91
44 91 45 91
46 91 47 91
49 91 55 91
58 91 63 91
69 91 70 91
72 91 73 91
78 91 79 91
86 91 87 91
88 91 89 91
92 91 96 91
98 91 100 91
0 92 3 92
5 92 8 92
9 92 10 92
11 92 15 92
16 92 17 92
19 92 20 92
21 92 23 92
26 92 28 92
29 92 31 92
34 92 42 92
47 92 52 92
55 92 58 92
61 92 62 92
63 92 64 92
66 92 68 92
70 92 72 92
75 92 77 92
78 92 81 92
82 92 85 92
90 92 91 92
92 92 94 92
95 92 100 92
0 93 1 93
2 93 3 93
4 93 5 93
9 93 11 93
12 93 13 93
16 93 19 93
20 93 22 93
24 93 25 93
26 93 29 93
30 93 33 93
34 93 36 93
37 93 38 93
39 93 42 93
45 93 46 93
49 93 51 93
60 93 65 93
68 93 70 93
72 93 73 93
74 93 77 93
78 93 80 93
84 93 85 93
86 93 88 93
90 93 91 93
92 93 94 93
95 93 98 93
8 94 9 94
13 94 14 94
15 94 16 94
17 94 18 94
23 94 26 94
29 94 30 94
32 94 35 94
39 94 40 94
41 94 42 94
43 94 44 94
47 94 48 94
49 94 50 94
51 94 54 94
55 94 57 94
60 94 61 94
65 94 66 94
68 94 72 94
74 94 77 94
81 94 82 94
87 94 88 94
91 94 93 94
96 94 97 94
98 94 99 94
3 95 7 95
8 95 12 95
14 95 17 95
20 95 22 95
24 95 25 95
26 95 31 95
32 95 35 95
36 95 37 95
41 95 42 95
43 95 47 95
51 95 52 95
58 95 60 95
62 95 63 95
66 95 67 95
71 95 72 95
75 95 77 95
79 95 80 95
81 95 87 95
88 95 89 95
90 95 92 95
0 96 1 96
3 96 5 96
6 96 7 96
8 96 10 96
11 96 13 96
20 96 21 96
22 96 23 96
24 96 26 96
29 96 30 96
32 96 35 96
37 96 40 96
41 96 42 96
43 96 45 96
48 96 50 96
51 96 52 96
54 96 55 96
56 96 60 96
62 96 64 96
70 96 71 96
72 96 74 96
75 96 76 96
78 96 81 96
82 96 83 96
84 96 85 96
86 96 88 96
89 96 91 96
92 96 93 96
94 96 95 96
96 96 99 96
0 97 1 97
3 97 4 97
5 97 7 97
9 97 10 97
11 97 12 97
14 97 15 97
16 97 19 97
24 97 25 97
26 97 27 97
32 97 36 97
37 97 39 97
41 97 42 97
44 97 48 97
49 97 53 97
54 97 55 97
57 97 60 97
61 97 64 97
65 97 70 97
71 97 72 97
73 97 74 97
75 97 76 97
77 97 78 97
79 97 80 97
81 97 84 97
86 97 87 97
88 97 89 97
90 97 92 97
93 97 96 97
99 97 100 97
0 98 3 98
5 98 7 98
11 98 12 98
13 98 14 98
16 98 17 98
18 98 19 98
22 98 23 98
25 98 27 98
30 98 31 98
35 98 36 98
41 98 43 98
44 98 54 98
55 98 60 98
62 98 63 98
64 98 65 98
68 98 70 98
73 98 74 98
76 98 77 98
78 98 80 98
81 98 82 98
84 98 85 98
88 98 91 98
92 98 93 98
94 98 96 98
97 98 99 98
0 99 1 99
3 99 4 99
10 99 12 99
14 99 18 99
19 99 20 99
23 99 25 99
31 99 33 99
35 99 36 99
39 99 40 99
41 99 42 99
43 99 44 99
45 99 47 99
52 99 54 99
55 99 56 99
57 99 58 99
60 99 62 99
63 99 64 99
67 99 68 99
69 99 70 99
71 99 72 99
73 99 75 99
77 99 78 99
80 99 82 99
83 99 84 99
85 99 87 99
88 99 89 99
90 99 91 99
92 99 93 99
97 99 99 99
0 100 2 100
3 100 4 100
6 100 11 100
13 100 19 100
20 100 23 100
26 100 29 100
30 100 31 100
37 100 38 100
41 100 44 100
45 100 51 100
52 100 54 100
58 100 59 100
62 100 64 100
65 100 66 100
67 100 68 100
69 100 70 100
72 100 74 100
75 100 77 100
78 100 79 100
82 100 84 100
86 100 89 100
90 100 91 100
92 100 95 100
98 100 100 100
0 27 0 28
0 48 0 49
0 57 0 58
0 59 0 60
0 69 0 70
0 81 0 82
0 87 0 88
1 4 1 5
1 7 1 8
1 19 1 20
1 22 1 23
1 26 1 27
1 62 1 63
1 92 1 93
1 95 1 96
2 9 2 11
2 20 2 21
2 35 2 37
2 56 2 57
3 41 3 42
3 69 3 70
3 90 3 91
4 1 4 2
4 4 4 5
4 6 4 7
4 16 4 18
4 21 4 22
4 34 4 36
4 38 4 40
4 42 4 44
4 54 4 55
4 61 4 62
4 67 4 68
4 78 4 79
4 81 4 82
4 94 4 95
5 18 5 19
5 42 5 43
5 48 5 49
5 64 5 65
5 67 5 69
5 70 5 72
5 77 5 78
5 83 5 84
6 5 6 6
6 10 6 11
6 15 6 18
6 33 6 34
6 38 6 39
6 51 6 52
6 65 6 66
6 71 6 72
6 74 6 75
6 84 6 85
7 3 7 4
7 5 7 6
7 11 7 12
7 17 7 18
7 44 7 45
7 51 7 52
7 66 7 67
7 70 7 71
7 89 7 90
7 91 7 92
8 7 8 8
8 13 8 14
8 26 8 27
8 30 8 31
8 35 8 36
8 45 8 46
8 60 8 61
8 73 8 74
8 75 8 76
8 84 8 85
8 88 8 89
8 93 8 94
9 10 9 11
9 23 9 24
9 28 9 30
9 36 9 37
9 46 9 47
9 48 9 49
9 61 9 62
9 65 9 66
9 75 9 76
9 93 9 94
9 97 9 100
10 21 10 22
10 52 10 53
10 55 10 56
10 58 10 60
10 68 10 69
10 91 10 92
11 6 11 7
11 28 11 30
11 42 11 43
11 56 11 57
11 67 11 68
11 71 11 72
11 76 11 77
11 92 11 93
12 13 12 14
12 21 12 22
12 24 12 25
12 49 12 50
12 59 12 60
12 71 12 72
12 89 12 90
13 16 13 18
13 27 13 28
13 32 13 34
13 81 13 82
14 18 14 20
14 22 14 23
14 26 14 27
14 28 14 29
14 49 14 50
14 54 14 55
14 65 14 66
14 67 14 68
14 80 14 81
15 7 15 8
15 14 15 15
15 29 15 30
15 34 15 35
15 45 15 47
15 61 15 62
15 73 15 74
15 80 15 81
15 85 15 86
15 99 15 100
16 3 16 4
16 11 16 12
16 50 16 51
16 68 16 69
16 72 16 73
16 81 16 83
17 13 17 14
17 16 17 18
17 22 17 23
17 25 17 26
17 28 17 30
17 33 17 34
17 38 17 39
17 44 17 45
17 62 17 63
17 75 17 76
17 79 17 80
18 7 18 8
18 17 18 18
18 19 18 20
18 34 18 35
18 50 18 52
18 57 18 58
18 85 18 86
19 6 19 8
19 14 19 15
19 27 19 28
19 67 19 68
19 70 19 71
19 80 19 81
19 92 19 93
19 97 19 98
20 9 20 10
20 14 20 15
20 24 20 25
20 37 20 38
20 45 20 46
20 52 20 53
20 67 20 68
20 76 20 77
20 79 20 80
20 84 20 85
21 1 21 2
21 3 21 4
21 20 21 21
21 25 21 26
21 47 21 48
21 79 21 80
21 96 21 97
21 99 21 100
22 0 22 1
22 9 22 10
22 13 22 14
22 23 22 24
22 28 22 29
22 41 22 42
22 65 22 66
22 67 22 68
22 72 22 73
23 6 23 7
23 21 23 22
23 23 23 24
23 25 23 26
23 44 23 45
23 53 23 54
23 57 23 58
23 97 23 98
24 9 24 10
24 48 24 49
24 59 24 60
24 76 24 77
24 80 24 81
24 83 24 84
25 5 25 6
25 10 25 11
25 14 25 15
25 35 25 36
25 77 25 78
25 82 25 83
25 88 25 89
25 91 25 92
25 98 25 99
26 18 26 19
26 22 26 23
26 24 26 25
26 41 26 42
26 45 26 46
26 48 26 49
26 66 26 67
26 68 26 69
26 74 26 75
26 85 26 86
27 4 27 5
27 6 27 7
27 19 27 20
27 24 27 25
27 26 27 27
27 29 27 30
27 31 27 32
27 49 27 50
27 59 27 60
27 74 27 75
27 91 27 92
28 4 28 5
28 21 28 23
28 40 28 41
28 57 28 58
28 61 28 62
28 72 28 73
28 83 28 84
28 94 28 95
29 23 29 25
29 32 29 33
29 35 29 36
29 38 29 39
29 60 29 62
29 63 29 64
29 76 29 77
29 78 29 80
29 95 29 96
30 15 30 16
30 23 30 25
30 35 30 36
30 42 30 43
30 61 30 62
30 68 30 69
30 82 30 83
30 87 30 88
30 95 30 96
31 11 31 12
31 29 31 30
31 77 31 78
31 84 31 85
31 86 31 87
32 27 32 28
32 29 32 30
32 36 32 37
32 44 32 45
32 50 32 51
32 83 32 84
32 98 32 99
33 0 33 1
33 3 33 5
33 14 33 15
33 27 33 28
33 39 33 40
33 45 33 46
33 60 33 61
33 68 33 69
33 86 33 87
33 90 33 92
33 99 33 100
34 23 34 24
34 37 34 38
34 51 34 52
34 55 34 56
34 71 34 73
34 77 34 78
34 86 34 87
35 0 35 1
35 3 35 4
35 7 35 8
35 16 35 17
35 18 35 19
35 28 35 29
35 30 35 31
35 35 35 36
35 55 35 56
35 64 35 65
35 73 35 74
35 85 35 86
35 92 35 93
35 94 35 95
36 16 36 17
36 20 36 21
36 35 36 36
36 50 36 51
36 53 36 54
36 73 36 74
36 93 36 95
36 96 36 97
36 99 36 100
37 0 37 1
37 10 37 11
37 34 37 35
37 44 37 45
37 59 37 60
37 61 37 62
37 72 37 73
37 82 37 83
37 95 37 96
38 49 38 50
38 79 38 80
38 81 38 82
38 86 38 88
38 89 38 90
39 23 39 24
39 47 39 48
39 79 39 81
40 3 40 4
40 21 40 23
40 40 40 41
40 56 40 57
40 72 40 73
40 81 40 82
41 0 41 2
41 12 41 14
41 15 41 16
41 30 41 31
41 32 41 33
41 44 41 45
41 46 41 47
41 56 41 57
41 58 41 60
41 72 41 73
41 96 41 97
42 0 42 1
42 9 42 10
42 26 42 28
42 62 42 63
42 66 42 68
42 69 42 70
42 84 42 85
43 7 43 8
43 16 43 17
43 22 43 23
43 42 43 43
43 44 43 45
43 56 43 57
43 93 43 94
44 0 44 1
44 3 44 4
44 7 44 8
44 19 44 20
44 22 44 23
44 25 44 26
44 32 44 34
44 35 44 36
44 66 44 67
44 72 44 73
44 82 44 83
44 84 44 85
44 90 44 91
45 0 45 1
45 22 45 23
45 33 45 35
45 39 45 40
45 66 45 67
45 78 45 79
45 95 45 96
46 3 46 4
46 7 46 8
46 12 46 13
46 14 46 15
46 40 46 41
46 43 46 44
46 51 46 52
46 59 46 60
46 64 46 65
46 72 46 73
46 94 46 95
47 37 47 38
47 54 47 55
47 56 47 57
47 62 47 63
47 81 47 83
47 84 47 85
48 27 48 28
48 33 48 34
48 40 48 41
48 47 48 48
48 66 48 67
48 99 48 100
49 21 49 22
49 23 49 24
49 49 49 50
49 55 49 56
49 61 49 62
49 64 49 65
49 74 49 75
49 87 49 88
50 3 50 4
50 8 50 9
50 45 50 47
50 86 50 87
51 19 51 21
51 23 51 24
51 26 51 27
51 37 51 38
51 49 51 50
51 60 51 61
51 62 51 63
52 0 52 1
52 3 52 5
52 28 52 29
52 50 52 51
52 52 52 53
52 65 52 66
52 68 52 69
52 70 52 71
52 75 52 76
52 79 52 80
52 89 52 92
52 93 52 94
53 13 53 14
53 23 53 24
53 40 53 41
53 42 53 44
53 57 53 58
53 63 53 64
53 90 53 91
54 39 54 40
54 50 54 51
54 57 54 58
54 61 54 62
54 64 54 65
54 73 54 74
54 91 54 92
54 94 54 95
55 1 55 2
55 18 55 20
55 40 55 41
55 46 55 47
55 52 55 53
55 92 55 93
56 0 56 1
56 7 56 8
56 38 56 39
56 54 56 55
56 79 56 80
56 81 56 82
56 97 56 98
57 12 57 13
57 19 57 20
57 23 57 24
57 25 57 26
57 38 57 39
57 53 57 55
57 80 57 81
57 87 57 88
57 94 57 95
58 23 58 24
58 38 58 39
58 40 58 42
58 47 58 49
58 56 58 57
58 73 58 74
58 93 58 94
58 97 58 98
59 15 59 16
59 18 59 20
59 22 59 25
59 30 59 32
59 45 59 47
59 56 59 57
59 80 59 82
59 87 59 88
59 95 59 96
60 2 60 3
60 8 60 9
60 13 60 14
60 15 60 16
60 30 60 31
60 36 60 37
60 43 60 44
60 52 60 53
60 60 60 61
60 82 60 83
61 15 61 16
61 21 61 22
61 37 61 38
61 49 61 50
61 62 61 63
61 72 61 73
61 74 61 75
61 76 61 77
61 79 61 80
61 86 61 87
61 91 61 92
62 14 62 15
62 35 62 36
62 38 62 39
62 43 62 44
62 47 62 48
62 53 62 54
62 64 62 65
62 82 62 83
63 9 63 10
63 13 63 14
63 15 63 16
63 19 63 20
63 40 63 41
63 62 63 63
63 68 63 69
63 72 63 73
63 81 63 82
63 83 63 84
64 1 64 2
64 12 64 13
64 26 64 27
64 45 64 46
64 76 64 77
64 84 64 85
64 89 64 90
64 93 64 94
64 97 64 98
65 2 65 3
65 17 65 18
65 25 65 26
65 35 65 36
65 37 65 38
65 60 65 61
65 66 65 67
65 69 65 70
65 80 65 82
65 97 65 99
66 10 66 11
66 12 66 14
66 24 66 25
66 35 66 36
66 37 66 38
66 43 66 44
66 63 66 64
66 66 66 67
66 84 66 85
66 94 66 95
67 22 67 23
67 28 67 29
67 35 67 36
67 43 67 44
67 49 67 50
67 72 67 73
67 75 67 76
67 81 67 82
68 0 68 1
68 8 68 9
68 15 68 16
68 17 68 18
68 41 68 43
68 51 68 52
68 55 68 57
68 77 68 78
68 90 68 91
68 94 68 95
68 96 68 97
68 98 68 99
69 20 69 21
69 56 69 57
69 75 69 76
69 87 69 88
69 90 69 92
70 10 70 11
70 16 70 17
70 27 70 28
70 37 70 38
70 47 70 48
70 55 70 56
70 67 70 68
70 86 70 87
70 88 70 90
70 94 70 96
71 5 71 6
71 12 71 13
71 14 71 15
71 16 71 17
71 28 71 29
71 31 71 32
71 35 71 37
71 40 71 41
71 42 71 43
71 87 71 90
71 98 71 99
72 10 72 11
72 13 72 15
72 16 72 17
72 40 72 41
72 60 72 61
72 83 72 84
72 86 72 87
73 3 73 4
73 10 73 11
73 14 73 15
73 19 73 20
73 27 73 28
73 58 73 59
73 67 73 68
73 77 73 78
74 17 74 18
74 31 74 32
74 56 74 57
74 68 74 69
74 90 74 91
75 3 75 4
75 10 75 11
75 17 75 18
75 19 75 21
75 26 75 27
75 35 75 36
75 41 75 42
75 46 75 47
75 48 75 49
75 55 75 56
75 86 75 88
76 8 76 10
76 18 76 19
76 25 76 26
76 33 76 34
76 39 76 40
76 47 76 48
76 60 76 61
76 72 76 73
76 84 76 85
77 6 77 7
77 10 77 11
77 12 77 13
77 55 77 56
77 57 77 58
77 72 77 74
77 89 77 90
78 19 78 20
78 26 78 27
78 28 78 29
78 48 78 49
78 50 78 51
78 55 78 56
78 58 78 60
78 70 78 71
78 74 78 75
78 94 78 95
79 22 79 23
79 25 79 26
79 38 79 39
79 45 79 46
79 53 79 54
79 56 79 57
79 58 79 59
79 65 79 66
79 83 79 84
79 95 79 96
80 2 80 3
80 6 80 7
80 13 80 14
80 44 80 45
80 50 80 51
80 58 80 59
80 62 80 63
80 65 80 66
80 71 80 72
80 74 80 75
80 83 80 84
80 88 80 89
81 16 81 17
81 71 81 72
81 74 81 76
81 91 81 93
82 2 82 4
82 5 82 6
82 58 82 59
82 62 82 64
82 70 82 71
82 79 82 80
82 95 82 96
83 5 83 6
83 7 83 8
83 13 83 14
83 35 83 36
83 90 83 91
83 93 83 94
84 6 84 7
84 12 84 13
84 15 84 16
84 24 84 26
84 31 84 32
84 40 84 41
84 48 84 49
84 56 84 57
84 58 84 60
84 71 84 72
84 83 84 84
85 1 85 2
85 12 85 13
85 14 85 15
85 21 85 23
85 27 85 28
85 62 85 64
86 3 86 4
86 11 86 13
86 19 86 20
86 70 86 71
86 72 86 74
86 75 86 76
86 78 86 79
86 95 86 96
87 0 87 1
87 10 87 11
87 71 87 72
88 16 88 17
88 25 88 26
88 30 88 31
88 49 88 50
88 54 88 55
88 68 88 69
89 3 89 4
89 48 89 49
89 68 89 69
89 84 89 85
89 86 89 87
90 7 90 8
90 11 90 12
90 26 90 27
90 45 90 46
90 58 90 59
90 72 90 73
90 84 90 85
90 90 90 91
90 96 90 97
90 99 90 100
91 11 91 12
91 24 91 25
91 37 91 38
91 46 91 47
91 74 91 75
91 76 91 78
91 83 91 85
91 94 91 95
91 97 91 98
91 99 91 100
92 4 92 5
92 16 92 20
92 27 92 29
92 34 92 35
92 39 92 40
92 42 92 43
92 52 92 53
92 54 92 55
92 89 92 90
92 93 92 94
92 95 92 96
93 0 93 1
93 2 93 3
93 5 93 6
93 36 93 37
93 38 93 39
93 54 93 55
93 59 93 60
93 62 93 63
93 69 93 70
93 76 93 77
94 9 94 10
94 25 94 26
94 29 94 30
94 32 94 33
94 38 94 39
94 47 94 48
94 52 94 53
94 61 94 62
94 94 94 95
95 5 95 7
95 16 95 17
95 20 95 21
95 23 95 24
95 33 95 34
95 41 95 42
95 44 95 45
95 50 95 51
95 57 95 58
95 62 95 63
95 82 95 83
95 85 95 86
96 6 96 7
96 10 96 11
96 12 96 13
96 29 96 30
96 31 96 32
96 36 96 37
96 41 96 42
96 51 96 52
96 54 96 55
96 65 96 66
96 76 96 77
96 79 96 80
96 89 96 90
96 98 96 99
97 10 97 11
97 15 97 16
97 27 97 28
97 54 97 55
97 88 97 89
97 93 97 94
97 97 97 98
98 6 98 7
98 9 98 10
98 20 98 21
98 22 98 23
98 38 98 39
98 46 98 47
98 48 98 49
98 56 98 57
98 73 98 74
98 77 98 78
98 79 98 80
98 86 98 87
98 98 98 99
99 2 99 3
99 7 99 9
99 34 99 35
99 42 99 43
99 53 99 54
99 56 99 58
100 21 100 22
100 25 100 26
100 31 100 32
100 38 100 39
100 44 100 45
100 46 100 47
100 62 100 63
100 68 100 69
100 72 100 73
100 75 100 76
100 93 100 94
