80 90 2136
0 0 3 0
4 0 17 0
19 0 21 0
22 0 23 0
24 0 38 0
39 0 54 0
55 0 57 0
58 0 66 0
68 0 80 0
1 1 8 1
10 1 19 1
20 1 33 1
34 1 45 1
46 1 53 1
54 1 58 1
59 1 67 1
68 1 69 1
70 1 71 1
72 1 80 1
1 2 4 2
5 2 7 2
9 2 14 2
16 2 19 2
21 2 25 2
26 2 32 2
33 2 35 2
36 2 37 2
38 2 39 2
40 2 43 2
44 2 47 2
48 2 80 2
0 3 11 3
13 3 14 3
16 3 22 3
23 3 34 3
35 3 38 3
39 3 40 3
41 3 42 3
43 3 45 3
46 3 47 3
49 3 57 3
58 3 59 3
61 3 62 3
64 3 72 3
73 3 80 3
0 4 2 4
3 4 4 4
5 4 6 4
7 4 9 4
10 4 15 4
16 4 25 4
26 4 33 4
35 4 41 4
42 4 45 4
46 4 47 4
48 4 53 4
54 4 56 4
57 4 60 4
61 4 64 4
65 4 67 4
69 4 71 4
72 4 77 4
78 4 80 4
0 5 3 5
4 5 8 5
9 5 10 5
12 5 13 5
14 5 15 5
16 5 20 5
21 5 22 5
23 5 29 5
30 5 36 5
37 5 39 5
40 5 42 5
43 5 46 5
47 5 71 5
72 5 79 5
0 6 1 6
2 6 4 6
5 6 7 6
8 6 16 6
17 6 20 6
21 6 34 6
35 6 36 6
37 6 56 6
57 6 60 6
61 6 62 6
63 6 71 6
72 6 74 6
75 6 78 6
79 6 80 6
0 7 7 7
8 7 21 7
23 7 24 7
25 7 26 7
28 7 33 7
34 7 37 7
38 7 52 7
54 7 59 7
60 7 62 7
63 7 68 7
69 7 71 7
72 7 73 7
75 7 77 7
78 7 80 7
2 8 3 8
4 8 6 8
7 8 13 8
14 8 16 8
18 8 25 8
26 8 27 8
29 8 33 8
35 8 36 8
37 8 40 8
43 8 48 8
49 8 50 8
51 8 58 8
59 8 60 8
61 8 63 8
66 8 73 8
74 8 80 8
0 9 10 9
12 9 13 9
14 9 18 9
19 9 24 9
25 9 30 9
31 9 37 9
38 9 48 9
49 9 51 9
52 9 53 9
54 9 55 9
58 9 59 9
62 9 63 9
65 9 69 9
70 9 73 9
74 9 78 9
79 9 80 9
0 10 2 10
3 10 4 10
5 10 6 10
7 10 11 10
12 10 22 10
23 10 29 10
30 10 31 10
32 10 35 10
37 10 40 10
41 10 43 10
44 10 47 10
48 10 56 10
57 10 64 10
66 10 69 10
70 10 74 10
75 10 76 10
77 10 79 10
0 11 8 11
9 11 11 11
12 11 25 11
26 11 31 11
32 11 35 11
36 11 38 11
41 11 42 11
43 11 51 11
52 11 55 11
56 11 60 11
62 11 64 11
65 11 69 11
70 11 77 11
78 11 80 11
0 12 7 12
9 12 11 12
13 12 18 12
19 12 20 12
21 12 34 12
35 12 48 12
50 12 51 12
53 12 56 12
57 12 61 12
62 12 68 12
69 12 70 12
71 12 74 12
75 12 80 12
0 13 2 13
3 13 4 13
6 13 11 13
12 13 14 13
15 13 16 13
17 13 19 13
20 13 22 13
23 13 29 13
30 13 45 13
46 13 54 13
55 13 58 13
59 13 60 13
61 13 79 13
0 14 11 14
12 14 26 14
27 14 32 14
33 14 35 14
36 14 41 14
42 14 44 14
46 14 50 14
52 14 56 14
57 14 58 14
59 14 80 14
1 15 3 15
4 15 9 15
12 15 20 15
21 15 24 15
25 15 31 15
33 15 34 15
35 15 37 15
38 15 55 15
56 15 59 15
60 15 67 15
68 15 80 15
0 16 1 16
2 16 13 16
14 16 15 16
16 16 26 16
27 16 33 16
34 16 45 16
46 16 47 16
48 16 49 16
50 16 66 16
69 16 73 16
74 16 78 16
79 16 80 16
1 17 3 17
5 17 8 17
9 17 47 17
49 17 51 17
53 17 54 17
57 17 58 17
59 17 61 17
62 17 67 17
68 17 71 17
72 17 74 17
76 17 78 17
0 18 2 18
3 18 5 18
6 18 7 18
8 18 10 18
11 18 14 18
15 18 16 18
18 18 33 18
34 18 37 18
38 18 39 18
41 18 51 18
53 18 58 18
59 18 60 18
61 18 66 18
67 18 69 18
70 18 77 18
78 18 79 18
0 19 1 19
2 19 5 19
7 19 9 19
10 19 15 19
16 19 17 19
20 19 21 19
22 19 25 19
26 19 30 19
31 19 32 19
33 19 34 19
36 19 38 19
39 19 42 19
43 19 44 19
47 19 49 19
50 19 55 19
56 19 61 19
62 19 70 19
71 19 75 19
77 19 80 19
0 20 1 20
2 20 9 20
14 20 15 20
16 20 21 20
23 20 24 20
25 20 26 20
27 20 30 20
31 20 33 20
34 20 37 20
38 20 43 20
44 20 45 20
46 20 48 20
49 20 52 20
53 20 55 20
56 20 58 20
59 20 61 20
62 20 67 20
68 20 74 20
75 20 76 20
78 20 80 20
0 21 9 21
11 21 15 21
17 21 19 21
20 21 32 21
33 21 36 21
37 21 42 21
43 21 44 21
45 21 47 21
48 21 51 21
52 21 61 21
62 21 63 21
64 21 68 21
69 21 73 21
74 21 76 21
77 21 80 21
0 22 12 22
13 22 19 22
21 22 27 22
28 22 30 22
31 22 33 22
34 22 58 22
59 22 60 22
62 22 66 22
69 22 80 22
0 23 1 23
2 23 3 23
4 23 13 23
17 23 20 23
21 23 22 23
23 23 32 23
33 23 37 23
38 23 43 23
45 23 47 23
48 23 59 23
60 23 61 23
62 23 68 23
69 23 79 23
0 24 7 24
8 24 9 24
10 24 20 24
22 24 23 24
24 24 27 24
28 24 29 24
30 24 31 24
32 24 45 24
46 24 48 24
51 24 52 24
53 24 57 24
58 24 70 24
71 24 80 24
0 25 5 25
6 25 28 25
29 25 30 25
32 25 59 25
60 25 63 25
65 25 68 25
69 25 71 25
72 25 80 25
0 26 25 26
27 26 28 26
29 26 37 26
38 26 39 26
40 26 41 26
43 26 52 26
53 26 55 26
56 26 57 26
58 26 68 26
70 26 75 26
76 26 77 26
78 26 80 26
0 27 5 27
6 27 8 27
9 27 10 27
11 27 13 27
14 27 18 27
19 27 26 27
28 27 31 27
32 27 41 27
43 27 45 27
46 27 63 27
64 27 65 27
66 27 75 27
76 27 78 27
79 27 80 27
0 28 1 28
2 28 4 28
5 28 6 28
8 28 15 28
16 28 19 28
20 28 22 28
23 28 32 28
33 28 35 28
36 28 37 28
38 28 40 28
42 28 55 28
56 28 62 28
63 28 64 28
65 28 69 28
70 28 77 28
78 28 80 28
0 29 2 29
3 29 14 29
15 29 29 29
30 29 34 29
35 29 51 29
52 29 69 29
70 29 74 29
75 29 80 29
0 30 3 30
5 30 7 30
8 30 15 30
16 30 25 30
27 30 28 30
29 30 31 30
33 30 40 30
41 30 44 30
45 30 61 30
62 30 65 30
66 30 68 30
69 30 75 30
77 30 79 30
0 31 5 31
6 31 8 31
9 31 15 31
16 31 25 31
26 31 36 31
38 31 47 31
48 31 51 31
52 31 67 31
68 31 71 31
72 31 80 31
1 32 10 32
11 32 18 32
19 32 24 32
25 32 29 32
30 32 43 32
44 32 45 32
46 32 47 32
48 32 50 32
52 32 56 32
59 32 66 32
67 32 71 32
72 32 73 32
74 32 75 32
76 32 77 32
78 32 80 32
0 33 7 33
8 33 9 33
11 33 13 33
14 33 16 33
17 33 20 33
22 33 23 33
25 33 31 33
32 33 34 33
35 33 40 33
44 33 50 33
52 33 54 33
55 33 68 33
69 33 74 33
75 33 80 33
0 34 3 34
4 34 12 34
14 34 15 34
16 34 40 34
41 34 43 34
44 34 46 34
47 34 65 34
66 34 74 34
75 34 78 34
79 34 80 34
0 35 2 35
3 35 5 35
6 35 11 35
12 35 15 35
16 35 17 35
18 35 23 35
24 35 28 35
29 35 40 35
41 35 42 35
43 35 45 35
46 35 48 35
49 35 50 35
52 35 54 35
55 35 66 35
67 35 71 35
73 35 79 35
0 36 6 36
7 36 15 36
16 36 18 36
21 36 29 36
30 36 32 36
36 36 39 36
40 36 41 36
42 36 51 36
52 36 59 36
60 36 70 36
72 36 73 36
74 36 79 36
0 37 15 37
16 37 21 37
22 37 24 37
25 37 26 37
27 37 29 37
30 37 34 37
35 37 44 37
45 37 70 37
71 37 73 37
74 37 80 37
1 38 3 38
4 38 6 38
7 38 11 38
12 38 14 38
15 38 22 38
24 38 26 38
27 38 34 38
35 38 37 38
38 38 39 38
40 38 51 38
52 38 53 38
54 38 55 38
56 38 57 38
58 38 64 38
65 38 66 38
67 38 78 38
79 38 80 38
0 39 4 39
5 39 22 39
24 39 27 39
28 39 35 39
36 39 39 39
40 39 45 39
46 39 49 39
50 39 51 39
52 39 55 39
56 39 58 39
59 39 64 39
65 39 75 39
76 39 80 39
0 40 2 40
3 40 5 40
6 40 9 40
10 40 12 40
13 40 20 40
21 40 22 40
24 40 38 40
39 40 41 40
42 40 45 40
46 40 47 40
49 40 55 40
57 40 63 40
65 40 77 40
78 40 80 40
2 41 15 41
16 41 19 41
20 41 29 41
30 41 37 41
38 41 42 41
43 41 45 41
46 41 51 41
52 41 54 41
57 41 58 41
59 41 70 41
72 41 77 41
78 41 80 41
1 42 7 42
8 42 10 42
11 42 14 42
15 42 19 42
20 42 27 42
28 42 39 42
40 42 48 42
49 42 54 42
55 42 65 42
67 42 68 42
71 42 74 42
75 42 80 42
1 43 4 43
5 43 12 43
13 43 19 43
20 43 26 43
27 43 32 43
33 43 39 43
40 43 41 43
42 43 45 43
46 43 56 43
57 43 63 43
64 43 70 43
71 43 75 43
76 43 77 43
78 43 80 43
1 44 6 44
7 44 20 44
21 44 28 44
29 44 37 44
38 44 39 44
40 44 55 44
56 44 57 44
59 44 63 44
64 44 67 44
68 44 70 44
72 44 75 44
77 44 80 44
0 45 6 45
7 45 8 45
9 45 17 45
18 45 20 45
21 45 26 45
27 45 28 45
29 45 33 45
34 45 36 45
37 45 48 45
49 45 54 45
55 45 63 45
65 45 70 45
71 45 72 45
74 45 75 45
76 45 78 45
79 45 80 45
0 46 2 46
3 46 4 46
7 46 8 46
9 46 12 46
13 46 14 46
15 46 19 46
20 46 34 46
35 46 56 46
57 46 61 46
62 46 76 46
77 46 80 46
0 47 18 47
19 47 21 47
22 47 24 47
25 47 33 47
34 47 37 47
38 47 48 47
49 47 51 47
53 47 58 47
59 47 67 47
68 47 72 47
73 47 80 47
0 48 1 48
2 48 3 48
4 48 27 48
28 48 29 48
32 48 39 48
40 48 43 48
44 48 49 48
50 48 61 48
62 48 68 48
69 48 76 48
77 48 79 48
0 49 4 49
5 49 8 49
9 49 18 49
19 49 20 49
21 49 23 49
24 49 28 49
30 49 31 49
32 49 35 49
36 49 43 49
44 49 46 49
48 49 51 49
52 49 54 49
56 49 60 49
61 49 65 49
66 49 69 49
70 49 80 49
1 50 5 50
6 50 12 50
13 50 14 50
16 50 28 50
29 50 38 50
39 50 40 50
41 50 42 50
43 50 48 50
50 50 51 50
52 50 56 50
57 50 62 50
63 50 69 50
70 50 71 50
72 50 76 50
77 50 78 50
0 51 7 51
8 51 14 51
16 51 19 51
20 51 28 51
29 51 36 51
37 51 41 51
43 51 44 51
47 51 54 51
55 51 63 51
64 51 65 51
68 51 69 51
70 51 75 51
76 51 79 51
1 52 3 52
4 52 6 52
7 52 10 52
13 52 17 52
18 52 31 52
32 52 40 52
41 52 42 52
44 52 50 52
53 52 54 52
55 52 69 52
70 52 74 52
75 52 80 52
0 53 5 53
6 53 8 53
9 53 11 53
12 53 22 53
24 53 33 53
35 53 37 53
38 53 44 53
45 53 48 53
49 53 53 53
54 53 55 53
57 53 60 53
61 53 62 53
64 53 74 53
76 53 80 53
0 54 1 54
2 54 3 54
4 54 5 54
6 54 13 54
14 54 23 54
24 54 27 54
28 54 46 54
47 54 48 54
50 54 57 54
58 54 59 54
60 54 64 54
65 54 67 54
68 54 74 54
76 54 77 54
78 54 79 54
0 55 1 55
2 55 10 55
11 55 15 55
17 55 28 55
29 55 36 55
37 55 44 55
45 55 54 55
55 55 64 55
65 55 67 55
68 55 73 55
74 55 77 55
78 55 79 55
1 56 2 56
3 56 6 56
7 56 11 56
12 56 21 56
22 56 62 56
64 56 65 56
66 56 70 56
71 56 76 56
77 56 78 56
79 56 80 56
0 57 7 57
8 57 15 57
18 57 19 57
20 57 25 57
26 57 28 57
29 57 40 57
43 57 47 57
48 57 55 57
56 57 59 57
60 57 64 57
66 57 68 57
69 57 73 57
74 57 77 57
78 57 80 57
0 58 2 58
3 58 4 58
5 58 9 58
10 58 21 58
22 58 25 58
26 58 27 58
28 58 35 58
36 58 37 58
38 58 42 58
43 58 44 58
45 58 53 58
54 58 58 58
60 58 61 58
64 58 66 58
68 58 72 58
73 58 80 58
1 59 6 59
7 59 10 59
13 59 22 59
23 59 24 59
25 59 27 59
28 59 31 59
32 59 38 59
39 59 46 59
47 59 48 59
49 59 50 59
52 59 54 59
56 59 57 59
58 59 79 59
1 60 7 60
8 60 9 60
10 60 14 60
15 60 17 60
18 60 19 60
22 60 23 60
24 60 39 60
40 60 45 60
46 60 49 60
52 60 57 60
58 60 65 60
66 60 79 60
0 61 11 61
12 61 18 61
19 61 20 61
21 61 30 61
32 61 36 61
37 61 42 61
43 61 45 61
46 61 49 61
50 61 53 61
54 61 57 61
58 61 60 61
61 61 64 61
65 61 66 61
67 61 70 61
71 61 80 61
0 62 5 62
6 62 14 62
15 62 32 62
33 62 36 62
37 62 38 62
39 62 44 62
45 62 46 62
47 62 51 62
52 62 61 62
63 62 65 62
66 62 75 62
77 62 79 62
0 63 5 63
6 63 7 63
8 63 9 63
10 63 16 63
17 63 24 63
25 63 26 63
27 63 31 63
32 63 37 63
38 63 48 63
49 63 50 63
51 63 56 63
57 63 70 63
71 63 80 63
0 64 8 64
9 64 10 64
12 64 13 64
15 64 26 64
27 64 30 64
31 64 37 64
38 64 49 64
50 64 53 64
55 64 62 64
64 64 79 64
0 65 1 65
2 65 5 65
6 65 8 65
9 65 11 65
12 65 35 65
36 65 38 65
39 65 40 65
41 65 42 65
43 65 46 65
47 65 54 65
55 65 58 65
59 65 60 65
62 65 65 65
68 65 74 65
75 65 77 65
78 65 80 65
0 66 3 66
4 66 7 66
8 66 9 66
10 66 12 66
14 66 16 66
17 66 22 66
23 66 44 66
45 66 46 66
47 66 49 66
50 66 58 66
59 66 62 66
63 66 65 66
66 66 67 66
68 66 72 66
73 66 74 66
75 66 79 66
1 67 2 67
3 67 7 67
8 67 12 67
13 67 16 67
17 67 23 67
24 67 26 67
27 67 34 67
35 67 39 67
40 67 48 67
49 67 50 67
51 67 63 67
64 67 78 67
79 67 80 67
0 68 2 68
3 68 14 68
15 68 16 68
17 68 22 68
23 68 25 68
26 68 30 68
31 68 34 68
35 68 42 68
43 68 46 68
47 68 51 68
52 68 53 68
54 68 66 68
67 68 71 68
72 68 76 68
77 68 80 68
0 69 2 69
3 69 17 69
18 69 19 69
20 69 21 69
22 69 23 69
24 69 38 69
40 69 44 69
46 69 48 69
49 69 52 69
54 69 63 69
64 69 66 69
68 69 70 69
71 69 73 69
74 69 80 69
1 70 14 70
15 70 19 70
20 70 29 70
30 70 38 70
40 70 49 70
51 70 53 70
54 70 55 70
56 70 71 70
72 70 74 70
75 70 78 70
79 70 80 70
0 71 1 71
2 71 3 71
4 71 9 71
10 71 11 71
13 71 15 71
16 71 18 71
19 71 27 71
28 71 33 71
34 71 45 71
46 71 48 71
49 71 52 71
53 71 57 71
58 71 61 71
62 71 67 71
68 71 80 71
0 72 1 72
2 72 11 72
12 72 13 72
15 72 17 72
18 72 19 72
20 72 27 72
28 72 32 72
33 72 46 72
49 72 50 72
51 72 53 72
54 72 57 72
59 72 67 72
68 72 71 72
72 72 80 72
1 73 2 73
4 73 7 73
8 73 11 73
12 73 20 73
21 73 22 73
23 73 25 73
28 73 31 73
32 73 36 73
37 73 38 73
39 73 55 73
56 73 60 73
61 73 62 73
64 73 65 73
66 73 80 73
0 74 2 74
4 74 5 74
6 74 10 74
11 74 12 74
14 74 19 74
20 74 24 74
25 74 26 74
27 74 34 74
35 74 42 74
43 74 44 74
45 74 46 74
47 74 50 74
51 74 54 74
55 74 60 74
61 74 64 74
66 74 69 74
70 74 71 74
72 74 74 74
76 74 80 74
1 75 4 75
5 75 6 75
7 75 9 75
10 75 18 75
19 75 20 75
21 75 25 75
27 75 31 75
33 75 37 75
39 75 43 75
45 75 46 75
47 75 51 75
52 75 53 75
54 75 55 75
56 75 72 75
74 75 78 75
79 75 80 75
0 76 12 76
13 76 17 76
18 76 20 76
21 76 29 76
30 76 33 76
35 76 38 76
39 76 40 76
41 76 51 76
52 76 53 76
54 76 55 76
57 76 71 76
72 76 74 76
76 76 78 76
79 76 80 76
0 77 9 77
11 77 12 77
13 77 21 77
22 77 26 77
27 77 36 77
37 77 43 77
44 77 52 77
53 77 56 77
57 77 60 77
61 77 67 77
69 77 77 77
79 77 80 77
0 78 1 78
2 78 4 78
5 78 7 78
8 78 10 78
12 78 15 78
16 78 20 78
21 78 30 78
31 78 39 78
40 78 43 78
44 78 45 78
47 78 51 78
52 78 56 78
57 78 65 78
66 78 67 78
69 78 80 78
1 79 5 79
6 79 10 79
13 79 17 79
18 79 19 79
20 79 22 79
23 79 24 79
25 79 27 79
28 79 34 79
35 79 37 79
38 79 39 79
40 79 42 79
43 79 47 79
50 79 56 79
57 79 59 79
61 79 66 79
67 79 71 79
72 79 74 79
75 79 78 79
79 79 80 79
0 80 2 80
3 80 9 80
11 80 15 80
16 80 44 80
45 80 46 80
47 80 49 80
50 80 52 80
53 80 59 80
60 80 61 80
62 80 63 80
64 80 77 80
79 80 80 80
0 81 3 81
4 81 8 81
9 81 15 81
16 81 17 81
18 81 23 81
24 81 26 81
27 81 33 81
34 81 40 81
42 81 43 81
44 81 47 81
48 81 57 81
58 81 59 81
60 81 68 81
69 81 74 81
75 81 80 81
0 82 4 82
5 82 10 82
11 82 12 82
13 82 17 82
23 82 33 82
35 82 38 82
39 82 44 82
45 82 63 82
64 82 69 82
70 82 71 82
72 82 80 82
0 83 14 83
17 83 20 83
21 83 24 83
25 83 34 83
35 83 41 83
43 83 46 83
47 83 60 83
61 83 63 83
64 83 69 83
70 83 79 83
0 84 3 84
4 84 19 84
20 84 27 84
28 84 32 84
34 84 40 84
41 84 44 84
45 84 52 84
53 84 63 84
64 84 66 84
67 84 69 84
70 84 75 84
76 84 80 84
0 85 1 85
2 85 7 85
8 85 12 85
13 85 14 85
16 85 29 85
30 85 34 85
35 85 43 85
44 85 53 85
54 85 67 85
68 85 69 85
70 85 71 85
73 85 76 85
77 85 80 85
0 86 5 86
6 86 7 86
8 86 11 86
14 86 16 86
17 86 27 86
28 86 30 86
31 86 36 86
37 86 40 86
42 86 44 86
45 86 46 86
47 86 59 86
60 86 69 86
71 86 79 86
0 87 4 87
5 87 10 87
12 87 13 87
14 87 18 87
19 87 22 87
23 87 25 87
27 87 31 87
35 87 40 87
41 87 53 87
54 87 61 87
62 87 66 87
67 87 71 87
72 87 76 87
77 87 80 87
0 88 5 88
6 88 7 88
8 88 10 88
11 88 14 88
15 88 30 88
31 88 34 88
35 88 47 88
48 88 56 88
58 88 59 88
60 88 69 88
70 88 73 88
74 88 76 88
77 88 78 88
0 89 1 89
3 89 6 89
7 89 14 89
16 89 18 89
19 89 25 89
27 89 31 89
32 89 33 89
34 89 37 89
38 89 39 89
40 89 43 89
44 89 49 89
50 89 58 89
59 89 63 89
64 89 66 89
67 89 68 89
69 89 72 89
73 89 74 89
75 89 76 89
77 89 79 89
0 90 4 90
7 90 10 90
13 90 14 90
18 90 32 90
33 90 34 90
35 90 42 90
44 90 48 90
49 90 57 90
58 90 64 90
65 90 66 90
67 90 68 90
69 90 70 90
71 90 73 90
74 90 78 90
79 90 80 90
0 1 0 2
0 9 0 10
0 29 0 30
0 31 0 33
0 38 0 40
0 42 0 43
0 59 0 60
0 62 0 63
0 67 0 68
0 80 0 81
1 0 1 1
1 5 1 6
1 8 1 9
1 12 1 13
1 27 1 28
1 39 1 40
1 48 1 49
1 54 1 56
1 59 1 61
1 72 1 73
1 82 1 83
1 85 1 86
2 0 2 2
2 9 2 10
2 15 2 16
2 17 2 18
2 30 2 31
2 34 2 36
2 43 2 44
2 53 2 54
2 62 2 63
2 85 2 86
3 3 3 4
3 17 3 18
3 24 3 26
3 35 3 36
3 41 3 42
3 43 3 44
3 46 3 47
3 65 3 66
3 87 3 88
4 4 4 5
4 11 4 14
4 21 4 22
4 27 4 28
4 33 4 34
4 39 4 40
4 44 4 45
4 54 4 55
4 67 4 68
4 70 4 71
4 75 4 76
4 84 4 85
5 3 5 4
5 9 5 10
5 13 5 14
5 21 5 23
5 29 5 30
5 31 5 32
5 45 5 46
5 48 5 49
5 57 5 58
5 67 5 68
5 77 5 78
5 80 5 81
6 11 6 12
6 14 6 15
6 22 6 24
6 26 6 27
6 31 6 33
6 43 6 44
6 54 6 55
6 66 6 68
6 71 6 72
6 74 6 75
6 76 6 77
6 83 6 84
6 85 6 86
6 87 6 88
6 89 6 90
7 3 7 4
7 14 7 15
7 16 7 17
7 29 7 31
7 35 7 36
7 37 7 38
7 40 7 41
7 52 7 54
7 58 7 60
7 61 7 62
7 65 7 66
7 67 7 68
7 75 7 76
7 84 7 85
8 11 8 12
8 21 8 23
8 30 8 31
8 38 8 39
8 45 8 46
8 47 8 49
8 52 8 54
8 59 8 60
8 73 8 74
8 75 8 77
8 84 8 86
9 7 9 9
9 19 9 20
9 39 9 40
9 45 9 47
9 51 9 53
9 54 9 55
9 57 9 58
9 70 9 72
9 76 9 78
9 80 9 81
9 82 9 83
9 84 9 85
9 86 9 88
10 4 10 5
10 10 10 13
10 17 10 18
10 22 10 23
10 26 10 27
10 31 10 32
10 39 10 40
10 49 10 50
10 69 10 70
10 71 10 72
10 74 10 75
10 78 10 79
10 88 10 89
11 4 11 5
11 8 11 9
11 10 11 11
11 13 11 14
11 32 11 33
11 42 11 43
11 49 11 50
11 59 11 61
11 70 11 71
11 76 11 77
12 12 12 13
12 22 12 23
12 30 12 31
12 41 12 42
12 56 12 58
12 74 12 75
13 0 13 1
13 4 13 5
13 8 13 9
13 11 13 12
13 13 13 14
13 18 13 19
13 41 13 43
13 47 13 49
13 54 13 55
13 57 13 58
13 64 13 65
13 71 13 72
13 88 13 90
14 1 14 2
14 3 14 4
14 10 14 11
14 14 14 15
14 17 14 19
14 21 14 22
14 41 14 42
14 44 14 45
14 47 14 48
14 50 14 51
14 67 14 68
14 72 14 73
14 75 14 76
14 84 14 85
15 5 15 6
15 7 15 8
15 10 15 12
15 13 15 14
15 17 15 18
15 23 15 24
15 26 15 27
15 30 15 31
15 35 15 37
15 55 15 56
15 67 15 68
15 78 15 79
15 83 15 84
15 86 15 87
15 89 15 90
16 2 16 3
16 11 16 12
16 13 16 14
16 21 16 22
16 23 16 24
16 26 16 27
16 34 16 35
16 36 16 38
16 49 16 50
16 64 16 65
16 67 16 68
16 79 16 81
16 84 16 85
17 2 17 3
17 7 17 8
17 14 17 15
17 16 17 17
17 23 17 24
17 26 17 27
17 39 17 40
17 50 17 51
17 61 17 63
17 66 17 67
17 69 17 70
17 75 17 76
18 12 18 13
18 28 18 29
18 50 18 52
18 54 18 55
18 68 18 70
18 85 18 86
19 0 19 1
19 3 19 4
19 5 19 6
19 8 19 9
19 16 19 17
19 19 19 20
19 45 19 46
19 49 19 50
19 58 19 59
19 61 19 62
19 63 19 64
19 66 19 67
19 72 19 73
20 4 20 6
20 10 20 11
20 18 20 19
20 20 20 21
20 37 20 38
20 56 20 57
20 64 20 65
20 69 20 70
20 75 20 76
20 87 20 90
21 5 21 6
21 16 21 17
21 25 21 26
21 31 21 32
21 35 21 36
21 40 21 41
21 42 21 43
21 54 21 55
21 77 21 78
21 80 21 81
21 84 21 85
22 6 22 7
22 13 22 14
22 18 22 19
22 31 22 32
22 34 22 35
22 38 22 40
22 43 22 45
22 54 22 55
22 59 22 60
22 67 22 69
22 73 22 75
22 76 22 77
22 78 22 79
23 3 23 4
23 14 23 15
23 17 23 18
23 32 23 34
23 38 23 39
23 44 23 45
23 47 23 48
23 50 23 51
23 58 23 59
23 66 23 67
24 4 24 5
24 8 24 9
24 21 24 22
24 23 24 24
24 31 24 32
24 40 24 42
24 51 24 52
24 55 24 56
24 63 24 64
24 75 24 77
24 78 24 79
24 89 24 90
25 3 25 4
25 15 25 16
25 23 25 24
25 25 25 26
25 27 25 28
25 32 25 33
25 40 25 41
25 44 25 45
25 50 25 51
25 64 25 65
25 85 25 86
26 10 26 11
26 18 26 19
26 26 26 27
26 31 26 32
26 37 26 38
26 42 26 43
26 56 26 57
26 58 26 59
26 67 26 68
26 81 26 83
26 87 26 89
27 6 27 7
27 9 27 11
27 20 27 21
27 29 27 30
27 34 27 35
27 38 27 41
27 58 27 59
27 60 27 61
27 72 27 74
27 88 27 90
28 2 28 3
28 25 28 26
28 31 28 33
28 42 28 43
28 46 28 47
28 68 28 69
28 71 28 72
29 0 29 1
29 3 29 4
29 15 29 16
29 19 29 20
29 29 29 30
29 35 29 36
29 44 29 45
29 53 29 54
29 64 29 65
29 67 29 68
29 75 29 76
29 82 29 83
29 88 29 89
30 3 30 4
30 7 30 8
30 15 30 16
30 17 30 19
30 22 30 24
30 38 30 39
30 44 30 45
30 50 30 51
30 58 30 59
30 65 30 66
30 69 30 71
30 82 30 83
31 4 31 5
31 12 31 13
31 17 31 19
31 23 31 24
31 33 31 34
31 42 31 43
31 56 31 57
31 60 31 61
31 68 31 69
31 70 31 71
31 74 31 75
31 82 31 83
31 87 31 89
32 3 32 4
32 14 32 15
32 20 32 21
32 24 32 25
32 35 32 36
32 38 32 39
32 42 32 43
32 51 32 52
32 57 32 59
32 68 32 69
32 76 32 78
32 82 32 83
32 89 32 90
33 8 33 9
33 11 33 12
33 20 33 21
33 22 33 23
33 25 33 26
33 28 33 29
33 30 33 31
33 34 33 35
33 48 33 49
33 50 33 51
33 56 33 58
33 60 33 62
33 73 33 74
33 83 33 84
34 13 34 14
34 20 34 21
34 31 34 32
34 39 34 41
34 45 34 46
34 66 34 67
34 69 34 70
34 71 34 74
34 80 34 81
34 86 34 87
35 1 35 3
35 8 35 11
35 23 35 25
35 34 35 35
35 48 35 49
35 58 35 59
35 66 35 67
35 69 35 70
35 80 35 81
35 85 35 86
36 13 36 14
36 27 36 28
36 41 36 42
36 51 36 52
36 53 36 54
36 56 36 57
36 60 36 61
36 75 36 76
37 4 37 5
37 10 37 11
37 22 37 23
37 29 37 30
37 33 37 34
37 35 37 36
37 41 37 42
37 46 37 48
37 49 37 51
37 55 37 58
37 60 37 61
37 76 37 78
38 5 38 6
38 10 38 11
38 22 38 23
38 28 38 29
38 30 38 31
38 34 38 35
38 42 38 43
38 47 38 48
38 50 38 51
38 80 38 81
38 89 38 90
39 14 39 15
39 17 39 18
39 29 39 30
39 35 39 36
39 55 39 56
39 59 39 60
39 63 39 65
39 68 39 69
39 78 39 79
39 85 39 86
39 87 39 88
40 12 40 13
40 16 40 17
40 24 40 25
40 34 40 35
40 36 40 37
40 40 40 41
40 47 40 49
40 50 40 51
40 52 40 53
40 61 40 62
40 65 40 66
40 82 40 83
41 1 41 2
41 6 41 9
41 19 41 20
41 26 41 28
41 33 41 34
41 41 41 42
41 51 41 53
41 61 41 63
41 65 41 66
41 72 41 74
42 19 42 20
42 25 42 26
42 46 42 47
42 69 42 70
42 73 42 74
42 75 42 76
42 80 42 81
42 87 42 88
43 0 43 1
43 2 43 3
43 16 43 17
43 20 43 21
43 26 43 27
43 31 43 32
43 56 43 57
43 64 43 65
43 87 43 88
44 11 44 12
44 16 44 17
44 23 44 24
44 35 44 36
44 66 44 67
44 74 44 75
44 76 44 78
44 81 44 82
44 83 44 84
45 12 45 13
45 17 45 18
45 19 45 20
45 22 45 23
45 26 45 28
45 39 45 40
45 41 45 42
45 53 45 54
45 56 45 57
45 64 45 66
45 72 45 73
45 76 45 78
46 12 46 13
46 29 46 30
46 46 46 47
46 51 46 52
47 12 47 13
47 18 47 19
47 22 47 23
47 29 47 30
47 33 47 34
47 53 47 54
47 59 47 60
47 64 47 65
47 76 47 77
47 82 47 84
48 17 48 18
48 22 48 23
48 44 48 45
48 46 48 47
48 60 48 62
48 63 48 64
48 81 48 82
48 89 48 90
49 0 49 2
49 14 49 15
49 18 49 19
49 24 49 25
49 29 49 30
49 32 49 33
49 36 49 37
49 39 49 40
49 44 49 46
49 48 49 50
49 57 49 59
49 60 49 61
49 79 49 80
49 82 49 83
50 3 50 4
50 15 50 16
50 29 50 30
50 32 50 33
50 48 50 49
50 51 50 52
50 53 50 54
50 57 50 58
50 71 50 72
50 84 50 85
50 88 50 90
51 3 51 4
51 20 51 21
51 30 51 31
51 38 51 39
51 40 51 41
51 71 51 72
51 73 51 75
51 78 51 79
51 89 51 90
52 11 52 12
52 13 52 14
52 17 52 19
52 21 52 22
52 25 52 26
52 32 52 33
52 44 52 45
52 51 52 52
52 54 52 55
52 56 52 57
52 60 52 61
52 66 52 67
52 78 52 80
53 5 53 6
53 26 53 27
53 29 53 30
53 32 53 33
53 38 53 39
53 50 53 51
53 53 53 54
53 57 53 58
53 61 53 62
53 64 53 65
53 69 53 70
53 88 53 89
54 0 54 1
54 7 54 8
54 20 54 22
54 25 54 26
54 28 54 31
54 36 54 37
54 41 54 42
54 51 54 52
54 57 54 58
54 71 54 72
54 88 54 90
55 2 55 5
55 10 55 11
55 19 55 20
55 21 55 22
55 41 55 42
55 48 55 49
55 50 55 51
55 55 55 56
55 57 55 59
55 76 55 77
55 78 55 79
55 82 55 83
56 6 56 7
56 18 56 19
56 20 56 21
56 24 56 25
56 28 56 29
56 38 56 39
56 44 56 45
56 47 56 48
56 53 56 55
56 57 56 58
56 60 56 61
56 62 56 63
56 85 56 86
56 88 56 89
57 0 57 2
57 7 57 10
57 15 57 16
57 17 57 18
57 51 57 52
57 62 57 63
57 64 57 65
57 72 57 73
57 77 57 78
58 4 58 5
58 10 58 11
58 18 58 19
58 34 58 36
58 50 58 52
58 55 58 56
58 65 58 66
58 72 58 73
58 80 58 81
58 82 58 83
59 0 59 1
59 3 59 5
59 21 59 22
59 23 59 24
59 41 59 43
59 51 59 53
59 58 59 59
59 61 59 62
59 70 59 71
59 88 59 90
60 5 60 7
60 10 60 11
60 12 60 13
60 17 60 18
60 32 60 33
60 39 60 41
60 43 60 44
60 46 60 48
60 63 60 64
60 66 60 67
60 75 60 76
60 79 60 80
60 89 60 90
61 21 61 22
61 43 61 44
61 48 61 49
61 55 61 58
61 64 61 65
61 67 61 68
61 71 61 72
61 75 61 77
61 81 61 82
61 87 61 88
62 11 62 12
62 21 62 22
62 50 62 51
62 52 62 53
62 68 62 69
62 76 62 77
62 79 62 81
62 83 62 84
63 4 63 5
63 15 63 16
63 19 63 20
63 21 63 22
63 25 63 26
63 29 63 30
63 53 63 54
63 61 63 62
63 73 63 74
63 76 63 77
63 87 63 88
64 18 64 19
64 35 64 36
64 57 64 58
64 66 64 67
64 71 64 72
64 79 64 80
65 12 65 13
65 16 65 17
65 18 65 19
65 34 65 36
65 37 65 38
65 39 65 41
65 45 65 46
65 54 65 55
65 63 65 64
65 67 65 68
65 69 65 70
65 79 65 80
65 89 65 90
66 2 66 3
66 4 66 5
66 9 66 10
66 15 66 16
66 28 66 29
66 30 66 31
66 32 66 33
66 35 66 36
66 43 66 44
66 71 66 72
66 75 66 76
66 81 66 82
67 0 67 1
67 6 67 7
67 22 67 23
67 24 67 25
67 35 67 36
67 38 67 39
67 41 67 42
67 48 67 49
67 56 67 57
67 68 67 69
67 76 67 77
67 79 67 80
67 84 67 85
67 88 67 90
68 1 68 2
68 3 68 4
68 6 68 7
68 10 68 12
68 16 68 17
68 21 68 22
68 23 68 24
68 37 68 38
68 40 68 41
68 63 68 64
68 65 68 66
68 72 68 73
68 80 68 81
68 83 68 84
68 88 68 89
69 1 69 2
69 14 69 16
69 30 69 31
69 35 69 36
69 47 69 48
69 60 69 61
69 65 69 66
69 82 69 83
70 10 70 11
70 20 70 21
70 30 70 31
70 32 70 35
70 36 70 37
70 47 70 48
70 51 70 52
70 61 70 62
70 66 70 67
70 76 70 77
70 79 70 80
71 20 71 21
71 26 71 27
71 29 71 30
71 35 71 36
71 42 71 43
71 45 71 46
71 47 71 49
71 70 71 71
71 72 71 73
71 77 71 78
71 81 71 82
71 83 71 84
71 87 71 88
71 89 71 90
72 1 72 2
72 4 72 6
72 9 72 10
72 14 72 16
72 26 72 27
72 36 72 37
72 39 72 40
72 44 72 45
72 49 72 51
72 52 72 53
72 59 72 61
72 69 72 70
72 72 72 73
72 77 72 78
73 5 73 6
73 19 73 20
73 24 73 25
73 28 73 31
73 34 73 35
73 38 73 39
73 42 73 44
73 51 73 52
73 56 73 57
73 61 73 62
73 66 73 67
73 74 73 75
73 78 73 79
74 3 74 4
74 5 74 6
74 14 74 15
74 19 74 20
74 26 74 27
74 29 74 30
74 40 74 41
74 42 74 43
74 51 74 52
74 55 74 56
74 57 74 58
74 79 74 80
75 24 75 25
75 27 75 28
75 30 75 32
75 33 75 34
75 37 75 38
75 41 75 42
75 43 75 45
75 57 75 58
75 60 75 61
75 64 75 65
75 66 75 67
75 68 75 69
75 73 75 75
75 80 75 81
75 84 75 85
75 88 75 89
76 5 76 6
76 8 76 9
76 11 76 13
76 24 76 25
76 35 76 36
76 37 76 39
76 41 76 42
76 44 76 45
76 52 76 53
76 56 76 58
76 62 76 63
76 66 76 67
76 78 76 79
76 80 76 81
77 6 77 7
77 9 77 10
77 20 77 21
77 28 77 29
77 31 77 32
77 36 77 38
77 41 77 42
77 57 77 59
77 63 77 64
77 80 77 81
77 83 77 84
78 5 78 6
78 12 78 13
78 32 78 35
78 36 78 37
78 39 78 40
78 48 78 49
78 51 78 52
78 55 78 56
78 59 78 60
78 61 78 62
78 74 78 77
78 86 78 87
79 0 79 2
79 5 79 6
79 11 79 12
79 17 79 18
79 22 79 23
79 27 79 28
79 31 79 32
79 36 79 37
79 82 79 83
79 84 79 85
80 0 80 1
80 7 80 8
80 10 80 11
80 13 80 14
80 16 80 17
80 18 80 20
80 21 80 22
80 27 80 28
80 43 80 44
80 50 80 51
80 52 80 53
