94 84 3296
0 0 1 0
13 0 14 0
15 0 16 0
20 0 21 0
23 0 24 0
25 0 26 0
36 0 37 0
39 0 43 0
45 0 46 0
55 0 56 0
62 0 63 0
66 0 67 0
73 0 74 0
80 0 81 0
93 0 94 0
0 1 1 1
6 1 7 1
11 1 13 1
16 1 17 1
32 1 36 1
46 1 47 1
48 1 49 1
59 1 60 1
63 1 65 1
75 1 76 1
84 1 85 1
1 2 2 2
23 2 24 2
29 2 30 2
32 2 33 2
34 2 35 2
42 2 43 2
45 2 46 2
47 2 48 2
56 2 57 2
72 2 74 2
87 2 88 2
1 3 2 3
4 3 5 3
15 3 16 3
22 3 23 3
25 3 26 3
48 3 49 3
52 3 54 3
55 3 56 3
58 3 59 3
64 3 65 3
71 3 73 3
74 3 75 3
76 3 77 3
80 3 81 3
84 3 85 3
87 3 89 3
90 3 93 3
14 4 16 4
31 4 32 4
34 4 35 4
40 4 41 4
52 4 54 4
55 4 56 4
61 4 62 4
63 4 64 4
66 4 67 4
80 4 81 4
82 4 84 4
85 4 86 4
1 5 2 5
5 5 6 5
8 5 9 5
15 5 16 5
18 5 19 5
24 5 25 5
29 5 30 5
31 5 32 5
37 5 38 5
42 5 43 5
44 5 45 5
47 5 48 5
50 5 53 5
55 5 56 5
69 5 70 5
72 5 74 5
82 5 83 5
85 5 86 5
88 5 89 5
93 5 94 5
4 6 5 6
8 6 10 6
12 6 13 6
14 6 15 6
17 6 18 6
21 6 22 6
28 6 29 6
30 6 31 6
38 6 39 6
43 6 44 6
47 6 48 6
49 6 50 6
51 6 52 6
53 6 54 6
58 6 59 6
60 6 61 6
63 6 64 6
67 6 69 6
72 6 73 6
75 6 78 6
80 6 81 6
83 6 85 6
93 6 94 6
0 7 2 7
4 7 5 7
14 7 15 7
17 7 18 7
21 7 22 7
33 7 34 7
37 7 38 7
45 7 46 7
49 7 50 7
53 7 54 7
57 7 58 7
59 7 60 7
69 7 70 7
80 7 82 7
84 7 85 7
90 7 91 7
2 8 4 8
5 8 6 8
10 8 11 8
26 8 27 8
30 8 31 8
33 8 34 8
37 8 39 8
40 8 41 8
43 8 45 8
51 8 53 8
59 8 60 8
62 8 63 8
71 8 72 8
77 8 78 8
81 8 82 8
91 8 92 8
2 9 4 9
5 9 6 9
12 9 13 9
20 9 21 9
23 9 24 9
25 9 26 9
37 9 39 9
52 9 53 9
57 9 58 9
65 9 66 9
67 9 68 9
70 9 71 9
72 9 73 9
75 9 76 9
78 9 79 9
85 9 86 9
91 9 92 9
93 9 94 9
2 10 3 10
14 10 15 10
17 10 18 10
19 10 21 10
25 10 26 10
34 10 35 10
42 10 43 10
46 10 47 10
57 10 58 10
60 10 61 10
69 10 70 10
75 10 77 10
78 10 79 10
80 10 81 10
82 10 84 10
85 10 86 10
89 10 90 10
91 10 92 10
5 11 6 11
8 11 10 11
17 11 19 11
36 11 37 11
38 11 39 11
41 11 42 11
45 11 46 11
53 11 55 11
56 11 57 11
60 11 61 11
71 11 72 11
77 11 78 11
90 11 91 11
92 11 93 11
4 12 5 12
10 12 12 12
18 12 20 12
21 12 22 12
24 12 25 12
26 12 27 12
28 12 30 12
33 12 34 12
35 12 36 12
37 12 38 12
40 12 42 12
55 12 56 12
64 12 65 12
78 12 79 12
81 12 82 12
92 12 93 12
5 13 6 13
7 13 8 13
24 13 25 13
35 13 36 13
40 13 41 13
44 13 45 13
51 13 52 13
55 13 60 13
63 13 64 13
66 13 67 13
68 13 69 13
70 13 71 13
82 13 83 13
84 13 85 13
88 13 90 13
92 13 93 13
6 14 8 14
30 14 32 14
34 14 35 14
37 14 38 14
41 14 43 14
46 14 48 14
52 14 53 14
55 14 56 14
65 14 66 14
68 14 69 14
74 14 75 14
83 14 84 14
15 15 16 15
21 15 22 15
28 15 29 15
30 15 31 15
34 15 36 15
43 15 44 15
45 15 46 15
52 15 53 15
55 15 56 15
66 15 67 15
78 15 80 15
81 15 82 15
85 15 87 15
90 15 91 15
1 16 2 16
5 16 6 16
8 16 11 16
12 16 13 16
18 16 19 16
23 16 25 16
34 16 35 16
41 16 42 16
45 16 46 16
56 16 57 16
60 16 63 16
70 16 71 16
80 16 81 16
85 16 86 16
90 16 91 16
4 17 5 17
8 17 9 17
12 17 13 17
14 17 15 17
26 17 29 17
41 17 42 17
53 17 54 17
59 17 61 17
85 17 86 17
5 18 6 18
8 18 10 18
17 18 18 18
23 18 24 18
30 18 32 18
35 18 36 18
42 18 43 18
45 18 46 18
48 18 49 18
54 18 55 18
59 18 60 18
62 18 64 18
66 18 67 18
70 18 71 18
73 18 74 18
76 18 77 18
78 18 79 18
81 18 82 18
90 18 93 18
0 19 1 19
7 19 8 19
12 19 14 19
22 19 24 19
25 19 26 19
32 19 33 19
38 19 39 19
45 19 46 19
47 19 48 19
53 19 54 19
55 19 56 19
58 19 59 19
62 19 64 19
71 19 72 19
73 19 74 19
4 20 5 20
8 20 11 20
13 20 14 20
16 20 17 20
21 20 22 20
27 20 28 20
33 20 34 20
36 20 37 20
44 20 45 20
55 20 56 20
58 20 59 20
61 20 62 20
63 20 64 20
73 20 74 20
75 20 76 20
78 20 79 20
83 20 84 20
86 20 88 20
89 20 90 20
92 20 93 20
0 21 3 21
4 21 5 21
8 21 9 21
12 21 13 21
16 21 17 21
19 21 21 21
31 21 32 21
42 21 43 21
45 21 47 21
52 21 55 21
58 21 60 21
64 21 65 21
80 21 82 21
83 21 84 21
88 21 89 21
1 22 3 22
5 22 6 22
7 22 8 22
12 22 13 22
19 22 21 22
23 22 24 22
33 22 34 22
35 22 36 22
41 22 43 22
46 22 47 22
49 22 50 22
58 22 59 22
66 22 68 22
70 22 71 22
75 22 77 22
79 22 80 22
81 22 82 22
88 22 90 22
0 23 1 23
2 23 3 23
7 23 8 23
18 23 19 23
29 23 30 23
31 23 32 23
33 23 34 23
36 23 37 23
39 23 41 23
42 23 43 23
51 23 52 23
56 23 58 23
63 23 64 23
67 23 68 23
71 23 72 23
78 23 79 23
80 23 82 23
86 23 87 23
93 23 94 23
1 24 2 24
6 24 7 24
9 24 10 24
14 24 15 24
17 24 18 24
23 24 24 24
29 24 30 24
36 24 37 24
43 24 44 24
48 24 49 24
64 24 65 24
66 24 67 24
70 24 71 24
78 24 79 24
82 24 83 24
88 24 89 24
0 25 2 25
5 25 6 25
22 25 24 25
25 25 27 25
34 25 35 25
40 25 41 25
43 25 46 25
60 25 61 25
80 25 82 25
88 25 91 25
3 26 4 26
6 26 8 26
9 26 10 26
22 26 24 26
35 26 36 26
42 26 44 26
45 26 46 26
48 26 49 26
52 26 53 26
59 26 60 26
64 26 65 26
80 26 81 26
90 26 91 26
93 26 94 26
1 27 2 27
11 27 12 27
23 27 24 27
27 27 28 27
32 27 33 27
36 27 37 27
43 27 44 27
46 27 47 27
49 27 50 27
51 27 52 27
56 27 58 27
60 27 64 27
69 27 70 27
71 27 72 27
75 27 77 27
83 27 84 27
86 27 87 27
90 27 91 27
6 28 7 28
8 28 10 28
11 28 14 28
17 28 18 28
19 28 20 28
34 28 35 28
41 28 42 28
55 28 56 28
64 28 65 28
70 28 71 28
73 28 74 28
75 28 76 28
78 28 80 28
81 28 82 28
86 28 87 28
88 28 89 28
90 28 91 28
10 29 11 29
12 29 13 29
14 29 15 29
18 29 19 29
20 29 21 29
27 29 28 29
31 29 32 29
33 29 34 29
36 29 37 29
40 29 41 29
63 29 64 29
74 29 75 29
78 29 79 29
80 29 81 29
82 29 83 29
88 29 90 29
8 30 9 30
11 30 12 30
13 30 14 30
16 30 17 30
21 30 22 30
27 30 28 30
29 30 30 30
40 30 41 30
55 30 56 30
63 30 64 30
73 30 74 30
75 30 77 30
79 30 81 30
84 30 85 30
88 30 89 30
92 30 93 30
5 31 6 31
7 31 8 31
14 31 15 31
16 31 17 31
21 31 22 31
26 31 27 31
29 31 31 31
39 31 41 31
43 31 44 31
48 31 50 31
54 31 55 31
56 31 57 31
60 31 61 31
63 31 64 31
71 31 72 31
73 31 75 31
0 32 1 32
3 32 4 32
5 32 6 32
12 32 13 32
15 32 16 32
22 32 23 32
26 32 27 32
31 32 32 32
35 32 37 32
39 32 40 32
42 32 43 32
46 32 47 32
50 32 51 32
52 32 53 32
54 32 55 32
56 32 57 32
64 32 65 32
69 32 70 32
71 32 72 32
85 32 87 32
10 33 13 33
15 33 16 33
17 33 18 33
19 33 20 33
21 33 22 33
30 33 31 33
38 33 39 33
40 33 41 33
45 33 46 33
53 33 54 33
55 33 56 33
61 33 63 33
68 33 69 33
72 33 73 33
74 33 75 33
79 33 80 33
83 33 85 33
87 33 89 33
91 33 92 33
93 33 94 33
0 34 2 34
8 34 9 34
12 34 14 34
21 34 22 34
26 34 27 34
30 34 31 34
35 34 36 34
39 34 40 34
49 34 50 34
53 34 54 34
58 34 60 34
65 34 66 34
68 34 69 34
74 34 76 34
81 34 82 34
87 34 91 34
1 35 2 35
7 35 8 35
11 35 12 35
16 35 17 35
29 35 30 35
34 35 35 35
42 35 43 35
52 35 53 35
54 35 55 35
67 35 69 35
71 35 72 35
75 35 76 35
80 35 81 35
88 35 89 35
92 35 94 35
8 36 9 36
17 36 18 36
24 36 25 36
30 36 31 36
32 36 33 36
47 36 49 36
54 36 55 36
59 36 60 36
61 36 62 36
72 36 73 36
75 36 77 36
79 36 80 36
81 36 82 36
3 37 4 37
8 37 9 37
17 37 18 37
31 37 32 37
43 37 44 37
47 37 48 37
50 37 51 37
52 37 53 37
57 37 60 37
62 37 63 37
71 37 72 37
74 37 75 37
76 37 77 37
80 37 81 37
86 37 87 37
90 37 94 37
2 38 3 38
7 38 8 38
9 38 10 38
16 38 17 38
21 38 23 38
34 38 36 38
47 38 48 38
51 38 52 38
53 38 54 38
63 38 64 38
69 38 71 38
73 38 74 38
78 38 79 38
88 38 89 38
90 38 91 38
5 39 7 39
24 39 26 39
31 39 32 39
35 39 37 39
42 39 43 39
44 39 45 39
61 39 62 39
63 39 64 39
67 39 68 39
70 39 71 39
73 39 74 39
75 39 76 39
81 39 82 39
89 39 90 39
0 40 1 40
2 40 4 40
7 40 8 40
22 40 24 40
27 40 28 40
32 40 33 40
34 40 35 40
38 40 39 40
40 40 41 40
49 40 50 40
52 40 53 40
59 40 60 40
61 40 63 40
64 40 65 40
68 40 69 40
70 40 71 40
72 40 73 40
81 40 83 40
87 40 88 40
2 41 3 41
6 41 7 41
8 41 9 41
12 41 13 41
16 41 17 41
22 41 24 41
33 41 34 41
37 41 38 41
42 41 43 41
48 41 49 41
55 41 57 41
61 41 62 41
67 41 68 41
70 41 71 41
72 41 75 41
77 41 78 41
80 41 81 41
84 41 87 41
92 41 93 41
5 42 6 42
7 42 8 42
12 42 13 42
18 42 19 42
20 42 21 42
26 42 27 42
33 42 34 42
35 42 36 42
38 42 40 42
53 42 54 42
57 42 58 42
61 42 62 42
66 42 67 42
85 42 86 42
92 42 93 42
2 43 3 43
9 43 10 43
13 43 14 43
29 43 30 43
34 43 35 43
41 43 43 43
44 43 45 43
46 43 47 43
59 43 60 43
68 43 69 43
73 43 75 43
89 43 90 43
1 44 2 44
10 44 11 44
14 44 15 44
17 44 18 44
19 44 20 44
25 44 26 44
30 44 31 44
35 44 36 44
38 44 40 44
45 44 46 44
64 44 66 44
76 44 77 44
78 44 79 44
80 44 82 44
93 44 94 44
0 45 2 45
14 45 16 45
22 45 23 45
30 45 31 45
46 45 47 45
49 45 50 45
51 45 52 45
54 45 55 45
56 45 57 45
68 45 69 45
70 45 72 45
82 45 83 45
85 45 86 45
92 45 93 45
0 46 1 46
11 46 12 46
16 46 17 46
19 46 20 46
22 46 23 46
27 46 28 46
32 46 33 46
38 46 39 46
41 46 42 46
45 46 46 46
48 46 49 46
52 46 53 46
61 46 62 46
65 46 67 46
68 46 69 46
79 46 80 46
85 46 86 46
89 46 90 46
2 47 3 47
9 47 10 47
15 47 16 47
22 47 23 47
24 47 25 47
26 47 28 47
31 47 32 47
40 47 42 47
43 47 44 47
46 47 47 47
50 47 52 47
54 47 55 47
56 47 57 47
60 47 61 47
64 47 66 47
68 47 69 47
70 47 72 47
74 47 75 47
77 47 78 47
79 47 80 47
82 47 83 47
86 47 87 47
90 47 91 47
0 48 2 48
18 48 20 48
23 48 24 48
25 48 26 48
38 48 40 48
59 48 61 48
82 48 83 48
89 48 91 48
2 49 3 49
8 49 9 49
10 49 12 49
14 49 15 49
20 49 21 49
22 49 23 49
33 49 34 49
44 49 45 49
48 49 49 49
58 49 59 49
71 49 73 49
76 49 77 49
78 49 79 49
82 49 83 49
10 50 11 50
14 50 15 50
16 50 17 50
21 50 22 50
23 50 24 50
25 50 28 50
30 50 31 50
33 50 34 50
37 50 38 50
44 50 45 50
57 50 58 50
61 50 62 50
66 50 67 50
68 50 69 50
73 50 74 50
80 50 81 50
90 50 92 50
93 50 94 50
5 51 6 51
19 51 21 51
22 51 23 51
24 51 27 51
30 51 31 51
33 51 34 51
37 51 38 51
41 51 42 51
51 51 52 51
56 51 57 51
64 51 65 51
69 51 70 51
73 51 74 51
76 51 77 51
83 51 84 51
88 51 89 51
90 51 91 51
5 52 6 52
9 52 10 52
11 52 12 52
16 52 17 52
21 52 22 52
27 52 28 52
52 52 53 52
58 52 60 52
63 52 64 52
71 52 72 52
73 52 75 52
76 52 77 52
84 52 85 52
89 52 90 52
5 53 6 53
7 53 8 53
11 53 12 53
13 53 14 53
19 53 21 53
22 53 25 53
27 53 28 53
29 53 32 53
37 53 38 53
39 53 40 53
49 53 50 53
51 53 53 53
60 53 61 53
65 53 66 53
69 53 71 53
73 53 75 53
76 53 77 53
83 53 84 53
86 53 87 53
90 53 91 53
92 53 93 53
2 54 4 54
16 54 17 54
19 54 21 54
25 54 26 54
29 54 30 54
44 54 45 54
52 54 53 54
56 54 57 54
68 54 69 54
90 54 91 54
93 54 94 54
6 55 7 55
10 55 11 55
31 55 34 55
36 55 37 55
39 55 40 55
44 55 45 55
48 55 49 55
51 55 52 55
54 55 55 55
66 55 68 55
73 55 74 55
77 55 79 55
85 55 86 55
2 56 4 56
7 56 8 56
14 56 15 56
17 56 18 56
26 56 27 56
29 56 33 56
34 56 35 56
41 56 42 56
45 56 46 56
52 56 54 56
64 56 67 56
70 56 71 56
80 56 81 56
84 56 85 56
87 56 89 56
92 56 93 56
8 57 9 57
11 57 12 57
16 57 17 57
21 57 22 57
26 57 28 57
30 57 32 57
37 57 38 57
50 57 51 57
52 57 53 57
56 57 57 57
61 57 63 57
64 57 65 57
69 57 70 57
75 57 76 57
78 57 79 57
88 57 89 57
93 57 94 57
12 58 13 58
14 58 15 58
18 58 19 58
21 58 22 58
24 58 25 58
38 58 39 58
44 58 45 58
49 58 50 58
51 58 52 58
54 58 56 58
59 58 60 58
61 58 62 58
69 58 70 58
73 58 75 58
80 58 81 58
83 58 84 58
2 59 3 59
6 59 7 59
9 59 11 59
13 59 14 59
18 59 19 59
22 59 25 59
27 59 28 59
39 59 40 59
42 59 43 59
45 59 46 59
47 59 48 59
51 59 52 59
54 59 55 59
56 59 57 59
59 59 60 59
61 59 62 59
76 59 77 59
79 59 80 59
81 59 82 59
85 59 86 59
4 60 7 60
9 60 10 60
32 60 33 60
36 60 37 60
49 60 50 60
51 60 52 60
57 60 58 60
61 60 62 60
70 60 71 60
78 60 79 60
82 60 83 60
85 60 86 60
2 61 3 61
4 61 5 61
12 61 13 61
20 61 21 61
31 61 32 61
35 61 37 61
44 61 46 61
57 61 59 61
60 61 61 61
64 61 65 61
70 61 73 61
74 61 75 61
77 61 78 61
79 61 80 61
90 61 91 61
92 61 93 61
0 62 1 62
4 62 5 62
6 62 7 62
13 62 14 62
21 62 22 62
29 62 30 62
34 62 35 62
40 62 41 62
43 62 44 62
49 62 50 62
66 62 67 62
78 62 80 62
90 62 91 62
0 63 2 63
15 63 18 63
23 63 24 63
34 63 35 63
37 63 38 63
40 63 45 63
48 63 50 63
62 63 63 63
68 63 69 63
84 63 85 63
89 63 90 63
93 63 94 63
20 64 21 64
22 64 25 64
30 64 31 64
37 64 39 64
43 64 44 64
49 64 50 64
51 64 52 64
56 64 58 64
59 64 60 64
66 64 68 64
71 64 72 64
81 64 82 64
84 64 86 64
89 64 90 64
92 64 93 64
8 65 9 65
12 65 13 65
19 65 20 65
21 65 22 65
23 65 24 65
31 65 32 65
33 65 35 65
46 65 47 65
48 65 51 65
68 65 69 65
70 65 72 65
73 65 74 65
75 65 76 65
83 65 84 65
6 66 8 66
10 66 12 66
18 66 19 66
20 66 22 66
23 66 24 66
25 66 26 66
28 66 29 66
33 66 34 66
35 66 37 66
38 66 39 66
43 66 44 66
45 66 46 66
51 66 52 66
53 66 54 66
57 66 58 66
59 66 60 66
80 66 81 66
84 66 87 66
8 67 9 67
12 67 13 67
18 67 19 67
21 67 23 67
25 67 26 67
28 67 29 67
32 67 33 67
34 67 35 67
37 67 38 67
55 67 56 67
59 67 60 67
64 67 65 67
66 67 67 67
76 67 78 67
82 67 83 67
5 68 6 68
10 68 12 68
17 68 18 68
20 68 21 68
28 68 29 68
30 68 31 68
32 68 34 68
37 68 38 68
39 68 40 68
45 68 46 68
47 68 48 68
52 68 53 68
58 68 59 68
64 68 65 68
68 68 69 68
73 68 76 68
77 68 78 68
91 68 92 68
12 69 13 69
15 69 16 69
21 69 22 69
28 69 29 69
32 69 33 69
43 69 44 69
46 69 47 69
52 69 53 69
63 69 64 69
65 69 66 69
69 69 70 69
76 69 77 69
90 69 91 69
0 70 1 70
3 70 4 70
13 70 16 70
19 70 20 70
29 70 30 70
38 70 40 70
43 70 44 70
49 70 50 70
54 70 55 70
68 70 69 70
81 70 82 70
1 71 2 71
3 71 4 71
9 71 10 71
12 71 13 71
17 71 18 71
32 71 33 71
50 71 51 71
54 71 55 71
61 71 63 71
65 71 67 71
71 71 72 71
76 71 77 71
82 71 84 71
86 71 87 71
91 71 92 71
1 72 2 72
7 72 8 72
25 72 26 72
29 72 30 72
34 72 35 72
38 72 39 72
43 72 44 72
45 72 47 72
62 72 65 72
69 72 70 72
76 72 77 72
78 72 80 72
81 72 82 72
88 72 89 72
3 73 4 73
10 73 11 73
13 73 14 73
36 73 37 73
41 73 42 73
50 73 51 73
52 73 53 73
54 73 55 73
58 73 59 73
61 73 62 73
68 73 70 73
74 73 75 73
76 73 77 73
83 73 84 73
85 73 86 73
91 73 93 73
2 74 3 74
14 74 15 74
17 74 19 74
20 74 21 74
24 74 25 74
27 74 28 74
29 74 30 74
31 74 32 74
50 74 51 74
52 74 54 74
59 74 60 74
62 74 63 74
64 74 65 74
78 74 80 74
81 74 82 74
84 74 85 74
88 74 89 74
0 75 1 75
2 75 3 75
21 75 22 75
29 75 30 75
34 75 35 75
40 75 41 75
51 75 54 75
69 75 71 75
72 75 73 75
76 75 77 75
78 75 79 75
90 75 91 75
93 75 94 75
3 76 4 76
5 76 6 76
15 76 16 76
17 76 18 76
28 76 29 76
30 76 32 76
34 76 35 76
39 76 40 76
45 76 47 76
48 76 49 76
50 76 51 76
57 76 58 76
72 76 73 76
76 76 77 76
78 76 79 76
85 76 86 76
88 76 89 76
91 76 92 76
4 77 5 77
9 77 10 77
11 77 12 77
17 77 18 77
20 77 21 77
31 77 32 77
50 77 51 77
54 77 55 77
57 77 58 77
60 77 61 77
65 77 66 77
67 77 68 77
71 77 72 77
73 77 74 77
76 77 77 77
80 77 81 77
82 77 83 77
85 77 86 77
89 77 90 77
93 77 94 77
1 78 2 78
5 78 6 78
14 78 15 78
17 78 18 78
25 78 26 78
27 78 28 78
43 78 44 78
45 78 46 78
47 78 48 78
51 78 52 78
55 78 56 78
57 78 59 78
61 78 62 78
63 78 66 78
67 78 68 78
73 78 74 78
75 78 76 78
77 78 79 78
83 78 84 78
86 78 87 78
92 78 93 78
0 79 1 79
9 79 10 79
12 79 14 79
15 79 16 79
17 79 18 79
35 79 36 79
47 79 48 79
50 79 51 79
59 79 60 79
65 79 66 79
68 79 69 79
72 79 74 79
75 79 76 79
78 79 79 79
83 79 85 79
86 79 87 79
88 79 89 79
0 80 2 80
3 80 4 80
5 80 6 80
7 80 8 80
16 80 19 80
22 80 23 80
28 80 29 80
32 80 33 80
41 80 42 80
44 80 45 80
46 80 47 80
55 80 56 80
59 80 60 80
69 80 71 80
75 80 76 80
78 80 80 80
81 80 82 80
85 80 86 80
87 80 88 80
89 80 91 80
92 80 93 80
2 81 3 81
15 81 16 81
17 81 18 81
27 81 29 81
37 81 39 81
46 81 48 81
51 81 52 81
55 81 56 81
59 81 60 81
65 81 66 81
67 81 68 81
78 81 79 81
84 81 85 81
0 82 1 82
10 82 11 82
17 82 19 82
24 82 25 82
34 82 35 82
41 82 44 82
48 82 49 82
54 82 55 82
66 82 67 82
71 82 72 82
73 82 76 82
79 82 80 82
81 82 83 82
86 82 87 82
90 82 91 82
92 82 93 82
9 83 10 83
11 83 12 83
20 83 21 83
27 83 29 83
36 83 37 83
42 83 43 83
49 83 50 83
54 83 55 83
58 83 59 83
61 83 63 83
65 83 66 83
67 83 68 83
81 83 83 83
84 83 85 83
91 83 92 83
2 84 3 84
9 84 10 84
12 84 13 84
17 84 18 84
41 84 45 84
47 84 48 84
50 84 51 84
52 84 53 84
56 84 57 84
62 84 63 84
65 84 66 84
74 84 75 84
81 84 82 84
93 84 94 84
0 1 0 2
0 3 0 5
0 6 0 7
0 8 0 9
0 10 0 11
0 15 0 16
0 18 0 19
0 20 0 21
0 26 0 27
0 34 0 36
0 37 0 38
0 40 0 41
0 42 0 43
0 45 0 46
0 47 0 48
0 51 0 52
0 60 0 62
0 71 0 72
0 74 0 75
0 77 0 78
0 80 0 81
0 82 0 84
1 2 1 3
1 4 1 5
1 7 1 9
1 13 1 14
1 15 1 21
1 23 1 24
1 25 1 26
1 30 1 31
1 32 1 33
1 38 1 39
1 41 1 42
1 43 1 44
1 47 1 48
1 50 1 51
1 52 1 55
1 61 1 62
1 65 1 67
1 71 1 72
1 74 1 76
1 77 1 79
1 80 1 83
2 3 2 7
2 12 2 14
2 17 2 19
2 20 2 21
2 31 2 32
2 34 2 37
2 39 2 40
2 41 2 43
2 45 2 49
2 51 2 52
2 55 2 56
2 58 2 59
2 65 2 66
2 71 2 72
2 73 2 76
2 77 2 78
2 80 2 82
3 2 3 3
3 8 3 9
3 10 3 11
3 13 3 14
3 16 3 20
3 22 3 23
3 29 3 31
3 35 3 36
3 37 3 39
3 41 3 43
3 45 3 46
3 47 3 48
3 53 3 54
3 55 3 57
3 61 3 62
3 65 3 67
3 69 3 71
3 72 3 74
3 77 3 78
3 80 3 81
3 82 3 84
4 8 4 9
4 10 4 11
4 12 4 15
4 16 4 17
4 18 4 19
4 21 4 22
4 23 4 24
4 28 4 29
4 33 4 35
4 36 4 37
4 39 4 41
4 44 4 45
4 46 4 47
4 48 4 50
4 51 4 52
4 55 4 57
4 59 4 61
4 62 4 64
4 67 4 69
4 70 4 72
4 74 4 76
4 77 4 79
4 82 4 84
5 2 5 5
5 10 5 11
5 13 5 16
5 17 5 19
5 21 5 22
5 30 5 33
5 34 5 35
5 41 5 43
5 46 5 49
5 53 5 54
5 55 5 56
5 57 5 59
5 61 5 62
5 63 5 64
5 65 5 66
5 71 5 72
5 76 5 77
5 81 5 84
6 3 6 6
6 10 6 13
6 14 6 15
6 18 6 19
6 21 6 22
6 24 6 25
6 28 6 30
6 31 6 33
6 34 6 35
6 37 6 39
6 40 6 42
6 44 6 48
6 54 6 56
6 57 6 60
6 65 6 68
6 70 6 71
6 77 6 78
6 81 6 82
7 0 7 1
7 3 7 4
7 10 7 11
7 13 7 15
7 16 7 17
7 20 7 22
7 24 7 26
7 31 7 32
7 37 7 38
7 39 7 40
7 42 7 43
7 44 7 46
7 48 7 49
7 50 7 51
7 54 7 55
7 58 7 60
7 64 7 65
7 66 7 67
7 69 7 70
7 72 7 73
7 75 7 76
7 79 7 80
7 81 7 82
8 0 8 1
8 2 8 4
8 5 8 6
8 7 8 8
8 11 8 12
8 16 8 18
8 26 8 29
8 31 8 32
8 33 8 34
8 37 8 39
8 43 8 44
8 45 8 47
8 51 8 52
8 54 8 56
8 58 8 60
8 68 8 69
8 70 8 71
8 75 8 78
8 79 8 80
8 82 8 84
9 1 9 3
9 4 9 5
9 6 9 7
9 9 9 11
9 13 9 14
9 15 9 16
9 17 9 18
9 19 9 21
9 22 9 24
9 25 9 28
9 32 9 33
9 34 9 35
9 40 9 41
9 42 9 43
9 49 9 53
9 58 9 60
9 61 9 63
9 64 9 65
9 66 9 68
9 69 9 71
9 72 9 73
9 75 9 77
9 79 9 80
10 0 10 1
10 4 10 5
10 8 10 9
10 14 10 15
10 23 10 27
10 30 10 31
10 33 10 34
10 46 10 47
10 48 10 49
10 50 10 52
10 53 10 54
10 55 10 56
10 57 10 58
10 59 10 61
10 62 10 65
10 71 10 72
10 73 10 75
10 79 10 80
10 81 10 82
11 2 11 3
11 7 11 8
11 12 11 13
11 15 11 18
11 21 11 22
11 26 11 29
11 31 11 33
11 34 11 35
11 45 11 46
11 49 11 50
11 51 11 54
11 55 11 58
11 60 11 61
11 62 11 63
11 67 11 68
11 69 11 71
11 75 11 76
11 79 11 83
12 4 12 5
12 6 12 7
12 14 12 15
12 16 12 17
12 20 12 22
12 23 12 24
12 25 12 26
12 27 12 29
12 34 12 36
12 38 12 39
12 43 12 44
12 45 12 47
12 50 12 52
12 53 12 54
12 56 12 57
12 58 12 59
12 68 12 69
12 70 12 72
12 76 12 78
12 79 12 81
13 8 13 9
13 10 13 12
13 13 13 15
13 17 13 21
13 22 13 24
13 28 13 31
13 32 13 33
13 36 13 37
13 39 13 41
13 43 13 44
13 45 13 46
13 47 13 48
13 49 13 50
13 53 13 54
13 58 13 60
13 61 13 64
13 67 13 68
13 70 13 73
13 74 13 76
13 77 13 79
14 0 14 2
14 3 14 5
14 11 14 12
14 14 14 16
14 18 14 19
14 22 14 24
14 27 14 28
14 31 14 32
14 36 14 37
14 38 14 41
14 44 14 46
14 47 14 48
14 50 14 51
14 53 14 55
14 59 14 60
14 62 14 64
14 72 14 73
14 75 14 76
14 78 14 79
14 80 14 81
14 82 14 83
15 0 15 3
15 4 15 8
15 9 15 10
15 12 15 13
15 18 15 19
15 21 15 22
15 25 15 26
15 27 15 28
15 29 15 30
15 33 15 34
15 36 15 37
15 38 15 42
15 44 15 45
15 51 15 55
15 58 15 59
15 62 15 66
15 68 15 69
15 72 15 74
15 75 15 76
15 78 15 81
16 1 16 2
16 3 16 4
16 5 16 7
16 8 16 12
16 13 16 17
16 18 16 20
16 22 16 23
16 24 16 25
16 26 16 33
16 35 16 37
16 38 16 39
16 41 16 43
16 50 16 51
16 56 16 58
16 63 16 64
16 66 16 69
16 74 16 77
16 78 16 82
17 0 17 2
17 3 17 5
17 10 17 11
17 12 17 13
17 16 17 17
17 19 17 20
17 21 17 24
17 26 17 27
17 29 17 30
17 33 17 34
17 36 17 38
17 41 17 45
17 47 17 49
17 50 17 51
17 53 17 55
17 58 17 59
17 61 17 62
17 63 17 64
17 66 17 67
17 69 17 72
17 77 17 79
17 81 17 82
18 0 18 1
18 2 18 4
18 5 18 7
18 8 18 9
18 12 18 13
18 18 18 19
18 21 18 22
18 25 18 26
18 27 18 28
18 29 18 36
18 37 18 38
18 39 18 41
18 43 18 48
18 49 18 52
18 53 18 55
18 58 18 60
18 61 18 62
18 65 18 68
18 72 18 74
18 77 18 78
18 79 18 82
19 0 19 1
19 5 19 6
19 12 19 13
19 23 19 24
19 25 19 26
19 28 19 29
19 31 19 32
19 33 19 35
19 49 19 50
19 51 19 52
19 53 19 55
19 57 19 58
19 60 19 61
19 62 19 63
19 66 19 67
19 70 19 76
19 77 19 79
19 80 19 81
19 83 19 84
20 0 20 3
20 4 20 5
20 8 20 9
20 10 20 11
20 14 20 15
20 19 20 20
20 21 20 22
20 27 20 29
20 37 20 38
20 43 20 44
20 45 20 46
20 47 20 48
20 50 20 51
20 52 20 53
20 55 20 57
20 58 20 61
20 68 20 71
20 77 20 79
20 82 20 83
21 0 21 2
21 6 21 7
21 11 21 12
21 13 21 17
21 18 21 19
21 25 21 28
21 29 21 30
21 32 21 33
21 36 21 37
21 40 21 41
21 43 21 44
21 46 21 47
21 48 21 49
21 57 21 59
21 60 21 62
21 63 21 66
21 69 21 70
21 71 21 72
21 75 21 76
21 78 21 80
21 83 21 84
22 1 22 2
22 5 22 7
22 9 22 10
22 12 22 19
22 21 22 23
22 25 22 26
22 27 22 31
22 33 22 35
22 37 22 39
22 40 22 41
22 42 22 43
22 45 22 47
22 51 22 53
22 57 22 61
22 62 22 63
22 64 22 65
22 69 22 72
22 73 22 75
22 76 22 77
22 80 22 81
22 82 22 84
23 0 23 1
23 5 23 6
23 7 23 8
23 9 23 10
23 12 23 14
23 16 23 17
23 22 23 24
23 25 23 26
23 27 23 29
23 30 23 33
23 35 23 39
23 40 23 41
23 42 23 43
23 45 23 47
23 51 23 54
23 56 23 58
23 59 23 60
23 61 23 62
23 66 23 67
23 69 23 72
23 75 23 76
23 77 23 78
23 79 23 82
24 2 24 3
24 6 24 7
24 8 24 9
24 10 24 12
24 13 24 14
24 15 24 16
24 18 24 22
24 23 24 25
24 26 24 27
24 28 24 29
24 34 24 36
24 40 24 41
24 43 24 49
24 51 24 53
24 54 24 55
24 66 24 67
24 70 24 73
24 74 24 79
24 80 24 82
25 4 25 5
25 6 25 7
25 8 25 11
25 12 25 13
25 22 25 23
25 24 25 26
25 31 25 32
25 34 25 36
25 42 25 43
25 47 25 49
25 50 25 51
25 55 25 56
25 58 25 59
25 61 25 63
25 65 25 66
25 70 25 71
25 72 25 73
25 75 25 77
25 79 25 82
26 4 26 5
26 7 26 8
26 9 26 10
26 11 26 12
26 17 26 19
26 23 26 24
26 25 26 26
26 31 26 34
26 38 26 39
26 43 26 44
26 45 26 46
26 52 26 54
26 55 26 56
26 58 26 59
26 68 26 69
26 71 26 72
26 73 26 76
26 82 26 83
27 0 27 1
27 2 27 5
27 9 27 12
27 20 27 21
27 29 27 30
27 38 27 39
27 41 27 42
27 48 27 49
27 50 27 51
27 55 27 56
27 57 27 58
27 64 27 65
27 67 27 69
27 73 27 75
27 76 27 78
27 79 27 80
28 5 28 6
28 8 28 10
28 11 28 14
28 15 28 16
28 17 28 19
28 20 28 22
28 24 28 25
28 26 28 30
28 31 28 33
28 34 28 36
28 38 28 40
28 41 28 43
28 45 28 46
28 47 28 49
28 51 28 53
28 54 28 57
28 58 28 59
28 61 28 63
28 65 28 66
28 67 28 69
28 75 28 76
28 78 28 79
28 80 28 83
29 0 29 1
29 2 29 6
29 8 29 9
29 11 29 14
29 16 29 18
29 27 29 29
29 31 29 33
29 35 29 36
29 42 29 43
29 44 29 45
29 47 29 48
29 50 29 51
29 53 29 55
29 56 29 57
29 60 29 61
29 63 29 64
29 68 29 69
29 70 29 72
29 73 29 74
29 76 29 79
29 80 29 81
30 15 30 16
30 17 30 20
30 23 30 28
30 31 30 32
30 34 30 35
30 37 30 39
30 42 30 43
30 44 30 45
30 48 30 49
30 55 30 56
30 58 30 60
30 66 30 68
30 71 30 73
30 76 30 77
30 78 30 82
31 0 31 1
31 5 31 6
31 8 31 11
31 12 31 13
31 14 31 17
31 18 31 19
31 20 31 21
31 22 31 23
31 27 31 28
31 29 31 31
31 32 31 33
31 35 31 38
31 40 31 41
31 46 31 47
31 48 31 49
31 53 31 54
31 55 31 56
31 63 31 65
31 71 31 73
31 75 31 76
31 77 31 78
31 79 31 83
32 0 32 1
32 3 32 7
32 9 32 11
32 12 32 13
32 18 32 19
32 20 32 22
32 25 32 26
32 27 32 28
32 34 32 35
32 36 32 40
32 44 32 46
32 48 32 49
32 50 32 51
32 52 32 53
32 57 32 59
32 63 32 64
32 65 32 67
32 70 32 74
32 75 32 77
32 81 32 82
33 0 33 1
33 3 33 6
33 12 33 14
33 16 33 17
33 20 33 24
33 25 33 26
33 32 33 33
33 34 33 35
33 37 33 39
33 40 33 41
33 42 33 43
33 47 33 50
33 52 33 53
33 54 33 55
33 56 33 58
33 60 33 62
33 63 33 66
33 67 33 69
33 72 33 73
33 74 33 76
33 79 33 81
33 82 33 83
34 4 34 5
34 11 34 12
34 13 34 14
34 16 34 17
34 18 34 19
34 20 34 21
34 22 34 23
34 27 34 28
34 30 34 31
34 37 34 38
34 40 34 41
34 42 34 45
34 46 34 47
34 49 34 50
34 51 34 55
34 56 34 57
34 62 34 63
34 67 34 69
34 70 34 72
34 74 34 79
34 81 34 83
35 0 35 2
35 3 35 4
35 5 35 9
35 10 35 11
35 12 35 16
35 17 35 18
35 19 35 21
35 22 35 25
35 26 35 28
35 32 35 33
35 34 35 36
35 40 35 42
35 45 35 47
35 50 35 51
35 62 35 63
35 65 35 69
35 70 35 71
35 74 35 76
35 77 35 78
35 79 35 80
35 81 35 83
36 0 36 1
36 4 36 5
36 13 36 14
36 19 36 20
36 22 36 23
36 24 36 28
36 33 36 34
36 36 36 38
36 41 36 42
36 43 36 47
36 52 36 54
36 55 36 56
36 60 36 61
36 62 36 63
36 64 36 65
36 68 36 70
36 71 36 72
36 75 36 76
36 77 36 78
36 79 36 80
37 0 37 2
37 4 37 5
37 12 37 14
37 20 37 22
37 25 37 27
37 28 37 29
37 30 37 32
37 34 37 36
37 37 37 39
37 46 37 49
37 51 37 53
37 56 37 57
37 61 37 64
37 67 37 72
37 73 37 74
37 79 37 80
37 82 37 83
38 1 38 2
38 6 38 7
38 8 38 10
38 11 38 14
38 15 38 17
38 18 38 19
38 26 38 29
38 30 38 31
38 32 38 34
38 36 38 37
38 40 38 42
38 44 38 46
38 47 38 48
38 51 38 52
38 53 38 54
38 62 38 63
38 64 38 66
38 67 38 68
38 72 38 73
38 75 38 76
38 77 38 78
38 81 38 84
39 4 39 6
39 11 39 12
39 17 39 21
39 22 39 23
39 25 39 26
39 28 39 29
39 31 39 32
39 33 39 34
39 40 39 42
39 44 39 47
39 49 39 54
39 55 39 60
39 61 39 62
39 65 39 69
39 70 39 71
39 72 39 73
39 74 39 75
39 78 39 79
39 80 39 81
39 82 39 84
40 0 40 1
40 3 40 4
40 5 40 7
40 9 40 10
40 12 40 13
40 16 40 17
40 18 40 19
40 20 40 21
40 23 40 25
40 26 40 29
40 31 40 34
40 39 40 41
40 42 40 43
40 44 40 47
40 49 40 50
40 53 40 54
40 60 40 61
40 62 40 64
40 66 40 70
40 72 40 73
40 75 40 76
40 77 40 78
40 82 40 83
41 0 41 2
41 9 41 12
41 15 41 16
41 17 41 18
41 24 41 25
41 26 41 27
41 28 41 32
41 34 41 35
41 36 41 37
41 38 41 40
41 45 41 47
41 54 41 56
41 59 41 61
41 63 41 64
41 65 41 67
41 68 41 69
41 73 41 74
41 75 41 78
41 79 41 80
41 82 41 83
42 0 42 1
42 2 42 3
42 4 42 5
42 7 42 9
42 11 42 12
42 14 42 15
42 16 42 17
42 18 42 19
42 23 42 25
42 29 42 30
42 31 42 34
42 35 42 37
42 39 42 41
42 47 42 51
42 57 42 59
42 61 42 62
42 64 42 67
42 69 42 72
42 80 42 82
42 83 42 84
43 0 43 1
43 2 43 4
43 8 43 10
43 12 43 13
43 15 43 16
43 17 43 19
43 20 43 21
43 23 43 24
43 26 43 27
43 30 43 31
43 32 43 34
43 36 43 37
43 40 43 42
43 53 43 54
43 55 43 56
43 57 43 58
43 60 43 61
43 63 43 64
43 65 43 66
43 67 43 72
43 76 43 83
44 0 44 1
44 4 44 6
44 10 44 12
44 13 44 16
44 20 44 22
44 23 44 24
44 32 44 33
44 36 44 39
44 41 44 42
44 43 44 44
44 49 44 51
44 59 44 61
44 63 44 64
44 68 44 69
44 72 44 73
44 77 44 78
44 81 44 82
45 1 45 2
45 3 45 5
45 9 45 10
45 11 45 13
45 14 45 15
45 18 45 19
45 25 45 29
45 33 45 35
45 36 45 37
45 41 45 44
45 46 45 48
45 52 45 53
45 58 45 59
45 61 45 63
45 64 45 65
45 66 45 67
45 69 45 70
45 71 45 72
45 75 45 77
45 79 45 80
45 81 45 82
46 0 46 2
46 3 46 4
46 10 46 14
46 16 46 17
46 20 46 22
46 26 46 28
46 36 46 37
46 38 46 40
46 41 46 43
46 46 46 47
46 49 46 50
46 52 46 54
46 56 46 58
46 59 46 60
46 62 46 63
46 67 46 69
46 71 46 73
46 76 46 77
46 79 46 81
46 83 46 84
47 0 47 1
47 3 47 7
47 12 47 13
47 14 47 18
47 19 47 21
47 22 47 24
47 27 47 28
47 34 47 36
47 44 47 46
47 48 47 50
47 52 47 54
47 56 47 57
47 62 47 63
47 64 47 65
47 66 47 67
47 71 47 73
47 80 47 81
47 82 47 83
48 3 48 4
48 10 48 11
48 16 48 19
48 20 48 21
48 25 48 26
48 28 48 29
48 32 48 34
48 35 48 39
48 40 48 42
48 43 48 44
48 46 48 48
48 51 48 53
48 57 48 60
48 62 48 63
48 65 48 67
48 71 48 75
48 80 48 81
49 1 49 2
49 6 49 7
49 13 49 15
49 16 49 17
49 19 49 20
49 21 49 22
49 23 49 25
49 26 49 27
49 28 49 30
49 32 49 33
49 34 49 36
49 38 49 40
49 41 49 42
49 47 49 49
49 51 49 53
49 56 49 57
49 63 49 64
49 65 49 66
49 69 49 74
49 78 49 79
50 0 50 1
50 3 50 5
50 6 50 7
50 9 50 10
50 11 50 13
50 14 50 15
50 17 50 19
50 20 50 21
50 22 50 23
50 24 50 25
50 26 50 27
50 28 50 29
50 30 50 32
50 33 50 36
50 39 50 40
50 41 50 43
50 48 50 49
50 52 50 55
50 56 50 57
50 59 50 60
50 61 50 62
50 66 50 68
50 71 50 74
50 76 50 77
50 82 50 83
51 2 51 4
51 5 51 7
51 8 51 9
51 10 51 11
51 12 51 14
51 21 51 22
51 23 51 24
51 26 51 27
51 28 51 29
51 31 51 32
51 39 51 40
51 41 51 43
51 48 51 50
51 53 51 54
51 56 51 57
51 61 51 63
51 64 51 65
51 71 51 73
51 78 51 79
52 0 52 1
52 2 52 3
52 7 52 8
52 9 52 11
52 13 52 15
52 18 52 19
52 25 52 26
52 27 52 28
52 30 52 31
52 36 52 37
52 39 52 40
52 41 52 45
52 47 52 49
52 50 52 51
52 52 52 54
52 55 52 57
52 59 52 60
52 66 52 67
52 69 52 70
52 72 52 77
52 79 52 80
52 81 52 82
52 83 52 84
53 2 53 4
53 10 53 11
53 13 53 15
53 16 53 22
53 23 53 25
53 27 53 28
53 32 53 33
53 35 53 38
53 39 53 42
53 43 53 44
53 49 53 50
53 51 53 52
53 53 53 55
53 61 53 62
53 63 53 64
53 68 53 69
53 70 53 71
53 73 53 74
53 77 53 78
53 80 53 84
54 0 54 1
54 5 54 6
54 10 54 12
54 15 54 16
54 17 54 18
54 28 54 29
54 30 54 35
54 36 54 37
54 42 54 44
54 46 54 47
54 50 54 51
54 52 54 53
54 54 54 55
54 61 54 63
54 64 54 66
54 67 54 70
54 71 54 72
54 76 54 78
54 80 54 81
54 83 54 84
55 2 55 4
55 5 55 6
55 9 55 10
55 12 55 14
55 18 55 19
55 20 55 21
55 22 55 24
55 27 55 28
55 29 55 32
55 35 55 36
55 41 55 45
55 47 55 49
55 52 55 53
55 54 55 55
55 56 55 57
55 59 55 60
55 62 55 63
55 65 55 68
55 70 55 71
55 72 55 74
55 76 55 77
55 78 55 80
55 81 55 82
55 83 55 84
56 2 56 4
56 5 56 6
56 7 56 8
56 16 56 17
56 18 56 19
56 21 56 24
56 29 56 32
56 37 56 38
56 39 56 41
56 44 56 46
56 47 56 49
56 50 56 51
56 52 56 53
56 56 56 58
56 59 56 60
56 62 56 63
56 65 56 66
56 67 56 68
56 76 56 77
56 80 56 81
57 0 57 2
57 3 57 4
57 6 57 9
57 10 57 11
57 12 57 13
57 16 57 17
57 18 57 19
57 21 57 23
57 24 57 25
57 30 57 31
57 32 57 33
57 36 57 37
57 38 57 41
57 42 57 44
57 45 57 46
57 49 57 50
57 52 57 53
57 55 57 56
57 58 57 59
57 61 57 63
57 64 57 65
57 66 57 70
57 71 57 72
57 73 57 76
57 77 57 78
57 79 57 80
57 81 57 84
58 0 58 2
58 3 58 4
58 15 58 16
58 17 58 19
58 20 58 21
58 24 58 25
58 32 58 33
58 34 58 35
58 36 58 37
58 38 58 39
58 40 58 41
58 42 58 43
58 44 58 46
58 47 58 48
58 50 58 51
58 53 58 54
58 56 58 57
58 64 58 66
58 70 58 71
58 72 58 73
58 74 58 75
58 76 58 77
58 78 58 79
58 80 58 81
59 0 59 2
59 5 59 6
59 12 59 13
59 14 59 16
59 17 59 18
59 19 59 20
59 21 59 23
59 27 59 28
59 29 59 30
59 32 59 33
59 34 59 35
59 36 59 37
59 40 59 44
59 45 59 46
59 47 59 49
59 50 59 51
59 52 59 53
59 59 59 60
59 61 59 63
59 65 59 66
59 67 59 69
59 79 59 80
60 1 60 2
60 3 60 5
60 7 60 9
60 15 60 16
60 18 60 19
60 22 60 23
60 33 60 34
60 36 60 37
60 38 60 39
60 40 60 43
60 44 60 45
60 47 60 48
60 52 60 54
60 56 60 57
60 59 60 62
60 63 60 64
60 66 60 67
60 70 60 72
60 74 60 75
60 81 60 82
60 83 60 84
61 6 61 12
61 15 61 16
61 18 61 19
61 20 61 22
61 26 61 27
61 31 61 33
61 35 61 36
61 39 61 40
61 41 61 42
61 52 61 53
61 56 61 57
61 59 61 60
61 62 61 64
61 65 61 66
61 67 61 68
61 69 61 73
61 77 61 78
61 79 61 80
61 81 61 82
61 83 61 84
62 0 62 2
62 3 62 5
62 7 62 9
62 14 62 15
62 18 62 19
62 22 62 24
62 26 62 27
62 28 62 30
62 32 62 33
62 34 62 35
62 36 62 37
62 39 62 40
62 41 62 44
62 53 62 54
62 55 62 56
62 59 62 62
62 63 62 64
62 70 62 71
62 74 62 75
62 76 62 81
63 0 63 1
63 3 63 4
63 6 63 7
63 13 63 15
63 16 63 18
63 19 63 20
63 21 63 22
63 23 63 24
63 28 63 29
63 30 63 32
63 33 63 34
63 37 63 40
63 41 63 48
63 49 63 53
63 58 63 59
63 61 63 62
63 63 63 64
63 65 63 67
63 69 63 70
63 72 63 74
63 78 63 80
63 82 63 84
64 0 64 1
64 10 64 12
64 16 64 17
64 18 64 19
64 24 64 28
64 30 64 38
64 45 64 47
64 51 64 54
64 55 64 56
64 57 64 59
64 60 64 62
64 63 64 66
64 70 64 71
64 74 64 76
64 83 64 84
65 0 65 1
65 3 65 4
65 6 65 8
65 9 65 11
65 13 65 15
65 16 65 19
65 21 65 25
65 27 65 33
65 37 65 40
65 43 65 44
65 46 65 47
65 49 65 50
65 54 65 55
65 56 65 62
65 64 65 65
65 67 65 70
65 72 65 73
65 74 65 75
65 76 65 77
65 82 65 83
66 0 66 1
66 2 66 4
66 9 66 13
66 18 66 21
66 22 66 26
66 27 66 31
66 32 66 34
66 36 66 37
66 38 66 39
66 42 66 43
66 50 66 51
66 52 66 53
66 60 66 61
66 62 66 65
66 69 66 70
66 74 66 77
66 82 66 83
67 6 67 7
67 15 67 17
67 19 67 20
67 23 67 24
67 25 67 26
67 27 67 32
67 34 67 36
67 40 67 41
67 43 67 44
67 45 67 46
67 49 67 51
67 54 67 59
67 62 67 63
67 65 67 66
67 71 67 72
67 74 67 75
67 77 67 78
67 80 67 81
68 0 68 1
68 4 68 5
68 11 68 12
68 13 68 14
68 16 68 17
68 18 68 19
68 20 68 21
68 22 68 23
68 28 68 31
68 32 68 33
68 34 68 35
68 37 68 41
68 43 68 44
68 45 68 46
68 47 68 48
68 53 68 54
68 60 68 62
68 63 68 64
68 66 68 69
68 75 68 76
68 81 68 82
69 0 69 1
69 2 69 3
69 8 69 9
69 10 69 12
69 13 69 15
69 17 69 18
69 27 69 28
69 29 69 30
69 31 69 32
69 34 69 35
69 36 69 37
69 38 69 39
69 40 69 42
69 44 69 45
69 46 69 47
69 48 69 49
69 50 69 51
69 52 69 53
69 56 69 58
69 64 69 65
69 66 69 67
69 68 69 69
69 71 69 73
69 74 69 75
69 77 69 78
69 81 69 84
70 5 70 6
70 7 70 8
70 9 70 12
70 15 70 19
70 20 70 22
70 25 70 26
70 28 70 30
70 31 70 32
70 33 70 35
70 36 70 40
70 44 70 45
70 46 70 47
70 50 70 51
70 52 70 54
70 56 70 60
70 62 70 63
70 67 70 68
70 70 70 71
70 77 70 79
70 80 70 81
70 83 70 84
71 0 71 1
71 2 71 3
71 4 71 5
71 6 71 7
71 8 71 10
71 14 71 16
71 17 71 19
71 20 71 21
71 25 71 26
71 33 71 34
71 35 71 36
71 42 71 43
71 44 71 45
71 46 71 50
71 51 71 52
71 54 71 56
71 57 71 58
71 59 71 63
71 64 71 65
71 66 71 67
71 70 71 73
71 77 71 80
71 81 71 82
72 0 72 1
72 5 72 6
72 11 72 12
72 13 72 15
72 17 72 18
72 19 72 22
72 25 72 27
72 28 72 29
72 33 72 35
72 38 72 40
72 41 72 42
72 43 72 49
72 50 72 53
72 54 72 56
72 57 72 59
72 61 72 62
72 66 72 67
72 70 72 72
72 74 72 75
72 78 72 79
72 80 72 84
73 0 73 1
73 2 73 3
73 7 73 9
73 12 73 14
73 15 73 16
73 18 73 19
73 23 73 24
73 25 73 28
73 29 73 30
73 33 73 34
73 37 73 38
73 43 73 45
73 46 73 50
73 52 73 53
73 59 73 61
73 62 73 63
73 64 73 65
73 66 73 68
73 69 73 71
73 76 73 78
73 79 73 80
73 82 73 84
74 0 74 3
74 5 74 10
74 16 74 17
74 22 74 24
74 26 74 28
74 31 74 32
74 38 74 39
74 40 74 41
74 42 74 43
74 46 74 48
74 51 74 52
74 56 74 58
74 59 74 63
74 64 74 65
74 67 74 68
74 69 74 70
74 71 74 72
74 76 74 79
74 82 74 83
75 0 75 3
75 5 75 7
75 11 75 14
75 15 75 17
75 27 75 29
75 40 75 42
75 46 75 48
75 49 75 50
75 51 75 52
75 61 75 63
75 65 75 69
75 71 75 72
75 77 75 80
75 83 75 84
76 1 76 5
76 7 76 8
76 9 76 10
76 11 76 13
76 14 76 15
76 24 76 26
76 27 76 28
76 29 76 30
76 31 76 33
76 35 76 36
76 39 76 41
76 42 76 44
76 45 76 46
76 48 76 49
76 50 76 51
76 57 76 58
76 59 76 60
76 64 76 66
76 67 76 68
76 69 76 71
76 72 76 73
76 75 76 77
76 79 76 80
76 81 76 82
77 0 77 1
77 3 77 4
77 5 77 6
77 9 77 10
77 11 77 12
77 14 77 17
77 18 77 20
77 23 77 24
77 25 77 26
77 27 77 28
77 29 77 30
77 31 77 32
77 33 77 34
77 35 77 37
77 45 77 47
77 48 77 49
77 52 77 54
77 55 77 56
77 58 77 59
77 60 77 61
77 62 77 65
77 68 77 70
77 71 77 72
77 73 77 75
77 76 77 79
77 80 77 83
78 0 78 2
78 4 78 5
78 6 78 7
78 9 78 10
78 12 78 13
78 16 78 17
78 19 78 20
78 30 78 31
78 32 78 33
78 34 78 38
78 41 78 43
78 45 78 46
78 47 78 48
78 49 78 50
78 51 78 53
78 54 78 55
78 56 78 57
78 65 78 67
78 69 78 71
78 72 78 76
78 77 78 79
78 80 78 81
79 1 79 2
79 4 79 5
79 8 79 9
79 13 79 14
79 16 79 17
79 18 79 19
79 20 79 21
79 22 79 23
79 27 79 28
79 30 79 31
79 36 79 38
79 39 79 40
79 41 79 44
79 47 79 48
79 56 79 57
79 61 79 64
79 65 79 66
79 67 79 68
79 69 79 71
79 73 79 76
79 77 79 78
79 81 79 84
80 1 80 3
80 8 80 9
80 24 80 25
80 27 80 28
80 29 80 34
80 39 80 40
80 43 80 44
80 45 80 47
80 48 80 51
80 52 80 53
80 54 80 56
80 65 80 66
80 67 80 68
80 81 80 82
81 0 81 1
81 3 81 5
81 11 81 13
81 19 81 20
81 21 81 22
81 23 81 24
81 27 81 30
81 33 81 34
81 38 81 41
81 45 81 46
81 48 81 51
81 52 81 53
81 54 81 55
81 56 81 57
81 59 81 63
81 64 81 66
81 68 81 70
81 71 81 72
81 74 81 75
81 78 81 79
81 81 81 83
82 0 82 1
82 2 82 4
82 6 82 7
82 8 82 9
82 12 82 13
82 21 82 23
82 31 82 34
82 35 82 36
82 37 82 40
82 43 82 44
82 45 82 47
82 49 82 50
82 53 82 54
82 55 82 56
82 57 82 58
82 59 82 60
82 64 82 66
82 70 82 71
82 74 82 76
82 77 82 78
82 79 82 80
82 81 82 82
83 3 83 4
83 6 83 7
83 10 83 11
83 15 83 16
83 17 83 18
83 20 83 21
83 23 83 24
83 25 83 27
83 28 83 29
83 30 83 31
83 33 83 34
83 40 83 41
83 44 83 45
83 48 83 49
83 54 83 55
83 56 83 59
83 61 83 63
83 66 83 67
83 68 83 69
83 70 83 72
83 74 83 76
83 78 83 81
84 1 84 2
84 6 84 7
84 8 84 10
84 12 84 14
84 15 84 17
84 18 84 19
84 20 84 21
84 22 84 23
84 24 84 25
84 27 84 28
84 29 84 30
84 31 84 32
84 33 84 34
84 35 84 36
84 38 84 39
84 45 84 46
84 47 84 49
84 50 84 51
84 52 84 53
84 56 84 58
84 59 84 64
84 66 84 67
84 69 84 70
84 71 84 74
84 75 84 76
84 80 84 81
84 82 84 83
85 4 85 5
85 12 85 14
85 18 85 19
85 20 85 21
85 22 85 25
85 32 85 34
85 35 85 37
85 39 85 40
85 43 85 45
85 46 85 47
85 50 85 51
85 53 85 55
85 58 85 59
85 60 85 61
85 62 85 63
85 66 85 67
85 74 85 76
85 78 85 81
85 82 85 83
86 1 86 4
86 6 86 7
86 8 86 9
86 10 86 11
86 12 86 13
86 15 86 17
86 19 86 21
86 22 86 24
86 26 86 27
86 33 86 35
86 38 86 39
86 40 86 42
86 47 86 50
86 51 86 53
86 54 86 55
86 56 86 57
86 62 86 63
86 66 86 67
86 68 86 69
86 71 86 72
86 74 86 75
86 76 86 77
86 81 86 82
86 83 86 84
87 0 87 1
87 3 87 4
87 5 87 6
87 8 87 9
87 10 87 14
87 16 87 17
87 18 87 19
87 23 87 25
87 27 87 28
87 29 87 31
87 40 87 42
87 44 87 45
87 46 87 48
87 50 87 51
87 55 87 57
87 60 87 61
87 64 87 66
87 67 87 68
87 77 87 79
87 81 87 84
88 3 88 4
88 7 88 8
88 10 88 11
88 13 88 14
88 15 88 16
88 18 88 19
88 25 88 26
88 28 88 29
88 31 88 32
88 35 88 37
88 38 88 40
88 44 88 46
88 47 88 48
88 49 88 50
88 52 88 53
88 59 88 60
88 61 88 63
88 64 88 65
88 67 88 69
88 71 88 73
88 77 88 80
88 83 88 84
89 0 89 1
89 3 89 4
89 5 89 6
89 7 89 8
89 9 89 12
89 14 89 15
89 16 89 17
89 18 89 20
89 21 89 26
89 30 89 34
89 35 89 36
89 37 89 39
89 42 89 45
89 53 89 54
89 55 89 58
89 59 89 61
89 63 89 64
89 67 89 68
89 69 89 71
89 74 89 78
89 80 89 84
90 1 90 2
90 3 90 6
90 8 90 9
90 10 90 13
90 14 90 15
90 16 90 18
90 20 90 21
90 25 90 26
90 28 90 29
90 33 90 34
90 38 90 39
90 41 90 42
90 45 90 47
90 50 90 51
90 53 90 54
90 65 90 67
90 68 90 70
90 73 90 74
90 76 90 77
90 78 90 80
90 81 90 84
91 0 91 1
91 4 91 5
91 7 91 8
91 9 91 10
91 12 91 17
91 22 91 23
91 26 91 27
91 30 91 32
91 35 91 37
91 39 91 43
91 44 91 45
91 48 91 51
91 52 91 57
91 61 91 63
91 71 91 72
91 76 91 77
91 80 91 81
91 83 91 84
92 1 92 3
92 6 92 7
92 10 92 11
92 13 92 17
92 24 92 25
92 29 92 32
92 33 92 35
92 37 92 39
92 43 92 44
92 45 92 46
92 48 92 51
92 52 92 53
92 55 92 56
92 57 92 58
92 59 92 62
92 63 92 64
92 69 92 70
92 71 92 73
92 75 92 76
92 82 92 84
93 0 93 1
93 2 93 3
93 6 93 8
93 11 93 12
93 14 93 16
93 18 93 19
93 22 93 23
93 25 93 26
93 28 93 29
93 30 93 32
93 37 93 38
93 41 93 42
93 44 93 45
93 47 93 50
93 53 93 55
93 56 93 57
93 58 93 59
93 63 93 64
93 67 93 69
93 72 93 73
93 74 93 77
93 79 93 80
93 81 93 83
94 0 94 1
94 3 94 4
94 5 94 6
94 8 94 9
94 10 94 11
94 12 94 15
94 16 94 17
94 19 94 21
94 25 94 26
94 27 94 28
94 33 94 34
94 35 94 37
94 39 94 40
94 41 94 43
94 45 94 47
94 48 94 49
94 51 94 54
94 55 94 57
94 58 94 59
94 60 94 61
94 67 94 69
94 70 94 71
94 74 94 75
94 78 94 79
94 82 94 83
