0
0
1
0
1
2
4
4
3
0
3
4
3
3
3
6
4
4
5
4
2
7
0
5
1
3
2
3
1
3
8
6
5
4
5
6
1
2
3
2
22
0
3
5
2
4
3
14
11
3
5
14
29
8
5
13
2
0
9
30
3
7
2
6
8
17
35
7
7
4
4
16
40
11
5
9
23
1
6
23
23
9
12
44
21
11
26
2
50
36
8
7
12
4
14
28
30
8
21
31
12
12
13
20
6
7
14
2
19
6
8
16
112
3
8
31
16
4
62
5
3
121
6
7
23
22
12
33
29
38
13
6
21
77
41
12
13
8
73
33
18
23
13
22
11
72
5
43
7
16
85
19
20
13
39
11
21
45
41
16
31
68
31
44
11
38
93
22
42
7
32
33
39
9
40
16
86
2
23
9
24
43
10
10
10
51
5
8
3
46
10
86
7
49
22
22
23
3
48
25
47
16
11
50
50
30
4
16
13
110
18
17
11
27
60
16
8
17
55
45
30
57
32
8
51
23
10
19
55
20
66
59
232
4
61
30
29
51
56
38
21
125
107
62
63
33
13
30
9
60
66
21
30
55
31
114
36
25
32
14
132
15
21
68
59
4
5
130
17
14
122
9
61
273
42
27
24
28
60
7
10
20
125
29
5
24
8
287
10
67
150
76
146
21
20
26
11
134
35
136
55
39
35
6
10
22
158
67
72
15
45
161
6
75
85
47
163
7
39
18
89
41
77
11
41
2
31
35
12
72
30
53
42
73
23
78
12
24
338
86
31
171
76
343
89
41
22
62
39
77
63
83
25
154
45
39
87
90
19
99
13
29
80
12
43
78
3
83
56
57
14
40
68
47
41
27
31
42
15
20
4
47
51
46
44
6
13
21
22
46
17
43
87
23
39
18
101
33
17
99
112
47
25
403
14
50
38
210
16
15
200
35
67
106
52
27
8
218
7
5
31
92
92
7
15
39
45
42
99
43
25
47
432
113
201
101
114
199
16
47
18
55
110
33
42
9
112
8
24
6
117
41
212
51
17
18
116
45
30
21
111
1
55
105
245
20
105
120
106
107
19
22
130
45
110
59
8
62
57
9
59
50
19
27
60
124
120
66
58
48
22
122
248
123
30
32
33
57
267
113
127
28
127
29
52
116
50
53
120
35
17
21
54
50
55
131
22
10
52
120
21
128
109
56
64
132
25
61
528
281
30
24
23
65
64
78
112
134
255
113
134
36
26
22
126
60
66
26
21
56
65
28
136
22
275
124
23
24
61
31
29
58
141
69
139
67
144
70
11
64
68
146
23
64
69
75
141
24
42
143
23
65
133
37
289
66
25
6
27
67
11
29
33
149
58
83
39
139
63
12
82
295
74
10
41
321
9
64
70
28
27
152
65
34
29
63
156
64
310
153
27
136
68
74
145
158
158
78
73
308
2
12
74
35
301
149
302
79
43
32
68
87
66
165
86
76
164
39
29
168
650
77
29
44
160
164
40
36
33
156
3
70
83
29
69
70
31
321
31
34
46
355
12
9
13
325
77
172
157
4
11
93
35
164
45
76
164
182
162
39
89
178
151
35
15
36
166
89
335
174
89
21
12
33
13
37
5
185
82
92
17
41
95
174
6
184
716
189
41
172
35
348
95
41
358
87
51
177
7
348
20
94
95
85
18
77
45
181
38
98
190
82
85
89
19
199
182
90
47
96
370
91
88
185
18
84
40
86
92
97
760
19
376
193
188
100
375
100
185
101
48
171
87
98
91
92
776
17
99
102
103
41
185
42
197
191
41
43
18
25
96
395
41
422
42
206
44
90
798
200
43
26
103
47
107
48
8
21
193
51
55
20
51
45
49
108
56
97
205
202
206
96
57
21
212
101
50
46
51
200
103
52
9
112
212
113
100
54
99
409
203
29
205
10
61
106
195
216
101
113
216
54
215
218
426
31
54
55
116
58
101
55
102
425
452
199
50
108
49
115
56
50
50
51
57
117
227
213
52
229
880
49
440
435
233
109
11
54
119
111
240
12
102
211
216
113
467
446
120
58
118
51
49
53
26
219
116
66
475
452
59
240
61
63
241
235
118
240
448
52
52
53
238
110
64
119
926
116
117
61
25
108
59
54
67
26
126
121
48
65
50
221
222
51
105
123
110
230
13
28
29
55
254
71
112
30
65
126
66
115
261
240
496
471
239
50
120
51
63
124
35
243
123
27
132
126
502
57
261
54
118
55
135
117
119
118
255
112
65
68
245
58
56
111
36
256
61
52
57
246
