0
0
2
0
0
0
0
0
1
0
0
0
1
0
0
1
1
1
2
3
2
0
1
1
7
0
1
0
9
3
1
0
0
2
1
14
15
1
4
13
2
1
1
6
0
7
0
3
6
1
4
2
3
5
9
8
3
3
4
14
4
21
5
5
17
2
4
4
7
5
7
7
3
1
7
36
6
37
4
9
0
8
3
11
0
15
2
1
10
28
3
9
15
3
1
10
2
5
2
13
2
8
10
7
5
25
0
5
12
10
3
14
4
54
13
11
7
10
9
6
7
1
6
0
21
5
5
1
7
6
130
35
132
133
2
6
67
15
4
9
10
2
39
8
16
16
10
16
148
5
17
4
11
4
5
6
5
21
37
4
75
2
42
24
8
1
38
4
21
11
9
17
11
16
6
2
2
26
15
9
20
26
46
23
6
23
2
4
18
25
90
12
6
4
4
20
48
50
9
94
5
7
19
13
14
17
1
51
24
44
27
6
10
3
7
19
12
10
6
4
54
3
5
3
14
21
6
106
16
27
11
7
12
7
29
7
22
6
21
3
26
4
14
57
11
34
31
24
6
28
3
1
19
32
13
4
23
23
6
24
17
41
18
1
126
27
7
8
34
37
0
32
61
130
36
62
76
20
20
7
16
63
9
4
8
8
37
5
14
18
31
8
26
18
44
7
21
7
69
13
4
15
41
7
18
10
5
9
71
13
33
21
9
28
22
40
9
2
4
6
36
6
16
7
27
2
1
327
45
9
2
17
42
22
334
31
16
2
11
8
14
36
49
19
34
50
8
160
13
83
21
10
3
18
24
54
92
10
23
38
42
28
8
20
15
52
23
43
24
12
21
18
101
5
87
11
43
43
26
8
89
44
12
8
39
98
23
179
106
10
16
46
101
36
41
26
17
19
50
10
10
8
24
24
24
9
105
53
20
101
50
5
49
49
4
11
11
23
19
45
52
8
51
20
3
44
45
20
54
20
56
50
12
41
53
49
9
22
36
12
24
106
31
13
3
13
14
14
26
20
20
60
2
29
24
10
34
117
10
26
22
24
47
61
23
62
57
6
13
60
107
11
7
30
32
51
13
12
51
22
48
20
26
27
108
52
31
14
15
23
41
4
492
114
23
48
12
31
27
71
39
3
31
26
4
10
14
0
53
64
64
28
21
33
75
123
5
35
11
52
12
26
9
6
30
51
60
61
6
5
68
68
30
10
25
62
60
64
63
9
14
31
31
77
14
4
40
23
31
26
69
262
29
35
30
30
36
24
65
31
32
13
5
563
7
73
18
6
13
21
139
66
4
146
73
140
72
37
34
40
13
273
64
43
33
29
129
38
75
31
34
34
35
65
19
14
15
17
20
4
40
14
32
71
68
64
70
21
40
6
77
15
72
26
41
27
45
80
13
29
288
16
71
289
16
16
68
29
21
84
17
16
10
41
16
37
77
142
36
10
75
37
72
32
79
17
43
22
38
6
15
38
44
75
37
39
39
35
19
11
311
26
170
663
166
665
90
17
37
31
37
18
8
20
37
91
35
172
44
41
45
158
41
14
16
33
78
173
5
36
44
42
81
18
94
327
36
79
698
37
82
81
42
19
35
44
42
166
24
1
41
37
19
184
67
41
40
19
32
26
35
39
43
40
33
12
43
8
185
43
7
83
23
31
25
6
87
15
40
92
45
189
22
47
17
87
746
86
2
102
77
94
47
39
194
22
17
19
47
54
46
53
45
39
93
182
50
16
50
104
48
28
44
7
204
775
42
29
22
190
25
8
14
98
100
90
51
35
45
93
12
22
44
106
106
85
17
86
106
53
22
23
44
50
19
3
51
97
808
79
47
210
20
203
24
50
46
25
54
105
52
53
24
30
23
44
25
202
196
31
95
26
10
387
95
10
24
103
106
104
221
4
98
101
110
51
51
26
28
112
53
81
39
46
49
53
27
29
207
39
55
39
50
219
18
5
44
211
103
59
111
108
60
223
41
49
117
52
99
85
51
56
109
118
113
25
123
51
12
92
13
46
58
28
22
28
26
234
116
50
107
55
29
43
14
110
236
30
111
214
22
29
93
23
118
24
62
239
52
58
114
95
126
27
229
119
15
60
30
119
128
103
19
49
10
97
63
11
122
27
28
236
56
30
116
22
119
25
13
14
58
439
12
56
50
443
30
114
14
45
12
24
61
15
32
449
65
450
112
118
25
58
28
973
60
25
55
977
121
26
25
48
120
8
34
52
30
15
244
32
9
48
992
63
137
29
61
245
124
57
