1000
-1 4 0 -1 -1 8
-1 4 0 -1 2 8
-1 4 -1 -1 -1 8
8 8 -1 8 -1 -1
-1 -1 -1 -1 1 5
8 -1 9 -1 1 5
8 8 9 -1 1 -1
-1 4 0 9 -1 8
-1 -1 0 -1 2 -1
-1 8 -1 8 1 -1
-1 4 -1 9 2 -1
-1 8 9 -1 1 5
-1 -1 0 9 -1 -1
8 8 9 8 1 -1
8 -1 -1 9 2 -1
8 8 -1 8 1 -1
-1 -1 9 8 1 -1
-1 -1 0 -1 2 8
-1 -1 9 -1 -1 5
8 8 -1 -1 1 -1
-1 4 -1 -1 2 -1
-1 -1 9 8 1 5
8 -1 9 8 1 -1
-1 -1 -1 8 1 5
-1 -1 -1 8 1 -1
8 4 -1 9 2 8
8 4 -1 9 2 -1
8 4 0 9 2 8
-1 -1 -1 -1 2 -1
8 4 -1 9 2 -1
8 -1 0 -1 2 8
8 -1 -1 8 -1 5
8 -1 9 8 1 5
8 4 -1 9 2 8
8 4 0 9 2 -1
-1 -1 -1 -1 2 -1
-1 -1 -1 -1 2 -1
8 -1 0 9 -1 8
-1 4 0 -1 -1 8
-1 4 -1 -1 -1 -1
8 -1 9 -1 1 5
-1 8 9 -1 -1 5
8 8 9 8 -1 -1
-1 8 -1 -1 1 -1
-1 8 -1 8 1 5
8 -1 -1 8 -1 -1
8 8 -1 8 -1 5
8 4 -1 -1 -1 8
8 4 -1 9 2 -1
8 8 -1 8 -1 5
-1 4 -1 -1 2 8
8 4 0 -1 2 -1
8 4 -1 -1 2 8
-1 -1 -1 9 -1 8
-1 -1 -1 9 2 -1
-1 8 -1 8 -1 -1
-1 -1 0 9 -1 8
8 4 0 -1 2 -1
-1 4 -1 9 -1 8
-1 8 -1 -1 -1 -1
8 -1 -1 9 -1 8
-1 4 -1 -1 -1 -1
8 4 -1 -1 -1 8
-1 4 0 -1 2 -1
-1 -1 -1 8 -1 -1
-1 -1 0 9 2 -1
8 -1 -1 8 -1 5
8 -1 9 8 -1 -1
8 -1 -1 -1 -1 5
8 -1 -1 8 -1 5
-1 -1 0 9 -1 -1
-1 -1 9 8 -1 -1
-1 8 -1 8 -1 5
8 4 0 -1 2 8
8 4 -1 9 -1 -1
8 -1 -1 -1 -1 -1
-1 8 -1 -1 -1 5
8 -1 -1 -1 -1 -1
-1 8 -1 8 1 -1
-1 -1 -1 9 -1 8
-1 8 9 8 -1 5
8 -1 -1 9 2 -1
8 4 -1 9 -1 8
8 4 -1 -1 2 -1
-1 8 9 8 1 5
8 -1 -1 -1 2 -1
-1 8 -1 8 1 5
8 8 9 8 1 -1
-1 -1 -1 -1 1 5
-1 4 -1 -1 -1 -1
-1 -1 0 9 2 -1
-1 -1 -1 -1 2 8
-1 8 -1 8 -1 -1
8 8 -1 8 1 -1
8 -1 9 8 1 5
8 -1 9 -1 -1 -1
8 8 -1 8 -1 5
8 -1 9 8 1 -1
8 4 0 9 -1 -1
-1 -1 9 8 -1 -1
8 -1 0 9 -1 8
-1 8 9 -1 -1 -1
-1 -1 9 -1 -1 5
8 -1 -1 9 -1 8
-1 -1 0 9 -1 8
-1 -1 -1 -1 1 -1
8 8 9 8 -1 5
8 4 0 -1 2 -1
-1 -1 9 -1 -1 5
-1 8 9 -1 -1 -1
8 4 -1 9 2 8
-1 -1 -1 9 2 -1
-1 -1 0 9 2 -1
8 -1 -1 -1 -1 -1
8 -1 9 -1 -1 -1
8 4 -1 9 -1 -1
8 4 0 -1 -1 -1
8 -1 -1 9 2 -1
8 4 -1 -1 -1 8
-1 8 9 8 -1 -1
-1 8 9 8 -1 -1
8 -1 0 9 2 8
8 4 0 -1 2 -1
8 8 -1 8 1 5
8 -1 -1 -1 2 -1
-1 8 9 -1 1 -1
8 8 9 -1 -1 -1
8 8 -1 -1 1 5
-1 -1 0 9 -1 8
8 -1 -1 -1 1 5
-1 -1 -1 -1 -1 -1
-1 -1 -1 9 -1 -1
-1 -1 -1 -1 -1 -1
-1 -1 -1 -1 -1 -1
-1 -1 0 9 2 8
-1 8 -1 -1 1 5
8 -1 -1 -1 -1 -1
-1 4 -1 9 -1 -1
8 -1 9 -1 1 5
-1 4 -1 9 2 -1
8 -1 -1 9 -1 8
-1 4 0 9 -1 8
-1 4 -1 -1 -1 -1
-1 -1 9 -1 1 5
8 -1 -1 -1 1 -1
-1 -1 9 -1 1 -1
-1 8 -1 8 1 -1
8 -1 -1 -1 -1 5
-1 -1 -1 -1 -1 -1
-1 4 0 9 -1 -1
-1 -1 9 -1 1 -1
8 -1 0 9 -1 8
-1 -1 0 9 -1 8
-1 -1 9 8 1 5
8 -1 9 -1 1 5
-1 8 9 -1 1 -1
8 -1 0 9 -1 8
-1 4 -1 -1 2 -1
-1 8 -1 -1 -1 -1
-1 8 -1 8 1 5
8 -1 -1 -1 -1 -1
8 -1 0 9 2 8
-1 4 -1 -1 -1 -1
8 -1 -1 9 -1 -1
-1 8 -1 -1 1 5
8 4 0 9 2 8
-1 -1 -1 -1 -1 5
-1 4 0 9 -1 8
-1 4 -1 9 -1 -1
-1 8 -1 8 -1 5
-1 4 0 -1 -1 8
8 -1 0 -1 -1 -1
8 -1 9 -1 1 -1
-1 8 9 -1 -1 -1
8 4 -1 9 -1 8
8 4 0 9 2 8
8 8 9 8 1 -1
8 4 -1 -1 -1 -1
8 -1 -1 9 2 -1
-1 4 0 9 -1 -1
-1 -1 0 -1 2 -1
-1 8 -1 8 -1 -1
-1 -1 -1 -1 2 -1
-1 4 -1 -1 -1 8
8 8 -1 8 1 -1
-1 8 -1 -1 1 -1
8 8 -1 -1 1 5
8 4 0 -1 -1 8
8 8 -1 -1 -1 -1
-1 8 -1 -1 1 -1
8 -1 -1 -1 -1 -1
-1 4 -1 9 -1 8
8 4 -1 9 2 8
-1 4 0 9 2 -1
8 4 0 9 2 -1
-1 -1 -1 8 -1 5
-1 -1 -1 -1 1 -1
-1 -1 -1 -1 2 -1
8 4 -1 -1 2 8
8 -1 -1 -1 -1 -1
-1 4 0 -1 2 8
8 -1 9 -1 -1 5
-1 -1 -1 -1 2 8
8 -1 9 -1 1 -1
-1 8 -1 8 1 -1
8 4 -1 9 -1 -1
-1 8 9 8 1 5
-1 8 -1 -1 -1 -1
-1 -1 0 -1 2 -1
-1 -1 9 -1 -1 -1
-1 -1 -1 9 2 -1
-1 4 0 9 -1 8
8 4 0 -1 2 -1
8 4 0 9 -1 8
8 8 9 -1 -1 -1
8 4 -1 9 -1 -1
-1 -1 9 -1 1 5
-1 -1 -1 9 2 8
-1 4 0 -1 2 8
8 8 9 -1 1 -1
-1 8 -1 -1 -1 -1
8 -1 9 8 -1 5
8 8 -1 8 -1 5
8 -1 -1 8 1 5
-1 4 0 9 -1 -1
-1 8 -1 -1 -1 5
-1 4 0 9 2 -1
8 -1 -1 -1 -1 -1
-1 8 -1 8 1 -1
-1 -1 9 -1 1 -1
8 4 0 -1 2 -1
8 -1 9 8 1 -1
8 8 -1 -1 1 -1
8 4 -1 9 2 8
-1 -1 0 -1 -1 8
8 4 0 9 -1 -1
-1 -1 9 8 -1 -1
8 4 0 -1 -1 8
-1 8 9 -1 -1 -1
8 8 9 8 1 -1
-1 -1 -1 -1 1 5
8 -1 9 8 -1 5
8 -1 0 -1 -1 8
-1 -1 -1 -1 -1 8
-1 8 9 -1 1 -1
-1 4 0 -1 -1 -1
-1 -1 9 -1 1 -1
8 -1 -1 -1 -1 5
-1 -1 9 8 1 5
-1 -1 -1 -1 1 5
8 8 -1 -1 1 5
8 8 9 8 -1 5
-1 -1 0 9 -1 8
8 -1 -1 -1 2 -1
8 4 -1 9 2 -1
8 -1 -1 8 1 5
-1 -1 -1 -1 2 8
8 4 -1 9 -1 -1
8 -1 9 8 -1 5
8 4 -1 9 -1 -1
-1 4 -1 9 -1 8
-1 4 -1 9 -1 -1
-1 4 0 -1 2 -1
8 8 -1 8 1 5
8 -1 -1 -1 -1 -1
8 -1 0 -1 -1 -1
-1 8 -1 8 1 5
8 8 -1 8 -1 5
-1 -1 0 9 -1 -1
-1 8 -1 8 -1 -1
8 8 9 -1 1 5
-1 -1 -1 9 2 -1
-1 -1 9 -1 -1 -1
8 -1 -1 -1 -1 -1
-1 4 0 -1 -1 -1
-1 -1 9 -1 -1 -1
-1 -1 -1 9 -1 -1
8 -1 -1 9 -1 8
-1 -1 0 9 -1 8
-1 -1 9 8 1 5
-1 -1 9 8 1 -1
-1 -1 -1 -1 -1 8
8 8 -1 8 1 -1
-1 8 9 -1 1 5
-1 4 0 9 -1 8
-1 8 -1 8 1 5
-1 -1 9 -1 1 -1
-1 8 9 -1 1 5
8 4 -1 9 2 -1
-1 -1 9 -1 1 5
-1 8 -1 -1 -1 5
-1 4 -1 9 2 8
8 4 -1 9 -1 -1
8 -1 9 -1 1 -1
8 4 -1 -1 -1 -1
8 -1 9 8 -1 5
8 -1 -1 9 2 -1
8 -1 0 9 2 -1
-1 -1 -1 -1 -1 5
-1 -1 -1 9 2 8
8 4 0 -1 2 8
8 -1 -1 -1 1 5
-1 8 -1 -1 1 -1
8 -1 9 -1 1 5
-1 4 0 9 -1 -1
8 -1 0 9 -1 8
-1 8 9 8 -1 5
-1 8 -1 8 1 5
-1 -1 -1 8 -1 -1
-1 8 9 8 -1 -1
8 -1 9 -1 -1 -1
-1 8 -1 8 -1 5
-1 4 -1 9 2 8
-1 -1 -1 -1 2 8
-1 8 -1 8 -1 5
-1 4 0 -1 -1 -1
-1 4 0 9 -1 8
8 8 9 8 -1 5
8 8 9 -1 -1 5
8 8 -1 -1 1 5
8 -1 -1 8 -1 -1
-1 -1 0 9 2 8
-1 -1 -1 9 2 8
-1 4 0 9 2 -1
8 4 -1 9 -1 -1
8 8 -1 8 1 5
8 8 9 -1 1 5
-1 -1 -1 -1 -1 -1
-1 -1 -1 -1 1 5
8 -1 9 8 -1 5
8 -1 9 8 1 5
8 -1 0 -1 2 -1
-1 -1 -1 9 2 -1
-1 8 -1 -1 1 5
-1 -1 -1 -1 -1 -1
-1 -1 -1 -1 2 8
-1 8 9 -1 1 -1
-1 8 9 8 1 5
8 8 -1 8 1 -1
8 -1 0 9 2 -1
-1 -1 0 -1 2 8
8 8 -1 -1 -1 -1
-1 -1 -1 -1 1 5
8 4 0 -1 -1 -1
8 -1 0 -1 -1 -1
-1 -1 -1 -1 1 5
-1 8 9 8 -1 5
8 -1 -1 -1 -1 -1
8 4 0 -1 2 -1
-1 -1 9 -1 -1 -1
8 -1 -1 -1 1 5
8 -1 9 -1 1 5
8 8 9 8 -1 5
-1 4 -1 -1 2 8
-1 -1 9 -1 1 5
-1 -1 -1 -1 1 5
-1 8 -1 -1 -1 -1
-1 4 0 9 -1 8
-1 4 -1 9 -1 8
-1 -1 0 -1 2 -1
-1 -1 -1 8 1 -1
8 4 -1 9 -1 -1
8 4 0 9 -1 -1
8 -1 -1 8 1 -1
8 4 -1 9 2 -1
8 4 -1 -1 -1 -1
-1 4 0 9 -1 -1
-1 4 -1 -1 -1 8
-1 8 -1 -1 1 5
8 8 -1 8 -1 5
-1 4 0 -1 -1 8
8 -1 0 9 -1 -1
-1 -1 -1 -1 1 -1
8 4 0 9 2 -1
-1 -1 -1 8 -1 -1
8 4 -1 9 -1 8
-1 -1 9 -1 -1 5
8 -1 -1 -1 2 -1
-1 8 -1 8 1 -1
8 4 0 -1 -1 8
-1 -1 -1 -1 2 -1
8 -1 -1 -1 2 -1
8 4 -1 9 -1 8
-1 8 9 -1 1 5
8 8 -1 -1 -1 -1
-1 8 -1 -1 -1 -1
-1 4 0 -1 2 -1
8 -1 -1 -1 -1 -1
-1 -1 -1 9 -1 -1
-1 8 9 8 -1 5
8 8 9 -1 -1 -1
8 -1 -1 -1 -1 5
-1 8 -1 -1 -1 -1
8 -1 -1 -1 -1 8
-1 -1 0 -1 2 -1
-1 -1 9 -1 1 5
8 8 9 -1 -1 -1
-1 4 -1 -1 2 8
-1 -1 -1 9 -1 8
-1 4 -1 9 2 8
8 -1 -1 9 2 8
8 4 -1 9 2 8
8 8 -1 8 -1 -1
8 4 -1 -1 -1 8
8 4 0 -1 -1 -1
-1 4 0 9 2 -1
-1 -1 -1 -1 1 -1
-1 8 -1 -1 1 -1
8 -1 0 9 -1 -1
-1 -1 -1 -1 -1 5
-1 4 -1 -1 2 -1
8 -1 0 9 2 8
-1 8 -1 -1 -1 5
-1 -1 -1 8 -1 5
8 4 0 9 -1 8
8 -1 0 9 2 -1
8 -1 9 -1 1 5
8 -1 9 -1 -1 5
-1 8 9 8 -1 -1
8 -1 -1 8 -1 -1
-1 -1 -1 9 2 -1
8 8 9 -1 1 -1
-1 4 -1 -1 2 -1
-1 8 9 -1 1 -1
-1 4 0 9 2 8
-1 8 9 -1 -1 -1
8 -1 0 -1 -1 -1
8 8 -1 -1 -1 5
-1 4 -1 -1 -1 8
8 -1 0 -1 -1 8
-1 8 -1 8 -1 -1
-1 -1 -1 8 -1 5
-1 8 -1 8 1 5
-1 -1 9 8 -1 -1
-1 4 -1 -1 2 -1
-1 -1 9 -1 -1 5
-1 8 9 -1 1 5
-1 -1 -1 9 2 8
8 4 -1 9 -1 -1
8 -1 9 8 -1 5
8 -1 0 9 -1 -1
-1 -1 -1 -1 2 -1
-1 8 -1 8 -1 5
8 -1 9 8 -1 5
8 4 0 9 2 8
8 -1 0 9 2 -1
8 -1 -1 9 2 8
8 -1 9 8 -1 5
-1 4 0 -1 -1 8
-1 8 9 -1 -1 5
-1 8 9 8 -1 -1
-1 -1 -1 9 -1 8
8 8 9 -1 1 5
-1 4 0 9 -1 -1
8 -1 9 8 -1 -1
8 4 -1 9 2 8
8 -1 -1 9 2 -1
-1 -1 -1 -1 -1 5
-1 4 0 -1 2 8
-1 -1 9 8 -1 5
8 -1 0 -1 -1 8
-1 -1 0 9 2 -1
8 -1 -1 -1 -1 8
-1 -1 -1 9 2 -1
-1 8 9 -1 1 -1
-1 -1 -1 9 -1 8
-1 -1 -1 8 -1 5
8 4 0 9 -1 8
8 -1 9 -1 1 5
-1 8 -1 8 -1 -1
-1 -1 -1 -1 -1 8
-1 8 9 -1 1 5
8 -1 0 9 2 8
-1 8 -1 -1 1 5
-1 -1 0 9 -1 8
-1 8 9 -1 -1 -1
8 8 -1 8 -1 5
8 4 0 -1 -1 8
-1 -1 0 -1 2 -1
8 -1 -1 -1 2 8
8 -1 -1 -1 1 -1
8 4 -1 9 2 -1
8 -1 0 -1 2 -1
-1 -1 -1 9 2 8
-1 -1 -1 8 -1 -1
-1 8 9 -1 -1 -1
-1 4 -1 9 2 -1
8 -1 9 -1 1 5
8 4 -1 -1 2 8
-1 8 9 -1 -1 5
8 4 -1 9 -1 -1
8 4 0 9 2 8
-1 -1 -1 -1 -1 -1
-1 -1 0 -1 -1 -1
8 8 -1 -1 -1 5
8 8 -1 -1 -1 -1
8 4 -1 9 2 8
-1 8 -1 -1 1 5
-1 -1 0 9 2 -1
8 4 -1 -1 -1 -1
8 -1 -1 9 2 -1
8 8 9 -1 1 5
8 -1 9 -1 -1 5
8 8 -1 8 -1 -1
8 8 9 -1 1 5
8 8 9 -1 -1 5
8 4 0 9 -1 -1
8 8 9 8 1 5
8 -1 -1 8 -1 -1
-1 4 0 -1 -1 -1
-1 8 -1 8 -1 -1
8 -1 0 -1 2 -1
-1 -1 0 -1 2 8
-1 4 0 9 -1 -1
8 -1 -1 9 -1 -1
-1 -1 -1 -1 1 -1
8 8 9 8 1 -1
8 -1 -1 9 -1 8
8 8 9 8 -1 -1
-1 -1 -1 -1 2 8
8 -1 0 -1 2 8
8 8 9 -1 -1 -1
8 -1 -1 8 1 5
-1 4 0 9 2 8
8 -1 0 -1 2 -1
-1 -1 9 8 -1 -1
-1 -1 0 -1 2 -1
-1 -1 -1 8 -1 5
8 8 9 -1 1 5
8 8 9 8 -1 5
-1 -1 9 -1 -1 5
-1 8 -1 -1 1 -1
-1 4 0 -1 2 -1
8 -1 -1 8 1 5
-1 8 9 8 -1 -1
-1 -1 0 -1 2 -1
8 -1 0 -1 -1 -1
-1 -1 9 -1 1 -1
8 -1 9 -1 -1 -1
-1 8 9 8 1 -1
8 8 -1 -1 1 5
8 -1 0 -1 2 -1
8 8 -1 8 -1 -1
8 -1 -1 9 -1 -1
-1 8 -1 8 1 5
8 -1 9 8 1 5
8 -1 -1 9 2 -1
-1 -1 9 8 1 -1
-1 4 0 -1 2 -1
8 -1 -1 8 1 -1
8 -1 -1 -1 -1 5
8 -1 -1 -1 -1 -1
-1 -1 0 9 2 -1
-1 -1 0 9 -1 8
8 8 -1 -1 1 -1
-1 -1 0 9 2 -1
8 -1 -1 9 -1 8
-1 -1 0 -1 2 8
-1 4 -1 -1 -1 8
-1 8 9 -1 1 -1
-1 4 0 -1 -1 8
-1 -1 0 9 2 8
8 4 0 9 2 8
-1 -1 -1 -1 -1 -1
8 8 9 -1 1 5
-1 -1 0 9 -1 -1
8 4 0 -1 2 -1
8 4 0 9 2 8
8 8 9 8 -1 -1
8 -1 9 -1 1 5
-1 -1 9 -1 -1 -1
-1 -1 -1 8 -1 5
8 8 -1 8 1 5
-1 -1 -1 -1 2 -1
-1 4 0 -1 -1 -1
-1 -1 9 -1 -1 -1
-1 -1 9 -1 -1 5
-1 4 -1 9 2 -1
8 4 0 -1 -1 -1
-1 8 -1 -1 1 5
-1 8 9 8 -1 5
8 -1 -1 -1 -1 -1
8 -1 -1 8 -1 -1
8 -1 -1 9 2 -1
8 8 -1 -1 -1 5
-1 8 9 8 -1 -1
-1 -1 -1 -1 -1 8
-1 4 -1 9 -1 8
-1 -1 0 9 -1 -1
-1 -1 9 8 -1 5
8 8 -1 -1 -1 5
-1 -1 0 9 2 -1
-1 -1 0 9 2 -1
8 -1 -1 8 -1 -1
-1 4 0 9 -1 8
-1 8 9 8 -1 5
8 -1 0 -1 2 8
-1 8 9 -1 1 5
8 4 0 -1 2 -1
-1 8 9 8 1 5
-1 -1 0 9 -1 8
8 8 9 8 -1 -1
8 8 9 -1 -1 -1
-1 4 -1 -1 -1 8
-1 -1 0 -1 -1 8
-1 -1 9 8 -1 -1
-1 4 -1 -1 2 -1
8 -1 -1 9 2 8
-1 4 -1 9 -1 8
8 8 9 8 1 -1
-1 4 0 -1 -1 -1
8 8 9 -1 -1 5
8 -1 9 -1 -1 -1
-1 -1 9 8 1 -1
-1 4 -1 9 -1 8
-1 -1 9 8 1 -1
8 -1 -1 9 2 -1
-1 8 -1 -1 1 -1
-1 -1 9 8 1 5
-1 -1 9 8 1 -1
8 -1 -1 -1 -1 -1
-1 8 9 8 -1 5
-1 -1 9 8 -1 -1
8 -1 -1 -1 -1 -1
-1 4 0 9 2 -1
8 -1 0 -1 2 8
8 -1 -1 8 -1 -1
8 -1 -1 8 1 -1
8 4 0 -1 2 -1
-1 -1 -1 9 2 -1
-1 4 0 9 2 -1
8 8 9 -1 -1 5
8 4 0 9 -1 8
8 4 -1 -1 2 -1
-1 -1 0 9 2 8
8 -1 9 -1 1 -1
8 -1 -1 -1 -1 5
-1 -1 -1 -1 -1 8
8 8 -1 8 -1 -1
8 4 0 9 2 -1
-1 4 -1 -1 -1 8
8 8 -1 8 -1 -1
8 -1 0 -1 -1 -1
-1 4 -1 -1 2 8
-1 8 9 -1 -1 -1
8 8 -1 -1 1 5
-1 -1 0 9 -1 8
8 -1 9 -1 1 5
-1 8 9 -1 -1 5
8 8 9 8 -1 5
-1 4 0 -1 2 8
-1 4 0 -1 -1 8
8 -1 9 -1 -1 5
-1 -1 0 -1 -1 8
-1 -1 9 8 -1 5
8 -1 9 -1 1 -1
8 8 -1 8 -1 -1
8 -1 0 9 -1 -1
-1 4 0 9 2 -1
8 4 0 9 -1 8
8 -1 -1 -1 -1 -1
8 4 -1 9 2 -1
-1 4 -1 -1 -1 -1
-1 -1 -1 -1 -1 -1
-1 -1 0 -1 -1 -1
-1 -1 -1 -1 -1 -1
-1 -1 -1 9 2 -1
8 8 9 8 -1 -1
8 -1 -1 8 -1 5
-1 -1 -1 8 1 5
8 4 -1 -1 -1 8
8 4 0 -1 -1 8
8 8 9 -1 1 5
-1 4 0 9 2 -1
8 -1 0 9 -1 -1
-1 -1 0 9 -1 -1
8 -1 9 8 -1 -1
-1 -1 9 -1 -1 -1
-1 4 -1 9 -1 8
8 8 -1 8 -1 -1
-1 -1 9 -1 1 5
-1 -1 -1 8 -1 -1
8 -1 9 -1 1 -1
-1 -1 9 8 1 5
-1 4 0 -1 2 8
-1 -1 -1 8 1 5
8 -1 -1 8 -1 -1
-1 -1 -1 -1 -1 5
-1 8 9 8 1 5
-1 -1 -1 9 2 8
8 4 -1 -1 2 -1
8 -1 9 -1 1 -1
8 -1 -1 -1 2 -1
8 8 9 -1 1 -1
-1 4 -1 9 -1 -1
8 -1 -1 -1 -1 -1
8 -1 9 8 -1 -1
-1 -1 0 -1 -1 8
-1 -1 -1 -1 -1 -1
8 8 -1 -1 1 -1
8 -1 -1 -1 2 -1
-1 -1 -1 8 -1 5
-1 8 9 -1 -1 5
8 -1 9 8 -1 5
-1 -1 -1 8 1 5
-1 4 0 -1 2 -1
-1 4 0 -1 -1 8
-1 -1 -1 -1 1 -1
8 -1 9 -1 1 5
8 8 9 8 1 5
8 4 0 -1 -1 -1
-1 8 -1 8 1 -1
-1 8 -1 8 1 5
-1 -1 9 -1 -1 -1
8 -1 -1 -1 -1 8
8 8 -1 -1 -1 5
-1 8 9 -1 1 -1
8 8 9 8 -1 -1
8 -1 -1 -1 2 8
8 -1 9 -1 1 5
-1 4 -1 -1 2 8
8 4 -1 -1 -1 8
-1 4 0 -1 -1 8
8 4 -1 -1 -1 8
-1 -1 9 8 1 -1
8 4 0 9 -1 8
8 4 0 -1 -1 -1
8 8 9 8 -1 5
-1 -1 -1 -1 -1 5
-1 -1 9 8 -1 5
-1 8 9 8 1 5
-1 -1 0 -1 -1 8
-1 4 0 9 -1 8
8 -1 -1 8 1 -1
8 4 -1 9 -1 8
8 8 -1 8 1 5
-1 -1 0 -1 2 -1
8 4 -1 9 2 8
-1 -1 -1 8 1 5
8 -1 9 -1 -1 -1
-1 4 0 -1 2 -1
-1 8 -1 -1 -1 -1
-1 8 9 8 -1 5
-1 8 9 -1 -1 5
-1 4 0 -1 2 8
8 8 -1 -1 -1 -1
-1 -1 -1 -1 -1 -1
8 -1 -1 8 -1 -1
8 8 9 8 1 5
-1 -1 9 -1 -1 5
-1 -1 -1 8 1 -1
8 4 -1 -1 -1 -1
-1 4 0 -1 2 -1
8 -1 0 9 -1 -1
-1 4 -1 -1 -1 -1
8 8 9 8 -1 -1
-1 -1 0 9 2 8
8 -1 0 9 2 -1
-1 4 0 9 -1 -1
8 4 -1 9 -1 -1
8 -1 -1 -1 1 5
-1 -1 9 -1 1 5
-1 4 -1 9 2 -1
-1 -1 -1 9 2 8
-1 -1 -1 8 -1 5
-1 -1 -1 -1 1 -1
8 -1 -1 9 2 -1
-1 8 9 8 1 -1
-1 8 -1 8 -1 5
-1 -1 9 -1 -1 5
8 -1 9 -1 1 -1
8 -1 9 -1 1 5
-1 8 9 -1 1 -1
8 4 0 9 2 8
-1 -1 9 -1 -1 -1
-1 -1 -1 -1 -1 -1
-1 -1 -1 8 1 5
8 4 -1 9 2 -1
8 4 -1 -1 2 8
-1 -1 0 -1 -1 -1
-1 4 0 9 -1 8
8 8 -1 8 1 5
8 4 0 9 -1 8
-1 4 -1 -1 -1 8
-1 -1 9 -1 1 -1
-1 -1 0 -1 -1 8
-1 4 0 9 -1 -1
8 -1 -1 8 1 -1
-1 -1 0 9 2 -1
-1 4 -1 -1 2 -1
8 -1 0 9 2 8
-1 4 0 9 2 -1
-1 -1 -1 8 1 5
-1 -1 9 -1 -1 5
-1 4 0 -1 -1 -1
8 -1 0 -1 -1 -1
8 4 -1 9 2 8
8 -1 0 -1 -1 -1
-1 -1 -1 -1 1 5
-1 4 0 9 -1 -1
8 8 9 -1 -1 5
8 8 9 -1 -1 5
8 -1 -1 8 -1 5
-1 4 -1 9 2 -1
-1 -1 9 8 1 5
8 8 9 8 1 5
8 -1 9 -1 1 -1
-1 8 -1 -1 1 -1
-1 -1 -1 -1 -1 -1
8 -1 -1 -1 -1 8
-1 8 9 8 -1 -1
-1 -1 -1 -1 -1 5
-1 -1 0 9 2 8
-1 -1 0 -1 -1 -1
8 8 -1 -1 1 5
8 4 -1 -1 2 -1
8 -1 -1 8 -1 5
-1 8 9 -1 1 5
-1 4 0 9 -1 -1
-1 -1 9 -1 1 -1
8 -1 9 -1 1 -1
-1 8 9 -1 -1 5
8 4 0 -1 2 -1
8 4 -1 9 -1 8
-1 4 0 9 2 -1
-1 -1 -1 9 2 8
-1 8 9 8 -1 5
-1 -1 -1 -1 2 -1
-1 -1 -1 8 -1 -1
8 4 -1 9 -1 8
8 8 -1 -1 -1 -1
-1 8 9 8 -1 5
8 8 -1 8 1 5
8 -1 -1 -1 -1 -1
8 -1 -1 8 -1 -1
-1 4 0 9 2 8
8 -1 9 8 -1 5
8 -1 -1 -1 -1 5
-1 8 -1 8 -1 -1
8 -1 -1 -1 -1 5
-1 -1 -1 -1 -1 5
8 8 9 8 1 5
8 -1 -1 8 -1 -1
-1 4 -1 -1 2 -1
-1 -1 0 9 -1 -1
8 -1 -1 9 -1 8
-1 8 9 8 -1 -1
8 -1 -1 9 2 8
-1 8 9 8 -1 5
-1 4 0 -1 -1 -1
8 -1 -1 9 -1 8
-1 -1 -1 -1 2 8
8 -1 -1 8 1 -1
8 -1 9 8 -1 -1
-1 -1 -1 8 1 5
-1 8 9 8 -1 -1
-1 8 -1 8 1 5
-1 8 9 8 -1 5
-1 -1 -1 -1 2 -1
8 -1 0 -1 -1 8
-1 8 9 8 -1 -1
8 -1 -1 -1 2 8
8 4 -1 -1 -1 8
-1 8 -1 -1 -1 -1
8 4 -1 9 2 8
8 8 9 8 1 5
8 -1 0 -1 2 -1
-1 -1 -1 -1 2 -1
-1 4 -1 -1 2 -1
8 -1 9 -1 -1 5
-1 -1 0 9 -1 -1
8 -1 -1 -1 -1 5
8 -1 9 -1 -1 5
-1 4 -1 -1 -1 -1
8 -1 -1 -1 2 8
-1 8 9 -1 1 -1
-1 4 -1 9 -1 -1
-1 -1 -1 8 1 5
8 -1 -1 -1 2 -1
-1 -1 -1 -1 2 8
-1 -1 0 9 2 -1
-1 -1 9 8 -1 5
8 -1 -1 9 -1 -1
-1 4 -1 9 -1 -1
-1 4 0 -1 -1 -1
8 -1 0 9 -1 8
-1 -1 9 -1 -1 5
-1 4 0 -1 -1 8
8 4 0 9 2 -1
-1 -1 -1 8 1 -1
8 8 -1 8 1 5
8 -1 0 -1 2 -1
-1 4 0 9 -1 -1
8 -1 -1 9 2 8
-1 -1 0 9 2 8
-1 4 0 9 -1 8
-1 4 0 9 2 -1
-1 -1 -1 9 -1 -1
-1 8 -1 8 -1 -1
8 8 9 -1 -1 -1
-1 4 -1 -1 -1 8
8 -1 -1 -1 1 5
-1 4 0 9 -1 8
-1 4 -1 -1 2 8
8 8 9 -1 1 5
-1 4 -1 -1 -1 8
-1 4 -1 -1 -1 -1
-1 8 -1 8 1 5
-1 4 -1 -1 -1 8
-1 -1 -1 -1 1 -1
8 4 0 -1 -1 8
-1 8 9 -1 1 5
8 -1 -1 -1 -1 8
8 -1 0 9 2 -1
-1 8 -1 8 -1 -1
8 -1 0 9 2 -1
-1 4 0 9 -1 -1
-1 -1 -1 -1 -1 5
8 -1 -1 8 -1 5
-1 -1 0 9 -1 8
-1 -1 -1 9 -1 8
-1 -1 -1 8 1 -1
-1 -1 9 -1 -1 5
8 -1 9 8 -1 5
-1 -1 0 -1 -1 -1
-1 8 -1 8 -1 -1
8 4 0 9 -1 8
-1 4 -1 9 -1 8
8 8 -1 -1 1 5
-1 -1 -1 9 2 -1
-1 -1 9 -1 -1 5
-1 -1 0 -1 -1 8
8 4 -1 9 2 8
8 -1 9 8 -1 -1
8 4 0 -1 2 8
8 -1 -1 -1 -1 8
-1 8 -1 8 -1 5
-1 4 0 9 2 8
-1 -1 -1 9 2 -1
8 -1 0 9 -1 8
-1 4 0 9 2 -1
-1 -1 0 -1 -1 -1
8 -1 9 -1 1 -1
8 -1 -1 9 2 8
8 -1 -1 -1 -1 5
-1 4 0 -1 2 8
-1 -1 -1 8 -1 5
8 8 -1 8 1 -1
8 8 9 8 -1 5
8 8 9 8 -1 5
8 -1 -1 -1 1 5
8 -1 -1 -1 -1 -1
8 8 9 8 1 -1
8 -1 -1 8 -1 5
8 -1 0 -1 2 -1
8 -1 -1 -1 -1 -1
8 -1 9 8 -1 5
-1 -1 0 -1 2 -1
8 8 -1 8 1 5
8 -1 0 -1 -1 8
-1 4 0 9 2 8
-1 4 0 -1 2 8
-1 4 0 -1 -1 8
8 8 9 8 -1 5
8 8 -1 8 -1 5
8 -1 -1 -1 -1 -1
-1 8 -1 -1 1 5
8 -1 -1 -1 -1 -1
-1 -1 0 -1 -1 8
8 -1 9 -1 -1 -1
-1 -1 0 9 2 8
8 -1 9 -1 1 -1
8 8 -1 8 1 -1
-1 -1 -1 -1 -1 -1
-1 4 -1 9 2 -1
8 4 0 9 -1 -1
8 -1 9 8 -1 -1
-1 -1 -1 -1 -1 -1
8 -1 9 -1 -1 -1
-1 -1 0 9 2 8
-1 4 0 -1 2 8
-1 -1 0 -1 2 8
8 -1 -1 9 -1 -1
8 4 0 9 2 8
-1 8 9 8 -1 5
8 -1 0 -1 2 -1
-1 8 9 -1 1 5
8 8 9 -1 1 5
-1 -1 -1 -1 2 -1
-1 8 -1 8 1 5
8 4 0 9 2 8
8 -1 0 -1 -1 8
-1 -1 -1 -1 -1 -1
-1 -1 9 8 -1 5
-1 -1 9 -1 -1 5
8 4 -1 -1 2 8
8 -1 -1 8 -1 5
-1 8 -1 -1 -1 -1
-1 -1 0 -1 2 -1
8 8 9 -1 -1 -1
