0
0
1
0
0
0
0
0
2
0
0
0
0
0
1
4
0
0
1
0
0
0
0
0
3
1
1
0
0
1
0
2
0
3
0
0
3
0
0
0
1
0
2
0
1
0
2
0
0
3
0
0
8
0
54
2
0
0
0
1
0
1
0
2
1
5
2
0
0
1
0
2
1
0
0
75
0
2
0
0
0
0
0
1
1
1
0
3
2
4
9
2
2
2
2
4
1
1
1
3
16
3
0
1
0
1
5
1
2
0
0
1
1
3
6
8
2
4
0
0
2
3
3
4
3
2
3
1
0
1
0
1
3
6
0
0
0
2
3
11
1
0
0
0
15
2
11
4
3
1
2
7
1
7
2
3
3
2
2
0
2
1
9
0
1
0
0
24
4
0
6
0
2
2
5
3
15
21
1
6
2
3
0
1
2
3
1
3
4
0
6
8
4
2
2
8
2
8
2
0
2
2
1
6
2
1
5
5
1
209
2
2
2
0
0
1
6
3
12
2
2
0
3
3
1
6
16
0
0
5
4
4
1
4
2
3
7
2
2
0
2
8
4
13
13
26
4
16
34
1
0
3
1
1
4
4
3
0
3
7
3
2
9
6
4
7
4
1
6
0
2
3
12
3
1
2
20
0
1
4
1
5
4
52
2
7
3
3
4
17
290
22
11
293
0
4
6
1
3
0
1
6
6
2
3
5
14
7
2
4
1
9
22
1
13
23
1
17
2
32
6
1
4
1
8
6
23
11
6
3
17
3
1
2
4
13
1
5
10
4
5
8
7
2
4
1
34
40
7
1
5
9
0
5
1
7
2
1
3
2
360
0
1
2
2
3
14
37
5
1
4
2
5
32
1
12
2
2
5
12
15
9
3
1
7
7
3
8
8
1
20
6
8
11
2
2
1
63
8
8
7
8
1
1
2
2
3
2
6
6
16
2
5
12
9
3
4
4
13
9
18
9
2
4
11
4
2
8
38
9
6
5
28
5
5
7
1
4
1
8
1
3
12
3
16
10
13
3
14
46
2
12
8
1
6
5
2
17
7
17
6
6
14
57
5
8
9
3
18
1
2
43
0
3
4
1
4
19
2
43
3
8
20
22
0
4
5
1
1
15
7
3
10
5
20
4
9
48
4
6
3
0
3
19
35
3
10
13
2
57
7
12
8
22
4
12
9
2
3
14
2
58
47
3
9
8
4
7
8
10
2
5
4
2
18
11
4
12
6
4
15
8
6
8
5
7
2
10
14
16
5
2
18
7
554
8
8
3
1
3
31
97
9
5
2
11
6
11
8
19
26
13
10
3
2
11
1
5
54
18
6
7
8
7
21
21
9
4
3
7
3
19
44
9
3
3
1
5
108
109
4
6
10
2
13
14
24
33
17
57
16
64
3
1
3
46
77
12
7
6
21
7
8
1
35
12
3
4
4
9
2
19
7
106
14
16
11
11
108
4
6
13
10
7
17
645
3
2
10
15
8
5
11
67
13
12
5
4
14
7
22
0
80
9
7
7
20
11
16
8
16
28
4
77
1
9
12
5
1
13
11
2
3
4
9
6
5
10
66
11
6
16
7
5
14
7
9
5
9
5
9
17
0
5
25
37
15
2
12
18
30
2
10
12
9
5
3
124
26
19
15
5
12
12
2
8
2
77
16
21
18
14
20
0
9
735
15
11
5
13
23
8
19
13
1
2
2
5
3
23
2
21
21
753
1
9
18
18
2
5
10
76
79
9
2
19
4
2
4
10
11
12
0
12
11
22
10
6
11
19
19
4
11
18
42
28
20
7
14
19
82
5
19
9
11
3
13
8
798
8
84
12
11
11
5
14
81
12
24
0
44
4
1
13
46
15
6
3
29
6
88
3
13
15
13
10
22
4
25
85
7
12
54
86
12
8
7
837
12
4
55
5
11
14
9
21
20
16
16
9
6
16
4
12
4
16
14
8
4
6
7
48
80
21
11
1
3
54
8
8
4
5
24
3
18
4
5
11
13
6
7
881
11
13
1
13
4
15
15
13
10
54
28
98
6
16
26
12
34
29
85
27
11
903
16
905
25
21
22
9
7
14
3
26
28
13
9
6
5
24
88
5
6
16
26
7
12
15
11
11
10
1
4
88
10
7
98
5
5
17
3
10
1
18
22
52
12
24
95
949
8
167
22
26
12
11
3
9
95
8
2
16
22
91
22
11
12
9
78
17
7
4
7
6
29
4
97
14
24
12
7
6
8
4
4
3
16
12
17
989
5
1
6
118
36
18
8
26
20
7
