0
0
0
0
0
0
1
0
0
0
0
0
0
0
0
15
0
0
0
0
0
0
0
0
2
0
0
0
0
0
0
0
0
0
0
0
0
0
1
0
0
0
1
0
0
0
0
0
0
0
0
0
0
0
0
0
9
10
0
0
0
0
0
3
0
0
0
1
0
6
8
0
0
0
0
0
0
1
0
0
0
0
0
0
0
0
0
0
0
0
0
0
0
4
1
0
0
0
1
1
0
0
0
0
1
1
0
6
0
0
0
0
0
0
0
0
2
1
5
0
0
16
1
1
1
0
0
0
0
0
0
1
2
0
0
0
1
0
1
0
5
0
0
2
0
0
0
0
0
0
0
10
0
0
0
0
1
0
0
0
0
1
0
16
3
1
166
0
0
169
1
0
4
0
0
0
1
1
1
1
1
10
0
0
0
0
0
0
0
0
0
0
0
16
0
0
0
0
7
4
0
0
202
0
1
0
0
0
0
0
0
0
0
0
1
0
216
0
1
2
0
0
0
0
0
1
0
0
1
0
0
1
0
1
1
0
0
1
0
2
1
0
1
0
0
0
0
0
0
1
0
0
0
0
0
15
0
1
258
1
0
1
0
0
0
1
1
0
0
0
1
0
1
2
0
0
0
1
8
0
2
281
1
0
0
3
0
1
0
12
2
0
8
293
1
0
0
0
0
1
0
1
1
0
18
0
0
0
1
0
2
0
0
1
2
0
16
2
0
0
0
4
0
0
0
0
0
0
11
0
0
0
2
0
0
3
0
9
338
2
0
0
0
16
0
0
1
2
1
0
0
0
0
0
0
1
1
2
1
1
1
0
0
3
4
1
0
0
0
2
0
0
2
0
1
31
4
0
0
0
0
2
0
2
0
385
0
0
0
0
0
27
1
0
0
1
0
21
0
0
1
0
19
1
0
0
25
1
0
0
0
2
1
1
0
0
1
0
3
1
0
4
0
2
1
0
1
0
1
0
0
0
0
0
2
6
0
1
1
0
5
0
0
0
0
24
1
3
0
0
7
0
452
7
3
1
8
1
5
38
5
30
0
3
0
2
19
0
1
0
1
1
472
0
2
5
1
1
1
2
35
0
0
0
33
0
1
1
2
1
3
4
1
0
0
0
1
0
1
1
0
1
1
1
4
2
1
0
4
1
29
1
37
1
4
0
1
1
6
1
45
0
3
0
1
2
0
0
1
5
1
1
1
4
0
0
0
22
1
0
0
6
1
1
27
1
2
0
0
40
0
1
3
2
2
1
1
0
0
1
1
0
1
0
5
2
0
0
0
0
2
0
572
51
6
2
2
1
0
33
0
2
2
45
1
0
0
1
0
0
0
0
4
4
0
0
2
19
0
12
0
2
0
2
0
18
3
0
1
1
0
1
28
0
0
0
7
0
0
2
2
0
2
0
10
8
1
0
5
1
2
1
20
0
37
1
0
0
0
4
0
1
0
3
1
0
23
0
1
2
57
0
0
1
0
2
4
0
3
1
0
0
1
2
1
6
0
1
0
0
3
2
0
1
0
2
0
49
0
1
44
2
0
1
1
0
0
2
1
1
4
0
15
2
1
60
1
25
0
0
1
6
4
2
5
0
1
0
0
4
2
1
44
2
0
34
1
0
9
10
3
10
1
60
0
0
0
4
0
0
0
0
1
1
0
6
1
737
2
2
1
1
56
27
0
0
2
1
51
749
2
29
0
8
0
22
6
3
1
2
0
1
0
1
0
1
7
0
0
1
1
37
3
1
47
0
0
3
1
2
45
67
0
2
0
1
4
0
10
1
1
0
7
6
1
38
0
3
1
3
70
0
0
1
69
0
0
2
2
25
2
1
2
3
5
1
0
1
31
0
1
0
0
4
0
1
3
0
0
35
63
1
0
73
2
0
0
2
0
0
0
0
0
2
1
0
0
6
0
0
8
0
852
1
6
3
0
0
7
5
48
0
6
0
0
1
0
1
8
0
1
2
0
20
1
3
0
0
2
0
1
1
2
883
2
2
0
3
1
0
1
0
67
1
4
0
0
1
0
39
51
1
4
10
0
2
0
2
0
1
13
2
4
31
2
0
0
1
0
3
4
0
3
57
8
2
926
0
0
1
0
1
1
0
9
2
0
2
1
5
5
2
1
38
70
0
57
13
1
0
12
65
0
2
11
51
0
0
0
0
1
1
6
1
0
2
7
0
0
0
2
4
1
0
0
1
3
22
1
0
5
4
0
1
2
4
2
7
7
0
3
0
1
7
0
3
0
1
0
0
