0
0
0
0
0
0
0
0
0
0
0
0
0
0
0
0
0
0
0
0
0
0
0
0
2
1
0
0
0
0
0
2
0
0
0
0
0
0
0
0
0
0
0
0
0
0
0
5
0
0
0
0
4
0
0
0
0
0
0
0
0
0
0
0
0
65
0
0
0
2
0
0
0
0
0
0
0
0
4
0
80
0
0
0
0
0
0
8
0
0
0
0
0
0
0
5
0
0
0
0
0
0
0
4
0
1
0
0
1
0
0
0
4
0
0
0
1
0
0
0
0
0
0
0
1
1
0
0
0
0
0
0
0
8
9
0
0
0
1
0
0
0
0
0
0
0
0
147
1
0
0
0
152
0
1
0
0
4
1
0
0
0
0
0
0
0
4
0
0
0
0
0
1
0
3
6
8
0
0
0
7
0
0
10
0
0
0
0
0
0
0
0
0
0
1
0
1
2
0
12
0
0
1
0
0
1
0
0
1
1
0
0
0
0
0
0
0
0
0
0
0
0
0
0
0
0
1
0
0
2
0
0
0
0
0
0
1
0
1
0
18
0
1
0
0
0
0
0
20
0
0
0
0
1
12
0
0
0
0
2
0
2
22
0
1
0
0
0
0
0
0
0
0
23
0
0
0
0
0
0
0
0
0
0
1
0
13
0
2
0
0
0
13
0
0
0
0
2
0
0
0
16
10
18
0
0
0
0
0
0
1
0
0
1
0
0
0
1
0
0
0
0
0
0
0
0
0
0
18
1
0
0
0
0
0
0
0
0
0
0
0
0
1
0
1
0
0
0
0
0
13
351
1
0
20
0
0
0
0
0
0
0
1
0
0
2
0
0
0
0
0
0
0
0
28
0
7
0
0
0
0
0
0
0
0
0
0
1
0
0
0
0
0
0
0
30
0
0
0
0
0
0
0
0
0
0
2
0
0
0
0
0
0
1
0
0
0
0
0
0
0
0
0
2
2
0
0
0
0
0
35
16
0
0
0
1
0
0
0
0
0
0
0
0
0
0
0
0
0
7
0
18
0
0
2
0
0
34
0
0
1
0
0
0
0
2
0
1
39
0
1
0
0
28
0
0
0
25
0
0
28
0
0
0
0
0
1
0
0
3
0
491
0
0
1
1
0
0
0
0
0
0
0
0
3
0
0
1
0
0
0
0
1
25
2
0
0
0
1
0
0
3
0
0
5
0
3
25
0
26
0
1
3
25
1
0
0
1
0
0
2
0
0
0
0
0
1
0
0
0
0
0
0
0
0
2
0
0
2
0
1
0
1
0
28
0
0
0
0
1
0
0
2
0
0
0
0
0
36
0
0
0
36
0
0
0
2
0
0
0
0
1
0
0
4
2
0
0
0
0
0
27
27
0
2
0
30
0
2
37
0
0
3
0
0
34
0
1
1
1
0
0
0
0
0
1
0
0
0
1
31
1
1
0
0
28
0
1
2
0
31
1
0
0
0
0
41
0
0
1
0
0
0
35
0
32
2
3
0
0
0
0
0
0
0
0
0
0
0
42
0
0
0
0
1
0
0
2
0
0
0
0
0
0
0
2
1
0
3
0
0
37
692
0
0
1
40
3
0
3
1
0
30
35
0
0
0
1
0
51
0
2
0
0
0
1
2
3
0
6
0
0
0
0
3
0
33
0
37
0
0
0
0
1
0
0
2
5
0
0
0
741
0
0
4
6
0
43
0
0
0
0
0
43
0
2
0
0
0
5
1
0
1
1
0
0
7
0
0
1
0
2
0
1
0
4
2
4
0
1
0
0
0
0
4
5
0
2
3
1
0
33
0
0
1
3
1
4
0
0
2
0
0
0
0
0
0
0
0
0
0
47
1
0
48
0
0
0
0
0
2
31
0
0
0
0
0
3
0
4
0
50
0
0
50
2
0
0
41
0
0
0
0
0
0
0
0
0
0
0
0
3
0
1
0
1
4
39
0
42
3
5
44
0
55
1
42
0
0
0
0
0
31
0
1
0
0
0
0
38
1
0
1
0
1
4
0
1
2
52
0
0
5
0
36
0
4
47
0
0
0
0
1
1
53
0
0
51
0
0
4
0
0
1
0
1
3
0
1
1
46
2
0
3
0
7
0
1
0
3
0
0
1
0
3
38
41
9
43
0
0
4
0
1
0
1
9
1
43
56
0
0
0
4
0
955
1
61
3
3
1
0
0
0
0
2
2
1
59
50
1
52
0
0
0
1
0
3
53
0
0
1
2
37
0
0
1
0
0
0
1
41
48
0
0
0
2
0
39
0
