100 1 100 100000
25 1
596 1
29 1
93 1
377 1
666 1
470 1
644 1
155 1
163 1
199 1
353 1
137 1
135 1
817 1
415 1
268 1
294 1
201 1
409 1
843 1
576 1
529 1
85 1
310 1
366 1
793 1
907 1
324 1
611 1
285 1
545 1
885 1
966 1
832 1
725 1
138 1
933 1
860 1
133 1
188 1
215 1
173 1
347 1
130 1
912 1
531 1
808 1
501 1
131 1
220 1
23 1
277 1
685 1
540 1
372 1
114 1
173 1
690 1
364 1
35 1
826 1
684 1
73 1
121 1
426 1
349 1
264 1
542 1
377 1
871 1
601 1
77 1
443 1
453 1
25 1
357 1
105 1
86 1
227 1
272 1
944 1
463 1
564 1
307 1
994 1
134 1
742 1
813 1
821 1
192 1
885 1
331 1
747 1
285 1
925 1
883 1
215 1
856 1
74 1
