100 300 2000
283 263 92 203 252 74 271 149 98 109 31 294 158 237 211 7 273 47 219 127 119 201 155 67 299 295 142 248 53 129 259 210 12 186 112 200 86 125 189 209 157 235 22 267 20 30 151 173 8 80 257 94 96 114 81 131 140 192 154 284 58 270 66 69 238 231 222 103 296 144 50 33 262 291 191 177 36 55 188 243 282 54 168 274 187 107 71 89 27 196 44 179 77 88 104 227 171 277 280 145
1
0 192 239
1
1
1
1
0 142 70
1
1
1
1
1
0 171 285
1
0 295 72
1
1
0 131 82
0 77 146
1
0 239 93
1
1
0 149 239
1
1
1
1
0 259 268
0 92 110
1
0 20 152
0 107 180
1
1
1
1
0 235 111
1
1
1
0 285 68
1
0 66 197
1
0 125 190
1
1
1
1
0 151 249
0 12 192
1
1
0 7 240
0 80 241
0 200 56
0 68 181
0 69 285
0 47 193
0 186 212
1
1
0 81 95
1
1
0 36 57
1
0 22 59
1
0 93 242
0 241 97
0 190 295
1
1
1
0 97 75
0 86 130
0 295 275
0 104 60
1
1
1
1
0 267 61
0 154 264
0 189 190
1
0 61 194
1
1
1
0 94 189
1
1
1
1
0 119 0
1
0 0 34
0 296 213
1
0 95 73
1
0 227 99
0 88 198
0 196 128
0 219 195
1
1
1
0 248 113
0 274 45
1
1
0 280 196
0 70 35
0 58 32
1
1
1
1
1
0 177 199
0 173 265
0 45 200
1
1
1
1
0 130 202
1
0 112 253
1
1
0 257 0
0 145 100
1
1
0 294 58
1
1
1
0 103 204
0 191 141
1
1
1
0 210 156
0 72 286
1
1
1
1
0 181 115
1
1
0 284 68
1
1
0 273 159
0 98 142
0 55 36
0 30 55
0 54 241
0 249 37
1
0 152 191
1
1
0 275 214
1
1
0 142 83
1
1
0 158 205
1
1
0 188 254
0 194 90
1
0 196 38
1
1
0 239 160
1
1
1
0 209 51
0 156 287
1
1
1
0 282 1
1
0 265 284
1
0 1 288
1
1
1
1
1
1
1
0 192 194
1
0 67 215
0 55 76
0 35 244
1
1
1
0 179 289
1
0 109 206
1
0 115 245
0 0 101
1
1
0 59 35
0 222 246
1
1
0 68 9
1
1
0 8 192
0 205 290
0 197 97
0 157 292
1
1
1
1
1
0 110 255
1
1
0 289 147
1
1
1
0 97 205
0 192 216
1
0 56 0
1
0 288 247
0 253 77
0 191 52
1
1
1
0 76 288
1
0 189 272
1
0 51 54
1
0 291 28
0 292 39
0 180 239
1
0 34 278
0 247 45
1
1
0 215 40
1
1
1
1
1
0 99 102
0 272 289
1
1
0 53 207
1
1
0 213 291
1
1
0 111 76
1
1
0 270 1
1
1
0 40 208
0 200 292
1
0 231 265
1
1
0 52 29
0 214 156
0 237 148
1
1
1
0 114 142
0 246 169
1
0 284 143
0 128 196
0 211 209
1
0 198 34
0 83 197
1
0 255 161
0 161 103
0 264 145
1
1
0 141 210
1
0 100 128
1
1
0 278 246
1
0 245 247
1
1
1
1
0 31 30
1
1
1
0 45 293
0 77 211
1
0 187 130
1
1
0 168 213
0 268 294
0 201 295
0 209 31
1
0 102 198
0 206 149
0 50 200
0 58 150
0 155 151
1
1
1
0 151 214
1
0 31 97
1
0 263 245
0 277 296
0 33 284
0 32 170
0 143 151
0 140 131
1
0 254 297
0 144 152
0 28 201
1
1
0 243 132
1
0 198 40
1
0 150 215
0 159 198
0 169 150
0 287 266
1
1
0 213 153
1
1
0 36 209
0 97 298
0 246 206
1
0 193 72
1
1
0 29 2
0 215 10
0 206 77
0 284 11
0 72 78
1
0 283 102
0 89 206
0 90 213
0 10 133
1
0 298 154
0 211 215
1
1
1
1
1
0 78 267
0 265 217
1
0 76 211
0 160 218
0 82 36
1
0 196 3
0 195 219
0 127 287
1
0 288 220
1
1
0 217 55
0 215 298
0 37 4
1
1
1
1
1
1
1
0 60 5
0 9 134
0 54 6
0 147 191
0 2 7
1
1
1
1
0 207 215
1
0 194 2
0 2 8
0 205 9
0 240 288
1
0 44 272
1
0 3 2
1
1
1
1
1
0 212 58
0 247 3
0 113 10
1
1
1
0 73 221
0 209 217
0 293 12
1
1
1
1
1
0 153 207
0 129 31
1
1
0 292 41
0 296 222
1
1
0 31 209
0 74 292
1
0 200 223
1
1
1
1
1
0 71 273
0 190 293
0 239 200
0 223 171
1
1
1
0 150 205
0 298 13
0 11 212
1
0 216 76
1
0 145 274
0 199 31
0 101 11
1
1
1
0 244 216
0 191 14
1
1
0 273 199
0 267 135
0 217 243
0 242 273
0 13 15
1
1
1
0 12 97
1
1
1
1
1
1
1
0 76 217
1
1
1
0 41 153
0 207 296
1
1
1
0 6 12
1
0 148 223
0 39 207
0 154 242
1
1
1
1
0 134 224
0 130 129
1
0 77 239
0 15 225
0 245 98
0 206 37
1
0 220 99
0 198 206
0 287 226
0 170 104
0 104 13
1
0 0 227
0 202 130
0 208 240
1
1
0 142 220
1
1
1
1
1
1
1
0 292 104
1
0 210 39
1
1
1
1
0 98 105
0 299 100
1
1
1
0 13 298
0 252 76
1
0 129 134
1
1
0 290 228
1
0 266 229
0 5 299
1
0 241 208
0 75 290
1
1
0 38 210
0 242 292
1
1
0 199 0
0 214 230
0 286 275
1
1
0 96 59
0 209 231
1
1
0 215 5
1
0 103 6
0 133 13
1
0 243 15
0 151 16
0 152 209
0 213 41
1
1
0 1 17
0 59 202
0 153 38
1
0 99 213
0 14 32
1
0 218 129
1
0 208 133
0 230 150
1
0 222 136
1
0 299 14
0 17 241
0 9 230
1
0 285 214
0 228 276
0 291 208
0 149 218
0 105 222
0 212 137
1
1
0 213 212
0 31 213
1
0 293 147
0 221 232
1
1
1
1
0 292 299
0 15 215
0 204 221
0 200 242
0 241 233
1
1
0 11 42
0 226 234
1
0 221 9
1
1
1
1
1
0 35 43
0 294 235
1
1
1
1
0 297 221
1
0 219 291
0 12 198
0 288 103
0 234 204
1
0 100 226
0 16 277
0 4 138
1
0 209 278
0 273 279
1
1
0 215 234
1
0 197 105
1
0 202 77
0 41 209
0 136 228
1
0 230 151
0 204 59
0 30 136
0 36 139
0 274 140
0 43 60
1
1
1
1
1
0 38 1
0 278 297
1
1
1
0 9 273
0 205 236
1
1
0 201 219
1
1
1
0 240 61
0 203 141
1
1
1
1
0 213 278
0 150 142
1
1
0 171 230
0 272 41
1
0 156 237
1
0 58 240
1
0 271 62
0 216 4
1
1
0 141 241
0 234 243
0 243 141
0 222 9
1
0 228 98
1
0 60 11
1
0 14 143
1
0 134 222
0 230 292
0 1 243
1
0 227 1
0 225 280
1
1
1
1
0 290 225
1
1
1
0 6 38
1
0 275 234
0 59 213
1
0 62 227
0 223 6
1
0 229 33
1
0 277 12
1
1
1
0 129 215
1
0 296 244
1
0 232 216
0 76 228
0 142 223
0 299 229
1
0 38 230
1
0 209 299
1
1
0 276 274
0 102 263
1
0 136 281
0 244 199
1
1
0 27 43
1
1
0 226 148
0 39 44
1
1
0 299 14
0 234 58
0 219 38
0 292 226
1
0 281 45
0 208 244
1
0 105 264
1
1
1
0 4 200
0 138 39
0 3 149
1
0 237 245
0 8 246
0 14 219
1
0 246 105
1
1
0 218 275
1
0 219 99
0 295 134
1
0 134 218
0 207 46
1
0 6 47
1
0 98 232
1
0 289 48
0 5 35
1
0 218 78
1
0 225 246
0 78 299
0 32 218
1
1
1
0 39 150
1
1
0 230 219
1
1
0 231 225
1
1
0 210 281
1
1
0 299 230
1
0 42 231
0 228 3
1
0 99 42
1
1
1
0 239 36
1
1
0 97 152
0 281 228
0 211 39
0 200 49
1
0 49 14
1
1
1
0 57 276
1
1
0 48 234
1
1
1
1
1
0 280 299
1
1
0 225 277
1
1
1
0 238 142
1
0 229 144
1
0 142 247
1
1
1
0 299 248
1
1
1
0 224 48
0 199 49
1
0 2 280
0 217 134
1
0 212 50
0 151 249
0 130 51
0 243 250
1
0 221 281
0 135 15
1
0 226 52
0 131 282
1
1
1
1
0 52 151
0 128 251
1
0 50 252
0 61 138
0 44 50
1
0 133 52
0 235 221
1
0 149 44
0 251 53
1
0 275 253
1
1
0 35 54
1
0 146 4
0 274 56
1
1
0 143 283
0 245 224
0 51 35
1
1
1
0 250 142
0 1 2
0 215 16
0 282 225
1
0 40 5
0 206 250
0 281 51
0 5 57
1
1
0 244 59
0 248 299
1
1
1
1
1
0 246 292
1
0 249 143
1
0 219 17
1
0 232 281
1
0 139 60
0 140 153
1
1
0 299 154
0 34 149
0 52 274
1
0 297 299
1
0 132 155
0 143 61
1
1
1
1
0 224 254
1
0 35 217
1
1
0 44 52
1
1
1
1
1
1
1
0 39 18
0 58 219
0 277 5
1
0 250 6
0 43 284
1
1
1
1
1
1
0 18 58
0 225 1
0 217 62
0 233 63
1
1
0 198 64
0 240 8
0 62 282
0 104 62
1
1
1
0 105 255
0 227 18
0 36 43
0 13 65
1
0 254 277
0 264 265
0 263 13
1
1
1
0 214 66
0 138 19
0 3 20
1
0 8 285
1
1
1
1
0 142 266
0 253 224
0 220 229
0 134 67
1
0 221 243
0 58 68
1
0 16 44
1
1
1
1
1
1
0 137 156
1
0 9 157
1
1
0 55 8
1
1
0 147 55
1
0 262 293
1
0 38 225
0 43 9
1
1
0 241 21
0 292 256
1
1
0 230 286
1
0 277 22
1
0 41 226
1
0 53 232
0 48 23
1
0 68 58
1
1
0 218 16
1
0 156 24
1
0 229 294
0 16 156
0 57 158
1
0 11 257
1
0 282 227
1
1
0 285 229
0 51 48
1
1
1
1
1
0 273 267
0 66 25
0 225 248
0 248 217
1
0 48 159
1
1
0 149 68
0 52 11
1
1
0 274 253
1
0 228 57
1
1
0 229 66
1
0 42 69
0 56 295
1
0 63 145
0 279 160
1
0 153 146
0 47 63
0 234 47
1
0 6 34
0 7 258
1
0 47 282
1
0 217 153
0 256 26
0 68 296
0 150 268
1
1
1
1
1
1
1
1
0 156 161
1
0 20 16
1
1
1
1
0 157 297
1
1
1
0 25 20
1
1
1
1
0 148 25
0 144 27
0 266 228
0 34 28
1
1
1
1
0 44 229
0 10 256
1
0 159 29
0 11 30
0 291 292
0 45 31
0 284 162
0 4 38
0 58 68
1
0 280 3
1
1
0 77 58
0 252 32
0 283 277
0 151 104
1
1
1
0 58 70
0 257 71
0 71 147
0 255 4
0 63 10
0 267 244
1
0 224 230
1
1
0 160 259
0 54 245
1
0 244 6
1
0 17 279
1
0 236 34
0 158 266
1
1
1
1
0 70 105
0 226 35
1
0 162 36
0 1 280
0 222 283
1
0 154 39
1
0 64 40
1
0 22 284
0 152 156
0 153 41
1
0 299 70
1
0 18 22
0 281 71
0 296 233
1
0 145 1
1
0 31 47
0 41 42
0 19 31
0 15 285
1
0 61 157
1
1
1
1
0 213 234
1
1
0 297 7
0 13 43
0 42 158
0 231 287
0 256 72
1
0 59 106
1
0 6 288
1
1
0 62 107
0 104 41
0 295 142
0 29 42
0 277 159
0 14 108
0 41 44
0 49 41
0 156 29
1
1
1
1
1
1
1
0 38 254
0 142 267
0 267 38
1
1
0 46 45
1
1
1
0 287 11
0 108 148
0 31 46
1
0 227 73
0 161 231
0 39 156
1
0 20 295
0 230 39
0 34 235
1
1
1
1
0 33 277
0 235 281
0 0 287
1
1
1
0 1 13
1
1
0 37 48
0 159 14
1
1
0 107 244
1
1
1
1
1
0 219 255
0 258 289
1
1
1
1
0 295 290
0 3 299
1
1
1
0 148 142
1
1
1
0 247 291
0 293 74
1
1
1
0 223 31
1
0 276 269
0 155 75
1
1
1
0 11 293
1
1
0 5 235
1
0 45 295
0 291 246
1
0 30 49
1
0 234 291
1
1
0 281 296
1
0 268 76
0 47 0
0 146 270
0 42 159
0 68 256
1
0 39 30
1
0 106 104
0 70 77
0 244 15
1
1
0 232 297
1
0 48 33
1
1
0 13 1
0 216 78
0 72 106
1
1
0 141 68
0 158 3
1
1
1
0 55 72
1
0 74 5
1
0 286 6
0 269 17
0 36 107
1
0 3 11
1
1
1
0 283 257
1
0 243 271
0 271 34
0 17 70
0 278 232
0 49 45
0 159 36
1
0 76 74
0 65 3
1
1
1
1
0 46 51
0 299 37
1
0 68 39
0 277 13
1
1
0 297 236
0 229 271
0 69 108
0 142 297
0 270 17
1
1
1
1
0 72 299
1
0 236 18
1
1
1
1
1
1
0 288 42
1
0 297 46
0 298 68
0 295 109
1
0 245 286
0 104 47
1
1
0 22 19
1
1
0 1 20
1
0 299 52
0 44 158
0 43 258
0 296 260
0 255 43
0 26 110
0 70 281
0 41 234
1
1
1
0 16 22
0 42 283
1
1
0 293 159
0 19 104
1
1
1
1
0 231 295
1
0 110 236
0 108 76
1
1
0 105 16
0 27 237
1
0 294 288
1
0 158 238
1
1
1
0 232 44
1
1
1
1
1
0 21 293
1
0 265 41
0 45 26
1
1
0 228 261
0 17 294
1
0 287 17
0 292 19
1
0 259 21
0 271 42
1
1
0 282 262
1
1
1
0 104 108
1
0 235 259
0 23 267
0 283 23
1
0 262 255
0 280 27
0 288 45
0 71 239
0 10 48
0 290 49
0 78 287
1
1
1
1
1
0 293 110
0 74 53
0 67 10
0 237 262
0 286 296
0 24 54
1
1
1
1
1
0 159 297
1
1
1
0 147 24
0 297 55
1
1
1
0 19 56
1
0 4 58
0 48 59
1
1
0 267 74
0 20 48
1
0 281 61
1
0 39 62
1
0 257 111
1
1
0 10 78
1
0 37 235
0 296 37
0 46 267
1
1
1
1
0 17 69
1
1
1
1
0 60 17
1
1
0 108 63
0 106 60
1
0 55 39
1
1
0 157 46
0 246 55
0 14 64
0 30 257
0 242 14
0 35 240
1
1
1
1
0 22 237
1
0 27 30
0 258 286
1
1
0 51 65
1
1
0 29 51
0 291 19
1
1
0 3 296
1
0 78 79
0 259 67
1
1
1
0 14 268
0 260 70
0 255 27
0 43 241
0 256 43
0 59 20
0 50 242
0 156 50
1
1
1
1
1
0 69 10
1
0 43 59
1
1
0 236 22
0 42 14
0 62 29
1
1
1
1
1
1
1
0 289 35
0 109 243
0 51 42
0 15 43
0 9 69
0 294 263
0 67 51
1
1
1
1
1
0 266 71
1
1
0 49 78
0 39 62
0 68 80
0 12 297
1
0 262 108
0 57 39
1
0 110 67
0 71 269
0 32 298
0 55 68
1
1
0 18 32
1
0 13 270
0 78 49
0 261 236
0 108 288
0 40 18
1
0 238 40
0 268 55
0 45 264
1
1
1
1
0 279 238
0 254 244
0 22 71
1
1
1
1
0 61 245
0 286 45
0 43 3
1
0 35 81
1
0 5 57
1
1
1
1
1
1
1
1
1
1
1
0 11 271
0 52 35
0 233 78
0 19 299
0 297 52
1
0 284 61
1
1
0 23 43
1
0 66 82
0 50 66
1
1
1
1
1
1
1
0 107 50
0 62 265
1
0 77 62
1
0 58 9
0 79 58
1
1
1
0 78 72
0 46 1
0 264 46
0 45 11
0 17 22
1
0 30 12
1
0 39 272
1
0 82 77
1
0 10 78
0 20 79
0 48 82
1
0 66 23
1
1
1
1
0 50 30
0 270 83
0 40 273
0 103 45
0 43 39
1
0 16 84
0 65 85
0 63 254
0 236 40
0 23 43
0 47 48
0 265 86
1
1
1
1
0 75 63
0 82 13
0 86 15
0 2 50
0 234 65
0 6 82
1
0 50 47
1
0 82 86
0 70 246
0 22 50
0 26 16
1
1
0 46 10
1
0 61 66
0 49 61
1
0 76 247
0 11 248
0 271 46
0 287 49
0 254 75
0 240 70
1
0 247 76
0 68 87
1
0 12 254
0 245 68
1
1
1
1
0 254 249
1
1
1
1
0 48 88
1
1
0 263 82
0 74 48
1
1
0 63 11
1
0 238 245
0 77 17
1
1
0 80 89
0 84 247
1
0 269 90
1
0 249 19
1
1
1
1
1
1
1
0 88 91
0 1 22
0 82 74
0 71 297
1
0 8 63
0 7 268
0 41 71
0 61 41
0 68 269
1
1
1
0 19 88
0 91 258
0 14 61
0 272 68
0 64 77
0 18 64
0 75 1
0 72 75
1
0 58 18
1
0 21 80
1
1
0 243 240
1
0 77 19
1
1
0 54 238
0 73 54
0 63 2
1
1
0 87 82
0 33 23
1
0 238 26
0 37 84
0 15 58
1
1
0 90 91
0 40 20
1
0 2 72
0 267 33
1
0 30 243
0 47 30
0 79 77
0 298 2
1
0 58 270
1
0 269 79
0 295 21
1
0 65 37
0 66 87
0 75 73
0 79 40
0 50 47
1
0 77 286
0 0 50
1
0 27 58
1
1
1
1
0 244 27
0 41 63
0 74 41
0 22 238
1
1
1
1
1
1
1
0 1 249
1
1
1
1
0 41 244
1
1
1
0 34 41
0 60 34
1
1
1
0 16 60
1
0 248 274
0 33 248
0 23 65
1
