700 1000 2000
734 85 610 18 684 944 993 930 83 425 800 215 994 331 977 95 583 852 73 774 297 179 68 567 353 172 106 38 87 290 600 576 733 103 907 505 128 240 551 300 33 703 593 224 655 466 835 501 758 979 629 108 787 695 543 976 191 376 623 523 570 158 620 198 723 447 92 886 544 270 138 799 549 872 464 968 971 889 230 386 492 906 371 136 921 360 911 923 530 865 400 352 671 588 885 455 893 20 850 239 485 741 274 896 258 798 280 969 410 628 585 493 816 866 484 584 151 556 428 965 498 589 731 287 13 490 394 611 846 26 647 565 853 390 500 409 676 612 377 36 883 715 114 130 627 518 634 6 559 465 657 597 476 842 1 383 260 212 252 284 721 397 374 313 771 450 709 185 550 882 502 437 122 160 67 768 37 294 15 869 616 382 153 696 560 55 943 146 125 118 809 35 537 789 546 32 941 427 728 640 908 995 226 110 44 554 626 188 581 822 214 268 161 673 651 940 133 996 766 625 863 403 818 608 381 792 448 426 286 925 904 321 411 205 74 81 209 148 467 953 624 536 754 796 367 843 691 472 140 539 727 489 479 186 241 58 86 770 594 342 5 777 169 305 178 618 605 315 776 396 621 529 601 591 990 407 121 756 957 296 8 23 955 337 654 895 839 486 244 236 115 719 992 933 664 173 401 693 52 196 762 871 927 737 548 960 129 277 606 963 590 141 387 507 39 101 813 790 201 521 414 234 729 509 298 542 380 167 604 99 636 710 541 775 666 206 903 229 512 836 28 150 177 282 132 370 369 646 720 814 271 113 235 860 231 520 861 354 166 107 875 45 849 982 82 939 46 306 233 460 102 830 638 289 88 661 368 454 697 440 76 951 785 384 449 10 660 408 984 748 69 84 326 56 752 815 80 877 112 614 750 446 656 890 672 834 949 915 491 273 950 819 302 217 781 272 192 888 513 685 722 363 772 251 441 514 462 516 563 747 339 639 170 120 320 183 430 202 334 689 254 515 420 637 713 267 690 779 652 704 98 942 332 526 535 406 894 453 635 897 876 11 351 558 975 452 533 124 519 931 444 163 385 812 859 109 249 457 670 442 920 934 478 686 956 845 573 220 145 34 422 862 211 149 760 57 767 126 189 997 194 372 117 987 90 683 328 78 619 658 668 609 152 16 746 780 838 417 674 174 718 308 540 263 922 362 443 912 572 429 303 398 424 312 595 487 499 577 806 278 905 795 7 96 568 659 329 9 322 867 504 797 223 998 648 973 421 681 999 134 77 856 197 423 324 986 961 936 592 924 765 119 571 909 706 488 438 708 580 299 802 471 285 356 694 791 459 967 291 562 64 935 870 582 392 663 142 292 740 739 225 633 171 219 40 431 811 730 335 317 419 366 79 373 203 599 66 553 123 347 753 180 778 159 30 402 70 21 187 873 810 463 319 989 786 732 379 474 832 105 359 881 569 31 607 2 47 744 667 468 820 630 250 175 980 937 262 61 238 323 41 154 199 357 310 522 929 344 751 874 24 700 97 3 887 164 497 736 844 494 395 461 662 868 222 389 361 678 524 104 190 642 714 327 847 948 365 829 828 237
0 961 698
1
1
0 565 821
1
1
1
1
1
0 175 42
1
0 844 127
0 599 227
0 922 679
1
0 310 898
0 572 769
1
1
1
1
1
0 312 391
0 85 773
1
1
1
0 146 665
1
1
0 693 749
1
0 685 735
1
0 871 586
1
1
1
1
1
0 173 525
0 68 388
0 363 412
1
1
0 33 692
1
1
0 426 782
0 197 817
0 454 363
0 476 755
1
1
1
0 668 823
0 42 85
1
0 814 884
1
0 657 891
1
0 965 393
0 944 12
1
1
1
1
1
0 298 0
0 107 193
1
0 999 469
0 191 988
0 39 191
1
0 876 738
0 122 355
1
0 605 364
1
0 546 358
0 536 162
0 291 131
1
1
0 427 65
1
0 755 643
1
0 733 19
0 236 964
1
1
0 514 418
0 408 926
1
1
1
1
1
0 607 301
1
0 865 742
0 196 864
0 90 253
1
1
1
1
1
1
0 744 165
0 431 375
0 271 75
1
1
0 110 631
1
0 933 59
0 229 89
0 428 181
1
1
0 98 298
1
0 694 711
1
1
1
1
1
1
0 530 200
0 586 871
0 834 399
0 369 574
0 614 783
0 911 369
1
0 285 93
0 968 182
0 491 454
1
0 124 613
1
1
0 613 491
1
1
0 524 892
0 849 404
1
0 194 668
0 686 22
0 512 168
0 951 480
1
1
0 618 641
1
1
0 663 693
1
0 588 784
1
0 519 175
1
1
1
1
0 678 325
0 0 378
1
1
1
1
0 59 534
0 474 33
0 577 17
1
1
1
1
0 636 14
1
0 77 405
0 563 39
0 690 899
1
0 800 824
0 87 495
1
1
1
1
0 906 636
0 82 699
0 64 928
1
0 389 617
0 11 644
0 488 415
1
0 301 82
0 892 143
1
1
0 422 755
0 509 524
0 486 951
0 61 851
1
0 410 204
0 639 90
1
1
1
1
0 752 831
0 326 304
0 424 25
0 335 194
0 740 27
0 776 470
0 287 473
0 549 840
1
1
1
1
0 703 11
0 691 71
0 306 29
0 171 474
1
1
1
1
1
0 696 999
1
1
1
0 313 389
0 226 195
1
1
1
0 771 475
0 543 0
1
1
1
0 270 42
0 670 653
1
0 372 555
0 756 408
0 383 771
0 380 372
1
1
1
0 824 171
1
0 689 306
1
0 926 645
0 551 275
0 394 242
0 452 94
0 19 135
0 115 496
0 174 938
0 634 776
1
1
1
0 957 301
0 585 245
1
1
1
0 987 476
0 802 137
0 466 87
0 494 865
1
0 44 876
1
1
0 750 585
1
0 505 410
0 242 857
1
0 252 750
1
1
1
0 167 124
1
1
1
1
1
1
1
1
1
0 390 991
1
0 231 970
1
1
0 580 107
1
0 6 814
1
0 224 788
1
0 784 696
1
0 2 841
1
1
0 181 716
0 710 784
1
1
0 299 543
0 127 752
1
1
1
1
0 95 110
0 140 252
1
0 364 445
0 46 380
0 14 91
1
1
0 927 293
1
0 923 413
0 171 900
0 249 527
1
0 391 221
1
0 499 961
0 376 181
0 937 2
1
0 967 43
1
0 797 477
0 408 878
1
0 36 545
0 110 910
0 102 701
0 853 596
1
0 319 4
1
0 294 649
1
1
1
0 816 14
1
1
1
0 79 650
0 560 77
0 955 663
0 896 466
1
0 799 481
0 481 236
1
0 772 824
0 87 793
1
0 924 184
1
1
0 7 634
0 317 598
0 342 906
1
0 766 207
0 559 87
0 351 6
1
0 582 911
0 830 456
1
0 635 208
1
1
1
0 752 494
1
0 305 98
0 735 242
0 948 675
0 996 816
0 292 255
0 679 364
0 168 657
1
1
0 912 299
1
0 720 794
1
1
0 374 752
0 813 458
1
1
1
0 701 586
0 202 424
0 87 374
0 998 797
1
0 792 196
0 33 813
1
0 877 110
1
0 77 422
1
0 697 717
0 254 224
0 908 144
0 221 844
0 660 682
1
1
0 114 155
1
0 920 330
0 621 825
0 698 481
1
1
1
0 6 210
1
1
1
1
0 158 139
1
1
0 732 100
0 181 557
1
0 10 181
1
0 786 122
0 90 376
0 474 127
0 624 660
0 284 605
1
0 634 95
1
0 769 981
0 992 743
1
0 638 77
1
1
1
0 779 669
0 201 786
0 533 197
1
1
0 650 792
0 80 670
1
0 616 705
0 640 72
0 869 408
0 223 720
1
0 979 6
0 595 932
0 504 756
1
1
1
1
0 52 276
1
0 956 416
0 154 140
0 988 799
1
1
1
1
0 494 800
1
0 406 243
1
0 543 972
1
1
0 773 305
1
1
1
0 16 677
1
1
0 700 833
1
0 737 801
1
1
1
1
0 571 154
1
0 441 595
1
0 255 892
0 437 36
0 594 426
1
1
0 456 201
0 185 202
0 760 563
0 389 877
0 782 59
1
1
0 0 678
1
1
0 625 102
1
1
0 32 216
0 995 246
0 601 16
0 905 451
0 723 650
0 480 933
0 915 826
1
0 535 571
1
1
1
0 513 456
1
0 417 247
0 573 848
0 347 111
0 450 559
1
1
1
0 460 694
1
1
1
0 468 599
1
1
0 184 213
1
0 415 460
0 401 114
1
0 85 827
1
0 556 782
0 205 937
1
0 354 830
0 367 307
1
0 191 146
0 153 944
0 975 486
1
1
1
0 813 147
0 220 389
1
1
0 258 427
0 844 802
0 498 279
0 416 974
0 162 205
1
0 481 779
0 372 908
0 800 740
0 610 383
0 135 162
1
1
0 758 896
0 818 837
0 657 32
0 762 834
0 496 528
1
0 964 995
1
1
0 405 519
1
0 608 135
1
1
0 58 849
0 422 309
0 199 390
0 361 975
0 201 115
0 568 769
0 654 723
1
0 177 858
1
0 404 901
0 273 844
1
0 953 153
1
0 550 468
0 897 248
1
0 194 613
0 179 879
1
0 722 474
1
0 681 156
0 783 480
1
0 236 902
0 750 431
1
0 238 783
0 130 503
0 118 978
0 876 19
1
0 135 361
0 727 218
0 810 287
0 138 391
0 245 254
1
0 943 281
1
1
1
0 980 869
0 332 130
1
0 308 452
0 429 943
1
0 567 549
1
1
0 160 367
0 448 249
1
1
0 289 685
0 322 308
0 164 157
0 431 722
1
0 227 422
1
0 108 236
0 544 338
1
0 181 481
0 648 601
1
1
1
1
0 674 220
1
1
0 21 800
1
1
0 471 724
0 730 897
0 134 876
1
1
0 921 372
0 633 543
0 161 68
0 197 33
0 189 654
1
0 647 979
0 836 245
0 233 90
0 329 158
0 57 448
1
0 596 744
1
1
1
1
0 788 745
1
0 361 44
1
0 241 310
0 252 361
1
1
0 24 517
0 937 79
0 600 772
1
1
0 826 221
1
1
1
1
1
1
0 381 614
1
1
1
1
0 106 980
0 81 632
0 140 535
1
1
0 219 394
0 307 880
0 828 674
1
0 400 679
1
1
0 613 160
1
1
1
0 262 508
0 1 46
0 303 509
0 981 937
0 78 471
0 714 826
0 8 241
1
0 175 725
1
1
1
1
1
1
1
0 59 853
0 523 905
0 368 189
0 626 48
0 468 381
1
1
1
0 656 340
1
1
0 444 647
0 72 572
1
0 327 807
0 448 803
0 207 773
0 254 179
1
1
1
0 944 85
0 380 804
1
0 609 788
0 76 138
0 90 400
1
1
1
0 449 332
1
0 215 199
1
0 583 981
0 306 530
1
1
1
0 397 985
0 192 818
1
1
0 467 494
1
0 892 587
0 268 638
0 899 854
1
0 831 680
0 5 191
1
0 877 726
1
1
0 105 368
0 276 805
1
0 646 836
0 906 441
0 520 588
0 796 757
0 765 633
0 537 57
0 910 944
0 898 613
0 718 828
0 713 855
1
1
0 699 354
1
0 214 467
1
1
1
0 662 223
0 324 681
1
0 868 877
0 693 496
1
0 481 192
1
1
1
0 244 868
0 11 735
1
0 848 796
1
0 95 105
1
1
0 145 380
0 212 397
0 984 808
0 29 510
1
0 503 231
1
0 518 134
1
0 305 898
1
0 995 21
1
1
1
1
0 179 498
1
0 748 401
0 808 24
0 245 444
1
1
1
0 151 311
0 632 810
1
1
1
1
1
1
0 302 448
1
0 936 808
1
0 191 600
1
1
0 113 536
1
0 999 201
1
0 900 686
0 720 910
1
0 522 488
1
1
1
0 75 191
0 536 687
0 311 892
1
0 777 449
1
0 775 813
0 465 511
0 797 748
0 931 899
1
0 743 662
0 216 797
0 92 465
0 667 983
0 860 428
1
1
0 454 556
1
0 260 848
1
1
1
1
1
0 897 594
0 873 450
0 685 72
1
0 754 404
1
0 110 831
1
0 234 135
0 866 302
0 456 252
1
1
1
0 606 140
0 752 92
0 939 49
1
0 445 860
0 845 866
0 574 322
0 863 415
1
0 65 405
0 140 244
1
0 111 707
1
0 875 639
1
0 286 573
0 413 254
0 414 406
0 73 939
1
1
0 474 897
1
1
0 619 685
0 18 512
0 334 863
1
0 363 520
1
0 183 758
0 322 688
0 735 7
0 970 50
1
1
1
1
1
1
1
0 976 596
1
1
1
0 840 232
1
1
1
1
0 778 602
0 395 51
0 530 503
0 187 145
1
0 859 845
1
1
1
1
0 594 560
1
1
1
1
0 409 689
1
1
1
1
1
1
0 785 900
1
1
0 325 341
1
1
0 865 750
0 767 95
1
1
0 660 984
0 479 875
0 394 840
0 484 710
0 121 322
0 374 618
1
0 840 640
1
1
1
0 123 561
1
0 196 219
0 178 409
1
1
0 253 667
1
1
0 793 504
1
0 907 646
0 734 775
0 122 52
0 849 987
0 427 363
1
0 37 840
1
1
0 275 499
0 452 427
0 542 394
0 586 29
0 301 303
1
0 458 161
0 493 395
0 975 37
1
1
0 604 962
0 36 530
0 70 988
0 581 194
1
1
0 667 873
0 590 906
0 828 849
0 938 907
1
0 613 301
0 498 140
1
0 556 106
1
0 148 226
0 112 752
1
1
0 373 413
1
0 95 196
0 403 992
1
0 598 603
1
1
1
0 368 108
0 26 785
0 781 522
1
0 779 403
0 841 253
1
1
1
1
1
0 467 859
1
1
1
1
1
0 304 5
0 395 148
0 911 304
1
0 886 544
1
1
1
0 509 368
0 813 886
1
1
1
0 561 732
1
1
1
0 895 813
0 57 718
0 612 648
1
0 853 777
0 638 656
1
1
0 589 975
1
1
0 562 110
0 815 414
1
1
0 847 841
0 811 945
0 490 305
1
0 880 255
1
0 501 333
1
0 355 227
1
0 841 197
1
0 126 395
1
0 845 324
1
0 705 657
0 642 207
0 665 256
0 829 238
1
1
1
1
0 969 690
1
0 332 116
1
0 389 845
0 382 389
0 169 36
1
0 287 815
1
1
1
1
0 23 53
1
0 272 811
1
0 353 111
1
0 994 416
1
0 12 577
1
0 941 691
0 375 474
1
1
1
0 661 212
1
1
0 460 634
1
1
0 414 417
0 198 54
1
1
1
1
1
1
0 962 414
0 37 151
1
0 393 164
1
1
0 790 828
0 857 754
0 221 865
1
0 843 342
0 407 445
0 489 660
0 520 373
0 903 37
1
1
0 16 429
1
0 629 382
0 390 8
1
0 430 994
1
1
1
0 741 430
0 660 214
1
1
1
1
0 570 374
0 240 375
1
0 808 57
0 406 467
0 227 660
0 477 853
1
1
1
0 396 306
1
1
1
1
0 675 58
1
1
0 677 781
0 469 167
1
1
1
0 427 233
0 988 931
0 192 880
0 131 112
1
1
1
0 846 390
0 293 257
1
0 989 311
0 197 498
1
0 498 168
0 747 642
0 320 169
1
1
1
1
0 231 895
0 899 406
1
1
0 780 283
0 777 227
0 584 899
0 480 638
1
1
1
0 680 857
1
0 36 733
1
1
1
1
1
1
0 548 741
1
1
0 563 215
1
1
0 372 489
0 636 10
1
1
0 99 903
0 943 995
1
1
0 933 23
1
1
1
0 166 531
0 93 393
1
1
1
1
1
1
1
1
1
1
1
0 244 911
0 849 912
0 104 307
1
1
1
1
1
0 519 675
0 85 938
1
0 657 720
0 158 312
0 830 396
1
1
1
0 367 452
0 44 693
0 82 680
1
0 643 427
1
1
1
0 254 509
1
0 618 11
1
1
0 856 59
0 248 941
1
0 362 759
1
1
0 98 926
0 971 943
0 146 44
1
1
1
0 47 431
0 731 468
0 21 432
0 707 493
0 492 561
1
1
1
1
0 212 479
0 402 343
0 299 313
0 352 433
1
1
0 333 594
1
0 816 976
1
1
0 380 661
1
0 423 808
0 690 192
0 685 126
0 781 36
0 882 727
1
0 43 47
0 462 513
0 242 913
0 424 705
1
1
1
1
0 817 372
0 69 146
0 620 197
0 19 469
1
0 379 629
0 263 43
0 142 790
0 865 93
1
1
0 111 604
1
1
1
0 983 314
1
1
1
1
1
0 503 480
1
0 647 379
0 105 730
0 705 777
0 869 111
1
0 827 677
0 126 362
1
0 396 869
1
1
0 727 183
0 894 589
0 151 367
0 593 95
0 147 98
1
0 422 131
0 638 793
1
1
1
1
1
0 500 546
1
0 684 856
0 903 99
0 405 643
0 746 60
1
0 14 827
1
1
0 494 983
1
0 236 284
1
0 267 380
1
1
1
1
1
0 297 422
1
0 300 142
1
0 103 12
1
0 457 171
1
1
1
1
0 992 423
1
0 139 707
1
0 573 697
0 277 598
1
0 79 523
0 186 843
1
0 902 198
0 741 760
0 826 698
1
1
0 585 212
0 839 139
1
1
1
1
1
0 311 166
1
1
0 795 665
1
0 631 14
0 165 147
1
1
0 253 590
1
1
0 414 26
1
0 683 894
0 433 165
0 447 462
1
0 417 216
1
0 751 865
1
0 47 734
1
1
0 677 826
1
0 356 816
1
1
0 425 761
0 899 151
0 363 477
1
1
0 301 396
0 38 221
1
0 681 433
0 204 439
1
1
0 218 562
1
0 666 795
0 182 657
1
1
0 29 727
0 165 817
0 874 677
1
1
1
0 795 311
1
1
0 862 635
1
1
0 786 447
1
0 693 402
1
1
1
0 379 204
0 304 16
0 305 173
1
1
0 788 405
0 596 666
0 894 952
1
0 170 899
0 400 606
1
1
0 157 481
0 812 482
1
0 233 841
0 590 253
0 180 170
0 459 218
0 603 829
0 314 693
1
0 442 90
0 475 184
0 787 228
1
1
1
1
0 190 157
0 27 795
0 549 532
0 96 503
1
0 807 229
0 35 751
0 144 158
0 119 165
0 313 996
0 200 27
0 222 647
0 952 345
0 405 144
0 984 346
1
0 900 533
0 322 536
0 798 914
0 157 313
1
1
0 426 254
1
1
0 837 862
1
1
0 599 96
0 60 231
1
1
1
1
0 704 454
0 729 731
1
0 871 537
0 811 846
1
0 852 157
1
0 48 400
0 204 505
0 71 113
1
1
0 865 18
0 465 379
1
1
1
0 496 442
0 14 865
0 159 762
0 148 681
0 905 405
1
0 58 631
1
1
1
1
1
1
0 577 570
1
0 228 258
0 208 325
0 725 946
0 529 667
0 841 729
1
1
1
0 11 683
1
1
1
1
1
0 817 347
1
1
0 146 228
1
0 977 417
0 537 763
0 341 684
0 840 685
0 883 743
1
0 391 103
0 722 603
0 975 506
1
1
0 870 871
0 588 537
0 216 690
1
1
0 789 285
0 172 722
1
1
0 362 870
0 229 764
0 748 514
0 870 233
0 95 870
0 112 118
0 306 391
1
1
0 645 259
0 339 699
0 7 998
1
0 282 234
1
1
1
1
1
0 639 936
0 253 236
1
1
0 739 119
1
0 165 496
1
1
0 546 146
0 602 260
1
1
1
1
1
0 762 947
0 366 593
0 2 807
1
1
1
1
1
1
1
0 856 700
0 381 424
1
0 587 165
0 937 546
1
0 760 304
0 862 607
1
0 258 483
1
1
1
1
1
0 236 407
0 124 739
1
1
0 850 381
1
0 337 632
1
0 504 29
1
0 804 882
1
0 571 35
1
0 764 701
0 315 999
0 973 894
1
1
1
1
1
1
1
1
1
1
1
0 100 475
0 499 314
1
1
0 827 883
1
0 604 425
1
1
1
0 951 148
1
1
1
0 637 414
0 470 702
0 142 915
1
1
1
0 909 7
1
1
0 630 786
1
0 135 200
1
1
0 607 95
0 72 291
0 405 426
1
1
1
0 647 348
0 631 172
0 493 933
1
0 723 204
0 833 38
0 728 405
1
1
1
1
1
0 420 490
1
1
1
1
1
0 131 420
1
1
0 611 174
1
0 995 607
0 513 159
1
0 471 874
0 42 434
0 119 596
1
1
0 103 216
1
1
1
1
0 230 282
1
1
1
0 739 703
0 891 78
1
0 361 175
1
1
0 358 704
1
1
1
0 193 349
1
0 486 636
0 206 119
1
0 203 484
0 147 240
0 342 637
1
0 434 465
1
1
1
0 411 798
0 560 58
0 378 142
1
1
1
0 531 42
1
0 942 705
1
0 419 315
1
1
0 715 712
1
0 413 419
1
0 383 713
1
1
1
1
1
0 570 900
1
1
1
0 201 411
1
0 312 492
1
1
0 864 121
1
1
0 530 891
1
1
0 718 100
1
1
0 255 518
0 537 714
0 809 103
0 116 434
0 394 222
0 701 723
1
1
1
1
0 467 778
0 876 909
1
1
1
1
1
1
1
1
1
1
0 881 358
0 595 902
0 78 715
