16
16
16
16
16
16
16
19
19
20
20
20
22
24
24
24
26
27
27
27
27
27
27
27
27
32
32
33
33
33
33
35
38
41
44
44
48
48
50
51
51
51
54
54
52
55
55
55
53
53
53
54
56
56
56
56
59
59
61
61
61
61
60
60
60
60
60
63
63
63
66
67
67
67
68
68
70
70
70
70
69
69
68
68
68
69
69
69
69
70
70
69
69
69
69
69
71
73
73
73
73
76
78
78
78
78
80
79
82
80
80
81
81
81
80
80
80
80
80
80
79
79
79
79
79
79
79
79
79
79
78
78
77
77
79
80
80
80
80
80
80
81
79
79
79
79
79
79
79
79
79
81
80
80
80
80
80
80
80
79
79
79
79
78
78
78
76
75
75
74
74
76
77
77
77
77
77
77
78
78
78
76
78
78
78
78
77
77
76
76
76
76
76
78
78
78
78
78
79
79
78
78
78
78
78
77
77
77
77
76
75
75
78
80
80
79
79
80
80
80
81
80
80
80
79
80
81
81
82
82
82
82
83
82
82
82
82
82
82
82
82
81
81
81
81
81
82
82
82
82
81
81
81
81
79
79
79
79
78
78
80
80
80
82
82
81
81
85
85
86
86
84
84
82
82
84
84
83
83
81
82
81
81
81
81
81
80
80
81
80
80
80
80
81
81
81
81
81
81
81
81
81
81
80
80
80
80
80
80
80
80
80
80
80
80
79
79
79
80
80
78
78
79
78
78
78
79
79
79
80
80
80
81
81
81
82
81
81
81
82
82
83
82
81
81
82
82
82
82
82
82
82
83
84
84
84
84
83
83
83
82
82
82
83
83
83
83
83
83
83
83
83
84
84
83
83
82
82
82
80
80
80
79
78
78
78
81
82
82
80
81
81
81
80
80
80
80
80
81
81
81
81
81
81
81
81
84
85
84
85
86
86
85
86
85
85
85
87
87
86
86
89
88
88
88
88
88
88
88
88
88
88
88
87
85
85
85
87
87
84
84
86
84
84
84
84
84
84
84
84
84
84
83
80
79
78
78
79
79
78
78
78
78
78
78
78
78
78
78
79
78
78
78
79
79
79
81
85
85
84
84
84
84
84
84
84
82
83
83
86
86
86
86
85
84
82
82
82
83
83
83
83
82
83
83
83
83
83
83
83
83
82
83
83
83
83
84
85
85
84
86
88
85
85
85
85
85
85
85
85
85
86
86
86
86
86
86
86
84
84
84
85
85
85
85
85
85
84
84
84
86
87
87
87
87
89
88
88
88
87
87
87
87
88
88
87
87
87
87
87
87
86
88
88
88
88
88
88
88
88
88
86
87
87
87
87
86
87
87
88
88
88
88
90
90
90
90
90
91
91
91
91
91
91
91
91
90
90
90
90
90
91
91
90
90
91
91
91
91
91
91
90
90
90
89
89
89
89
89
89
89
89
89
89
89
88
88
88
89
89
89
89
90
90
90
90
90
90
90
90
90
90
90
89
89
89
89
89
89
89
91
91
91
91
90
90
89
89
89
88
88
89
88
88
89
89
89
89
89
89
89
87
87
87
87
87
87
85
86
86
85
85
83
83
81
81
80
80
82
82
82
82
82
82
82
81
81
80
80
82
82
82
83
83
83
85
85
85
85
85
85
86
86
86
86
86
87
87
87
85
85
85
84
82
82
82
82
82
83
83
84
84
84
84
84
83
83
83
83
83
82
82
82
82
82
83
83
83
83
84
83
83
83
83
83
84
84
84
84
88
88
88
87
87
88
88
87
87
88
91
91
88
89
88
89
89
89
90
90
90
90
90
89
89
89
89
89
87
87
87
84
84
84
84
85
85
85
85
85
85
86
86
86
87
87
87
87
87
87
87
86
86
85
85
85
87
87
89
88
88
88
87
87
87
89
89
89
89
91
89
89
89
89
89
88
88
88
88
87
85
85
88
89
85
84
84
86
86
86
86
86
85
85
85
87
87
86
86
86
86
86
86
86
86
86
86
82
86
86
86
86
88
90
90
90
90
89
89
89
91
92
92
92
92
91
92
91
91
91
91
91
91
91
91
91
88
88
88
88
88
88
88
88
89
89
87
85
84
84
85
85
87
86
86
86
86
86
87
87
86
86
86
86
86
86
85
85
85
84
82
82
86
86
86
86
87
87
87
88
86
86
86
87
87
87
87
87
89
89
90
90
89
89
90
90
90
90
90
91
91
92
92
92
92
92
93
93
93
93
93
93
94
94
94
94
93
92
91
92
91
93
93
93
94
95
95
95
95
94
91
