12
12
14
14
14
18
18
21
29
30
30
30
32
32
33
33
33
33
33
33
33
33
36
36
36
39
39
39
41
41
44
46
47
47
47
47
47
47
48
49
49
51
51
51
52
51
51
50
50
50
50
50
50
51
51
54
54
54
55
54
54
55
57
59
60
60
60
60
59
59
60
59
59
64
64
64
65
65
65
65
65
65
65
66
66
66
67
66
66
67
67
67
67
67
67
67
69
69
68
73
72
73
73
73
71
71
71
70
70
70
70
70
70
70
70
70
72
72
72
72
72
72
73
73
73
73
73
71
71
71
73
73
73
74
74
75
75
75
77
77
77
77
77
77
78
77
77
77
76
77
76
76
76
76
75
75
75
78
78
78
79
79
79
79
79
77
75
75
75
74
75
74
74
78
76
77
77
78
78
81
81
81
81
81
84
84
84
86
86
86
86
86
86
86
86
87
86
84
84
83
79
78
80
80
80
79
79
79
78
79
79
80
80
79
80
80
80
78
77
77
77
77
77
75
75
73
75
74
74
79
79
79
79
79
80
80
79
79
77
78
80
80
79
80
78
78
78
77
79
78
77
77
77
77
76
76
76
76
76
76
76
76
76
76
76
76
76
77
77
77
77
77
78
78
78
78
78
78
78
78
78
78
79
77
77
77
79
80
79
79
79
79
78
78
79
78
78
78
78
76
76
76
74
75
75
77
77
75
76
78
78
77
76
76
77
77
77
77
77
79
79
79
77
76
76
76
77
77
77
78
78
79
79
77
76
75
75
75
76
76
76
76
76
76
76
76
76
76
76
76
77
79
79
78
78
77
77
77
77
77
78
78
77
76
75
75
77
76
75
80
80
79
79
79
80
80
80
80
80
80
80
80
80
81
81
81
79
79
79
79
79
80
80
80
80
82
82
81
81
81
81
81
81
81
80
81
81
81
81
81
83
80
83
83
85
86
84
83
81
81
80
80
79
79
79
79
76
76
76
79
79
78
78
79
80
80
80
80
80
80
81
81
81
81
81
84
84
84
83
83
83
83
82
80
80
80
80
82
81
81
81
81
81
81
81
81
83
81
81
80
81
81
81
81
81
79
79
83
83
83
81
81
81
81
81
81
81
80
80
80
80
81
80
79
79
79
79
79
79
79
79
81
80
80
76
75
75
75
75
75
74
73
73
73
73
73
73
73
73
74
73
73
74
77
75
75
75
75
77
77
78
80
79
79
79
79
80
80
81
80
80
80
83
82
82
82
83
81
81
81
81
81
80
82
82
82
82
83
83
83
84
84
84
84
84
84
84
84
85
85
85
86
86
86
86
85
85
85
85
85
85
84
84
83
85
87
87
87
87
87
87
87
88
87
87
87
87
87
87
86
86
86
86
85
85
85
85
86
85
85
86
86
87
87
87
87
86
86
86
86
86
87
86
86
86
86
87
87
88
88
88
88
88
89
89
89
89
88
88
90
88
88
88
88
86
86
85
86
86
86
86
86
86
86
86
86
86
86
86
86
86
87
88
87
87
87
87
86
86
86
86
86
86
86
86
86
86
86
87
88
88
88
88
87
87
87
87
87
87
87
86
86
86
86
87
87
87
87
87
87
87
87
87
87
90
89
89
89
89
89
89
86
86
86
86
86
86
87
88
89
89
89
90
90
90
90
90
90
90
90
90
90
92
92
92
92
92
90
90
89
89
90
89
89
88
89
89
89
90
91
91
91
91
91
93
93
91
91
89
89
89
89
89
89
89
89
89
90
90
90
90
90
90
90
91
91
91
91
91
91
90
90
90
90
90
90
90
90
90
92
92
92
92
92
92
93
92
93
93
94
91
91
91
91
91
91
91
91
91
91
92
92
92
92
91
91
91
91
91
91
91
91
90
90
91
91
91
90
89
90
90
90
90
90
90
90
89
88
87
87
87
87
87
90
90
90
90
90
90
88
88
89
89
89
89
90
89
89
89
88
88
88
88
87
87
87
87
87
86
85
85
90
90
90
90
92
91
90
90
89
89
89
89
89
85
86
87
87
87
87
87
87
87
87
86
86
86
86
86
86
86
86
86
86
87
87
87
87
89
89
89
89
89
88
88
90
90
90
90
89
89
89
89
90
90
90
90
88
89
88
88
88
88
88
88
88
87
87
86
87
87
87
87
87
87
87
87
87
87
87
87
87
89
88
90
88
88
88
89
89
89
90
90
90
90
89
87
87
87
87
89
88
88
88
90
90
89
89
88
88
88
88
88
88
89
88
88
85
85
85
85
85
85
85
85
86
85
85
86
86
