361
363
363
363
363
366
366
366
366
368
368
368
368
370
370
370
372
372
373
373
373
373
373
375
375
375
375
375
375
375
375
375
374
374
378
380
380
380
380
379
381
384
384
385
385
385
386
387
387
389
389
389
390
390
390
388
390
390
390
390
388
388
388
385
386
386
386
385
385
385
385
384
384
386
386
386
386
382
382
382
382
382
382
382
382
382
381
382
382
381
381
382
387
387
387
387
389
390
390
390
390
390
392
391
391
391
393
396
396
396
396
396
396
396
396
396
396
395
395
395
395
393
393
393
398
396
396
396
396
396
396
396
396
394
394
394
394
394
395
395
394
394
394
394
395
396
396
396
396
396
396
395
395
395
393
393
393
393
393
389
389
387
387
388
388
390
393
393
393
394
395
396
396
396
395
395
400
400
400
400
400
400
400
401
401
401
400
400
399
399
399
401
402
402
402
402
403
403
403
403
403
403
403
404
404
405
405
405
405
405
405
407
407
407
407
407
407
407
407
407
407
407
407
408
408
407
407
406
406
405
405
406
406
406
407
407
406
406
404
404
407
407
408
408
408
407
407
407
406
406
404
404
405
406
406
403
403
403
403
403
403
403
402
402
401
401
402
402
402
402
404
404
404
407
407
407
407
407
407
407
408
408
408
408
408
408
408
410
410
410
410
410
410
410
410
410
410
410
412
412
413
413
413
411
412
412
409
409
409
409
409
411
411
409
409
409
409
408
408
408
408
408
408
409
409
409
411
412
411
411
411
413
411
411
410
412
411
411
411
411
412
411
411
411
411
410
410
410
410
410
409
411
410
410
410
411
411
412
412
412
412
411
411
410
410
410
411
410
409
407
406
410
410
410
410
410
412
412
412
412
412
413
414
414
417
418
418
420
420
420
420
420
420
420
419
419
418
418
418
418
419
419
420
419
419
420
422
424
426
426
425
426
426
426
426
426
426
426
426
426
426
426
427
427
427
427
427
427
427
426
426
427
427
427
427
427
427
427
427
427
427
427
427
429
430
429
429
428
428
428
427
427
427
427
427
426
426
426
426
427
426
425
425
426
426
426
425
427
428
427
426
426
426
426
426
426
426
427
427
427
427
427
426
426
426
426
426
426
426
426
426
426
427
428
429
429
429
429
429
429
429
429
429
429
429
429
429
429
428
425
426
427
427
427
427
427
427
426
425
423
423
423
422
422
422
423
421
419
418
418
418
418
418
419
419
419
419
418
418
418
415
416
418
417
417
419
419
419
420
420
421
422
422
422
424
424
423
422
422
422
422
422
422
422
422
424
424
426
425
427
427
425
424
424
423
423
423
423
423
423
423
424
424
426
426
426
426
426
425
426
425
425
427
428
429
429
429
430
430
429
429
429
429
429
429
429
426
425
425
426
426
426
426
426
426
426
425
427
427
427
427
427
427
424
424
424
424
424
424
424
424
423
422
422
423
423
423
423
423
423
423
423
423
423
423
423
423
424
423
423
422
423
423
423
423
423
425
425
426
426
426
428
429
430
430
430
429
429
430
430
430
430
430
430
431
427
429
428
428
427
428
428
428
428
428
428
427
426
427
427
427
427
427
428
427
427
427
427
427
427
427
427
427
426
426
426
426
426
425
425
425
425
425
426
426
429
429
430
430
429
428
430
430
430
431
431
430
430
431
431
431
431
431
432
432
432
432
432
432
432
432
432
432
432
435
435
435
434
436
436
436
436
434
435
436
435
435
435
435
435
435
435
435
435
435
435
435
435
435
435
435
435
435
434
435
436
436
435
435
435
438
443
444
444
443
444
444
444
444
445
446
446
446
445
444
444
444
446
446
446
446
446
446
446
447
447
446
445
445
445
445
445
445
444
444
444
444
444
444
445
445
445
445
445
445
445
445
444
444
444
444
444
444
443
444
444
443
442
443
443
443
443
442
442
442
443
443
442
442
442
441
441
441
442
442
442
442
442
442
442
442
442
443
443
443
444
443
443
440
441
441
441
441
441
442
442
440
440
440
440
441
441
441
441
442
442
442
440
440
440
440
440
440
440
440
439
439
439
439
441
440
440
440
440
439
439
439
440
440
438
438
438
438
438
440
440
440
441
440
439
439
439
439
439
439
437
438
438
438
439
439
439
439
439
439
439
439
440
440
440
440
440
441
441
441
441
441
440
440
440
440
440
440
440
440
442
442
442
442
442
442
442
441
440
439
439
439
439
439
439
438
439
438
438
438
438
438
438
438
437
437
437
440
441
441
441
441
443
442
442
442
442
442
443
439
439
439
439
440
440
