100 300 2000
54 153 181 44 37 128 161 27 187 25 243 68 107 23 213 238 212 190 198 256 185 146 113 33 250 152 201 55 120 255 176 234 175 121 224 41 132 207 24 10 59 275 94 216 58 46 184 186 101 258 93 199 9 164 42 267 261 151 84 56 76 162 136 196 225 165 215 26 189 47 197 173 193 280 144 30 28 67 203 97 244 11 15 228 299 242 245 105 273 260 278 14 114 130 138 293 265 218 49 223
1
1
0 153 246
0 146 31
1
1
0 42 281
1
0 56 50
1
1
1
1
1
0 68 102
1
1
1
1
0 33 247
0 181 68
1
0 218 200
0 30 122
1
1
1
0 113 123
1
0 203 85
0 267 95
0 280 202
1
1
0 26 259
0 265 214
1
0 256 188
0 144 251
1
0 44 86
0 184 248
1
0 275 48
1
0 14 87
1
1
1
0 152 29
1
0 11 217
1
1
1
1
0 93 56
0 105 103
0 162 249
0 189 252
1
1
0 193 162
1
0 50 203
0 259 229
0 138 204
1
0 59 282
1
1
1
0 130 42
1
1
0 95 226
0 242 205
1
0 225 30
1
0 175 77
1
1
0 42 253
1
0 164 32
0 128 254
0 27 218
1
0 226 283
0 244 256
1
0 283 98
1
0 248 26
0 97 33
1
0 23 191
0 121 219
1
0 191 239
1
0 122 230
1
0 48 50
1
1
0 203 42
0 197 283
1
0 68 257
0 230 68
1
0 103 34
1
0 245 163
1
1
0 239 206
1
0 299 203
0 202 164
1
0 293 57
1
0 217 259
0 120 262
1
0 213 27
1
1
0 123 38
1
1
1
0 86 166
1
0 68 167
0 258 11
0 34 35
1
1
0 54 133
0 212 208
0 37 279
0 261 258
1
1
0 255 34
1
1
0 186 86
0 42 274
1
0 254 217
0 114 115
0 47 59
1
1
0 84 36
0 216 239
1
0 199 68
1
1
0 34 186
0 223 199
1
1
0 252 12
0 262 252
1
0 278 78
0 85 209
0 258 37
0 228 95
1
1
1
1
0 257 34
0 200 280
0 58 244
0 94 13
1
0 243 108
1
0 239 99
1
1
0 252 88
1
0 56 197
1
1
0 273 79
1
0 133 39
1
1
1
0 11 220
0 207 230
1
1
0 204 216
1
0 230 200
0 186 248
1
1
0 136 252
0 188 168
1
1
1
0 50 202
0 281 235
0 151 204
1
1
0 198 239
1
0 30 221
0 260 198
1
0 13 207
1
1
0 190 50
1
0 244 169
0 249 210
1
0 108 69
1
0 98 70
0 248 103
0 38 47
0 234 240
0 197 211
0 240 80
1
1
1
1
0 69 38
1
0 78 177
1
1
1
0 38 30
0 50 281
0 55 81
1
0 102 50
0 49 82
1
1
0 79 284
0 70 69
1
0 279 257
0 173 222
0 219 285
0 57 16
1
0 16 38
0 81 89
0 177 170
0 204 219
0 205 204
0 210 188
0 33 90
1
0 87 70
0 215 286
1
1
1
1
0 38 236
1
1
0 203 177
1
0 236 83
1
0 176 205
0 220 254
0 285 287
1
0 39 38
0 162 33
1
1
0 38 171
1
0 67 38
1
1
0 200 100
0 207 240
1
1
0 199 172
1
0 89 71
0 281 173
0 221 116
0 71 39
1
0 59 174
0 9 175
0 217 176
0 166 230
0 216 288
1
0 218 210
1
0 230 241
1
1
0 83 242
1
0 170 186
1
1
1
1
0 202 102
1
0 254 202
0 283 170
0 214 42
1
0 250 197
0 32 243
0 35 96
1
1
0 165 289
1
1
1
1
1
1
0 176 212
1
1
1
1
1
0 95 189
0 103 78
1
0 210 176
0 69 165
1
1
0 286 244
0 38 190
1
0 70 290
1
1
1
0 185 178
1
1
1
0 280 199
0 47 245
0 240 32
1
1
1
1
0 68 230
1
1
0 284 179
1
1
0 205 231
0 132 117
0 41 97
0 171 91
0 97 38
1
0 238 35
1
1
0 229 11
0 167 210
1
0 80 191
0 99 192
0 219 248
0 196 166
0 46 260
0 169 167
0 260 249
1
1
1
1
0 190 250
0 251 40
1
1
1
0 287 180
0 82 169
0 252 291
0 244 41
0 180 92
1
1
1
0 192 251
0 201 254
0 291 225
0 96 171
0 10 190
1
1
1
0 25 16
0 208 103
1
1
0 167 93
0 171 213
1
0 107 79
1
0 282 258
1
1
1
0 212 43
0 30 180
0 50 255
0 169 192
1
1
0 92 212
1
0 11 214
0 103 252
0 115 44
1
1
1
1
1
0 76 181
1
1
0 166 17
1
0 179 193
0 38 232
0 17 179
0 209 182
0 250 183
1
0 100 80
0 86 38
1
1
1
1
1
1
1
1
1
0 34 215
0 243 81
0 215 184
1
1
0 239 45
0 27 194
1
0 235 17
1
1
1
0 257 250
0 90 257
1
0 116 46
1
0 184 195
1
1
0 42 47
0 43 291
1
1
0 180 42
1
0 255 166
1
0 199 226
1
1
1
1
0 190 255
1
0 231 215
0 202 243
1
0 232 244
1
1
0 178 292
1
1
0 186 43
1
1
0 81 216
1
1
1
1
1
1
1
1
1
1
0 216 178
1
0 26 207
1
0 258 260
1
0 12 48
1
1
1
0 252 34
0 43 227
0 44 18
1
1
0 257 49
1
0 226 257
0 215 199
1
0 178 43
1
0 259 44
0 17 50
1
1
1
0 176 178
1
0 194 293
0 248 51
0 28 248
0 253 89
0 33 52
0 93 252
1
0 213 53
0 179 294
1
1
0 212 17
1
0 37 200
1
1
0 289 253
0 41 226
1
1
1
1
0 248 215
1
1
1
1
1
1
1
1
1
1
0 243 103
0 227 54
0 89 231
1
1
0 168 37
1
0 207 179
0 215 196
1
0 242 190
0 204 258
0 189 176
0 246 295
0 173 259
1
0 291 201
1
1
0 206 189
1
1
1
1
0 293 41
0 80 261
1
0 161 55
1
0 288 56
1
1
0 52 180
0 190 52
1
0 17 184
1
1
0 43 57
0 178 202
1
0 40 58
0 42 185
0 55 203
0 294 30
1
1
0 187 186
1
0 79 25
0 56 55
1
0 30 56
1
1
1
1
1
0 186 291
0 252 227
0 189 204
0 201 262
1
1
1
0 230 59
1
0 18 30
1
0 262 275
1
0 199 33
0 55 223
1
1
0 202 92
1
1
1
0 59 212
0 44 262
1
0 101 55
0 193 59
1
1
0 15 186
1
0 38 242
0 176 263
1
0 257 264
1
1
1
0 181 228
0 291 189
0 102 201
1
1
0 264 202
0 224 60
1
0 30 224
0 53 296
1
1
1
0 290 167
0 254 38
1
0 214 213
1
0 56 187
1
0 179 205
1
1
1
1
0 170 171
0 180 178
0 222 40
0 48 179
1
1
0 250 264
1
1
1
0 195 265
1
0 211 214
0 54 61
1
0 198 215
0 41 229
0 210 48
0 57 190
0 88 248
0 38 293
0 258 79
0 184 243
1
0 215 276
0 188 206
0 60 168
1
0 37 30
1
1
1
0 49 230
1
0 242 104
0 259 250
0 205 80
0 39 188
1
0 25 49
1
1
0 80 297
0 58 252
0 172 180
0 33 105
1
1
0 77 266
1
1
0 200 232
1
0 167 277
1
1
1
0 249 233
0 203 234
1
0 175 235
0 31 25
1
0 171 267
1
0 229 298
0 168 254
1
1
0 52 268
0 201 106
0 292 215
1
0 179 181
0 50 257
1
0 92 193
0 204 258
0 275 216
1
1
0 192 229
0 185 203
0 274 236
1
0 232 237
1
0 223 184
1
1
1
0 277 238
1
1
1
1
0 163 217
0 248 31
0 293 259
1
0 78 269
1
0 46 107
1
1
1
1
1
1
0 106 270
1
0 257 271
1
0 263 106
1
1
1
0 266 26
0 236 257
0 259 194
0 190 204
0 174 167
0 117 242
1
0 55 259
1
1
0 228 33
1
1
0 202 80
1
0 217 228
1
0 51 108
0 237 263
0 256 50
0 34 168
1
1
0 24 232
1
0 184 41
0 177 92
1
1
0 104 299
1
1
0 215 236
0 243 184
1
1
1
0 235 266
0 232 169
0 216 232
1
1
0 250 235
1
0 299 60
1
0 230 37
1
1
1
0 212 272
1
1
0 107 38
0 32 230
1
0 166 185
1
1
1
0 257 299
0 61 215
1
0 224 39
0 204 205
0 236 198
0 105 32
0 30 34
0 235 51
1
1
0 191 207
0 60 273
0 51 42
1
0 26 243
0 165 43
0 245 208
1
1
1
0 297 195
0 188 165
0 203 274
0 271 275
0 255 104
0 213 271
1
1
0 251 209
0 242 235
0 47 245
1
0 266 188
0 59 277
1
1
0 169 170
1
0 45 246
1
0 275 169
0 241 199
0 270 51
0 233 236
0 43 210
1
0 199 30
1
1
1
0 254 0
0 261 43
1
0 194 44
1
0 32 216
1
0 215 1
1
0 299 190
0 263 278
1
0 29 93
1
0 230 270
1
0 246 248
0 245 191
1
1
0 92 45
1
1
1
0 238 275
1
1
0 91 237
1
1
0 274 279
0 51 46
1
1
1
0 248 171
1
0 39 172
1
1
0 172 47
1
1
1
1
1
1
0 273 261
0 48 192
0 261 280
0 271 194
1
0 0 107
1
1
1
1
0 38 230
1
1
0 34 81
0 81 2
0 184 254
1
0 259 166
1
0 165 172
0 31 48
0 103 51
0 170 215
0 192 281
1
1
1
0 106 245
1
0 270 246
1
1
1
0 279 270
0 272 192
1
0 276 94
1
1
0 192 211
0 262 199
1
0 209 200
1
1
1
0 167 105
0 229 238
1
1
1
0 48 201
0 205 299
1
0 281 48
0 216 212
1
1
1
1
0 235 276
1
1
0 201 233
0 194 38
1
0 214 173
0 226 209
0 209 39
0 35 229
1
1
0 277 170
0 198 17
1
0 190 271
0 180 52
0 234 0
0 30 174
1
0 252 266
0 265 248
1
0 207 234
1
0 248 184
1
1
0 236 106
1
1
0 244 53
0 80 81
1
0 41 261
1
0 271 190
1
1
1
0 181 209
0 42 201
0 81 109
1
1
1
1
1
0 247 198
0 171 110
0 228 54
1
0 164 41
0 199 3
0 46 26
1
0 246 192
0 45 46
1
0 229 171
1
0 187 194
0 16 207
0 233 27
0 107 265
0 93 199
0 193 175
1
0 25 202
1
0 245 213
1
0 258 259
0 211 255
1
1
0 232 28
1
1
1
1
1
1
0 213 211
0 1 80
1
0 104 176
1
0 166 271
0 199 216
1
0 211 217
1
1
0 267 111
1
1
0 49 177
1
0 270 267
0 47 232
0 3 193
0 80 112
0 298 29
0 168 42
0 27 107
1
0 185 80
1
0 174 179
1
1
1
0 0 270
0 255 226
0 188 272
1
1
0 29 187
0 2 199
1
0 106 45
1
1
0 237 273
1
1
1
1
1
1
1
1
1
1
1
0 28 203
1
0 208 233
1
1
1
1
1
1
0 111 185
1
1
1
0 270 262
1
1
0 209 218
0 17 55
1
1
1
0 196 56
0 183 274
1
1
0 36 188
0 50 180
1
1
1
1
0 173 208
1
1
1
1
0 170 47
0 26 34
0 212 263
1
0 274 255
0 112 49
0 52 204
0 186 196
1
0 199 205
0 34 239
0 55 270
1
0 243 209
0 196 199
1
0 39 170
1
0 227 274
0 190 50
0 177 181
0 278 211
1
1
0 262 173
1
1
0 204 55
0 201 262
1
1
1
0 80 196
0 273 57
1
1
0 216 52
0 178 177
0 231 39
0 169 58
1
1
1
1
0 272 273
0 226 272
1
0 275 277
1
0 254 178
0 108 34
1
1
1
0 271 59
1
1
0 269 240
0 191 201
1
0 270 204
1
1
0 205 212
1
0 195 183
1
0 276 60
1
1
1
0 240 269
0 295 61
1
0 299 205
1
0 262 62
0 177 63
0 200 177
1
1
1
0 61 64
1
1
0 182 61
1
0 199 226
0 173 199
1
1
1
1
0 56 65
0 94 182
0 171 111
1
1
0 59 186
0 181 173
0 189 190
1
0 40 181
0 179 262
1
0 185 297
0 181 56
0 183 66
1
1
1
1
1
1
1
0 296 278
1
0 278 279
0 193 59
0 279 174
0 199 200
1
0 42 213
1
0 273 40
0 208 235
1
1
0 110 183
1
1
0 64 179
1
1
0 201 270
0 217 64
1
0 65 80
1
1
0 45 42
1
1
1
1
0 261 199
1
0 192 65
0 176 271
0 54 67
0 210 185
0 66 68
1
0 40 54
0 186 45
0 211 273
0 61 181
1
1
1
0 226 208
1
1
0 109 186
1
0 267 61
0 41 214
0 187 275
0 263 66
0 45 171
1
0 42 176
0 39 69
0 57 187
0 197 45
0 213 189
0 33 213
1
1
1
1
0 207 191
1
0 44 57
0 52 70
0 179 192
0 54 267
0 46 254
0 50 193
0 111 261
1
1
1
0 175 201
1
1
1
1
1
1
0 176 71
1
1
1
0 47 72
1
0 79 236
0 204 195
0 238 52
0 48 263
1
0 261 197
1
0 203 216
0 194 73
0 199 74
0 208 276
0 262 194
1
0 62 210
1
1
1
1
0 253 62
0 58 237
0 214 75
1
0 174 278
0 37 76
0 177 279
0 43 281
0 233 199
1
0 172 203
0 193 77
0 187 282
1
1
0 259 204
1
1
1
0 170 256
1
0 277 78
1
0 180 187
0 74 207
1
0 275 219
1
0 181 275
1
1
1
0 266 283
1
0 68 74
1
0 71 68
0 61 193
0 264 79
0 255 226
0 201 71
1
1
1
1
0 212 284
0 186 201
1
0 209 81
1
1
1
0 260 174
0 70 186
0 219 255
0 235 214
0 64 208
1
1
0 105 58
1
0 187 82
0 267 83
0 272 84
1
1
0 278 209
1
0 216 231
0 195 211
0 62 179
1
1
1
0 206 85
0 76 233
1
1
1
1
1
0 184 206
1
1
1
0 198 212
0 214 240
1
1
1
0 174 76
0 182 227
1
0 81 70
1
1
0 281 214
1
1
0 78 81
0 85 86
1
0 45 266
0 275 216
1
1
1
0 38 85
0 194 217
0 214 272
0 75 78
0 272 241
0 82 75
1
0 202 228
0 215 267
0 241 82
1
0 193 87
1
0 190 202
1
1
0 274 61
1
0 73 281
1
0 255 214
1
0 217 229
0 63 54
0 58 215
1
0 34 217
0 273 272
0 237 180
1
0 208 235
1
0 271 88
0 225 285
1
0 197 62
0 178 271
0 51 255
0 267 208
1
0 212 219
1
0 79 193
0 86 286
1
1
1
0 280 212
1
1
0 67 220
1
0 70 79
1
0 193 267
0 256 86
1
0 266 221
1
1
1
1
1
1
1
0 210 222
1
1
1
0 52 237
1
0 192 238
1
0 286 210
0 268 241
0 66 223
1
0 82 50
0 267 224
1
0 76 89
0 57 73
1
0 222 264
1
1
0 224 242
1
0 232 298
1
0 215 222
1
1
0 200 286
0 272 57
1
1
0 107 63
1
0 212 51
1
1
1
1
1
1
1
1
0 265 287
0 276 272
0 284 181
1
1
0 242 58
1
0 254 232
1
0 230 242
1
1
1
0 77 212
0 74 182
0 75 299
1
1
0 216 224
0 80 66
1
1
0 89 90
0 263 243
1
0 239 52
1
1
0 62 273
0 201 67
1
1
1
0 273 62
1
1
1
1
1
0 231 230
1
0 228 239
1
1
0 214 200
0 72 64
0 223 244
0 200 80
1
0 61 214
0 52 192
1
0 49 273
0 67 190
0 229 82
1
0 241 284
1
0 227 215
1
0 181 241
0 50 193
1
1
0 242 245
1
1
1
1
1
1
0 233 194
1
0 211 242
1
0 180 174
1
0 226 211
1
0 194 216
1
0 88 194
1
1
0 211 61
1
1
0 242 195
1
1
0 244 265
1
1
0 60 175
1
0 273 288
1
0 186 91
1
0 58 242
1
0 204 225
0 212 223
1
0 175 244
1
0 53 74
1
0 91 246
1
1
1
0 56 67
1
0 217 247
0 74 211
1
0 232 226
1
0 224 60
1
1
1
1
0 87 217
1
1
1
0 271 248
1
0 236 212
0 80 224
0 239 91
1
0 288 70
0 210 52
0 297 271
0 284 266
0 193 288
1
0 64 227
1
0 219 249
1
1
0 207 250
0 227 219
0 264 251
1
0 281 207
1
0 237 184
1
0 265 74
1
0 65 289
0 171 72
0 79 252
1
0 55 200
0 54 193
0 199 273
1
0 285 204
1
1
1
0 235 227
1
1
0 179 284
0 222 228
0 230 229
0 298 75
0 196 285
0 189 64
0 272 76
1
1
1
1
1
0 51 65
1
1
1
0 57 210
0 204 230
0 287 77
0 248 231
0 228 79
0 284 256
0 238 87
0 209 222
1
0 283 248
1
1
0 234 253
1
1
0 224 232
0 182 274
0 215 175
0 190 186
1
1
1
1
1
1
1
0 200 272
1
1
0 220 80
0 184 254
1
1
0 210 88
0 244 257
1
0 186 244
0 250 258
0 254 250
1
0 225 224
1
1
0 258 89
1
0 183 196
0 79 92
0 72 79
1
0 92 209
0 212 210
0 271 72
0 216 92
1
1
0 230 225
0 87 93
0 217 94
0 210 287
1
0 72 228
1
0 209 87
1
0 196 233
1
1
0 253 209
1
0 272 72
0 209 95
0 91 96
1
1
0 223 91
0 211 283
1
1
0 228 284
0 286 176
1
0 252 286
1
1
1
0 229 97
1
1
1
0 195 98
1
1
0 77 252
0 283 99
0 270 177
1
1
1
1
1
0 62 77
0 221 253
1
0 208 209
0 245 195
0 81 178
0 266 220
1
0 61 196
0 66 100
1
1
0 76 81
0 67 245
0 274 186
0 251 101
0 75 102
1
0 245 251
1
0 82 61
1
0 70 254
1
1
1
1
0 92 258
0 240 92
0 77 197
0 269 290
1
1
0 68 0
0 69 198
1
1
1
0 186 199
1
1
0 231 103
0 98 291
1
0 86 259
1
1
