500 1000 2000
234 382 429 152 544 338 562 207 362 540 510 827 285 733 831 572 694 254 13 348 730 566 825 155 167 646 991 317 971 711 170 762 11 882 585 578 424 845 793 188 194 124 175 468 576 610 91 1 595 60 7 302 392 728 273 848 243 886 404 247 972 79 890 904 914 290 551 862 873 740 696 24 798 384 720 449 164 670 253 810 82 593 635 948 260 200 59 238 469 92 666 505 361 291 871 241 701 462 20 584 785 926 163 349 2 754 655 686 709 794 132 569 441 625 908 843 166 727 589 67 437 707 809 545 808 573 942 888 75 548 650 525 528 300 81 917 726 217 761 103 29 458 418 133 746 944 673 855 222 992 885 303 474 791 40 372 408 603 927 654 64 157 402 333 963 488 203 56 802 214 639 347 16 684 455 538 326 883 30 981 659 204 597 84 716 555 292 242 624 702 190 771 264 9 6 240 968 901 314 77 782 202 272 681 581 892 296 784 271 929 206 37 530 642 444 964 435 570 626 864 988 662 90 725 596 182 136 541 443 633 375 224 178 215 427 312 134 960 527 627 89 62 50 27 835 329 106 301 491 921 623 121 952 705 884 17 78 129 764 936 947 953 335 651 900 308 239 49 713 685 107 795 305 916 383 480 422 753 949 617 719 252 94 628 143 897 600 817 497 521 532 842 775 984 69 539 547 957 602 516 100 278 954 494 747 32 357 895 98 452 255 604 181 258 748 612 48 58 591 350 640 854 823 704 869 955 394 619 446 390 275 477 898 225 483 891 356 442 400 994 393 289 660 751 198 410 758 156 682 413 87 760 941 101 473 923 45 369 376 230 580 979 614 934 632 386 583 768 537 294 445 611 286 860 615 938 877 281 613 265 213 321 577 502 235 857 678 142 568 117 466 909 405 327 700 558 945 125 506 806 310 756 797 950 211 343 724 919 279 307 478 789 61 269 665 93 553 451 973 928 21 792 282 499 419 365 698 173 423 669 951 687 432 354 51 409 620 759 846 507 146 550 815 683 867 630 208 65 907 766 739 416 297 689 114 438 744 436 109 363 745 165 342 63 783 616 552 191 248 459 431 216 912 959 755 460 96 403 161 233 31 514 714 922 863 374 387 262 887 778 267 306 757 328 565 381 74 549 557 287
0 163 629
0 314 135
0 410 965
0 544 763
0 595 779
1
0 551 66
0 424 706
1
1
0 132 508
1
0 929 439
1
0 869 590
1
1
1
1
0 760 710
1
1
1
1
0 885 18
0 6 956
0 287 531
1
1
1
0 165 688
0 965 993
0 578 807
1
0 240 168
0 191 169
0 552 786
0 565 690
0 516 463
1
0 702 592
1
1
1
1
1
0 673 266
1
1
1
1
1
1
1
0 603 878
0 394 691
0 442 503
0 306 913
0 907 280
1
1
0 507 915
0 616 484
1
1
0 32 261
0 94 12
1
0 365 256
0 11 765
0 347 456
0 959 749
0 290 905
1
1
1
1
0 655 467
0 181 470
1
0 562 847
0 670 671
0 7 616
1
0 782 147
0 98 191
1
0 374 702
1
0 671 126
1
1
0 216 729
0 215 885
0 67 108
0 327 67
1
0 528 601
1
0 281 471
0 69 339
1
1
0 971 910
0 694 290
1
1
0 21 750
1
0 938 811
1
1
1
0 242 752
0 294 692
0 13 110
1
0 728 304
0 252 489
1
1
1
1
0 338 68
0 81 693
1
1
1
0 757 259
0 569 137
0 214 708
0 898 542
0 573 306
0 678 849
0 542 472
1
0 329 249
0 750 10
0 400 410
1
0 249 893
1
1
0 746 475
0 577 274
0 376 879
0 623 667
0 553 618
0 74 268
0 863 836
0 791 728
1
1
1
0 271 850
0 386 148
0 37 958
1
0 468 406
0 466 171
1
1
0 372 309
0 589 533
1
1
0 809 974
1
1
0 409 731
0 707 995
0 382 856
0 10 111
0 904 851
1
0 686 621
1
0 610 236
1
1
1
1
1
1
1
0 660 298
1
0 659 209
1
1
0 667 911
0 945 32
1
1
0 106 573
0 93 112
0 383 364
0 771 257
1
0 361 344
0 823 281
0 256 894
0 204 582
0 406 918
0 469 183
1
0 916 920
1
1
1
0 384 21
0 209 889
1
0 435 85
0 459 741
0 307 647
0 920 122
1
1
1
0 835 522
1
1
0 164 138
0 206 195
0 522 293
0 785 57
0 628 485
0 888 622
0 436 172
1
0 455 534
1
1
1
0 847 556
0 274 212
1
0 696 935
1
0 137 113
1
0 239 86
1
1
1
1
1
1
0 710 652
0 751 961
1
0 639 237
1
0 713 796
0 624 394
0 683 847
1
0 402 858
1
1
1
0 901 594
0 1 542
1
1
1
0 968 896
0 117 920
0 467 985
1
0 101 263
0 291 996
0 629 453
1
1
1
0 92 239
1
1
0 625 88
1
0 581 442
1
1
0 887 852
0 363 648
0 572 355
1
1
0 792 270
1
1
0 604 440
0 626 447
0 134 898
0 58 734
1
0 958 767
1
0 883 179
1
0 947 757
0 733 271
1
1
1
1
0 944 299
0 886 543
1
0 217 880
0 342 69
1
1
1
0 798 115
1
0 706 686
1
1
0 923 116
0 50 184
1
1
1
0 651 937
0 961 209
0 133 760
0 273 117
1
1
0 531 832
1
1
1
0 601 395
0 349 732
1
1
0 890 22
0 489 742
1
1
0 416 307
0 403 769
0 766 623
1
0 549 859
1
0 16 641
1
0 138 174
0 78 240
0 684 844
0 880 388
0 690 544
1
1
1
0 82 798
1
0 462 975
0 627 624
0 514 396
1
0 739 450
0 850 598
1
1
1
0 136 535
1
0 236 196
1
0 447 703
0 460 923
0 786 52
0 237 874
0 897 899
1
1
1
1
1
1
1
0 100 833
1
1
1
0 534 33
1
1
0 532 694
0 767 625
1
1
0 114 294
1
0 463 256
0 580 358
0 404 273
0 775 586
1
0 590 546
0 381 447
0 387 735
0 31 149
1
1
1
1
0 882 118
0 109 291
1
1
1
1
1
1
1
0 918 295
0 555 430
0 110 690
0 954 766
0 488 626
1
1
0 858 571
1
1
1
1
1
1
0 475 715
1
1
0 423 767
0 705 336
0 348 34
0 755 504
0 727 486
0 538 454
1
1
1
0 687 954
1
0 328 958
0 107 210
1
1
1
0 280 180
1
1
1
0 596 311
1
0 545 283
1
0 395 114
1
0 734 959
1
0 647 475
0 422 19
1
1
0 484 850
1
1
0 848 989
1
0 142 511
1
1
0 61 274
1
1
0 478 58
1
1
0 810 643
0 121 61
0 255 559
1
1
0 182 457
0 504 197
1
0 491 365
0 457 50
1
0 429 997
0 550 785
0 617 276
1
1
1
0 117 834
1
0 700 695
1
1
0 935 943
1
0 626 743
1
0 708 420
0 485 117
0 686 705
1
1
0 180 455
0 586 313
1
0 760 916
0 742 92
1
0 693 976
1
0 502 366
0 744 706
1
0 815 35
0 263 626
0 731 226
0 831 277
0 759 918
1
0 446 799
0 494 70
1
1
1
1
1
0 261 93
0 275 280
1
1
0 984 586
1
1
0 709 314
1
1
1
0 525 315
0 248 36
1
0 152 316
1
0 63 275
1
1
0 388 998
0 108 574
1
0 196 924
0 122 261
0 393 828
0 988 755
1
1
0 207 71
1
0 540 693
0 200 897
0 857 263
0 626 977
0 928 512
0 948 587
1
1
1
0 57 284
0 480 961
0 793 446
1
0 548 880
1
1
1
0 756 448
1
1
1
0 924 287
0 241 457
0 648 999
1
0 959 236
0 921 237
1
1
1
1
1
0 291 345
1
1
1
1
1
0 450 409
1
1
0 995 560
0 209 835
0 749 634
0 541 626
1
0 34 433
1
1
0 613 921
0 409 94
0 30 23
1
0 533 513
1
1
0 211 696
0 156 588
1
1
1
1
1
0 662 223
1
0 952 53
0 280 924
0 960 95
1
0 457 548
0 475 545
0 642 549
0 272 359
0 172 72
1
0 295 318
1
1
1
0 597 800
1
0 474 450
1
1
1
1
0 730 474
1
0 456 801
1
1
1
0 918 10
0 161 697
0 878 456
0 333 727
0 634 241
1
0 927 686
0 427 172
0 143 918
0 701 57
0 855 550
1
0 549 595
0 557 327
1
1
1
0 114 925
0 535 192
1
0 942 328
0 225 699
0 924 478
0 302 848
0 364 717
1
0 328 938
1
0 478 901
0 715 853
1
0 375 457
1
0 641 589
1
1
1
1
0 453 634
1
0 174 459
1
0 953 770
1
1
1
0 116 756
1
0 796 97
1
1
1
1
0 900 34
1
0 901 549
1
0 253 803
1
1
1
0 589 627
0 711 596
1
1
0 294 927
0 755 73
0 503 54
1
0 356 924
1
0 954 700
1
1
0 548 687
0 203 855
0 885 900
0 996 551
1
0 306 460
0 854 548
1
0 256 641
0 785 901
0 951 965
0 191 288
1
1
0 354 837
0 521 328
0 443 804
0 833 569
1
0 34 340
1
0 716 453
1
0 587 127
0 919 805
1
0 327 561
1
0 880 628
1
0 797 291
0 405 771
0 91 242
0 210 130
1
1
1
1
1
0 48 629
0 795 721
0 60 500
0 985 552
0 362 214
0 184 514
0 706 854
0 897 857
0 198 718
1
1
1
1
1
0 284 878
0 194 128
0 669 966
0 172 272
0 999 631
1
0 486 919
1
1
0 853 818
0 697 942
0 457 421
1
0 941 30
1
1
0 173 11
0 552 244
1
1
1
0 895 203
1
0 235 562
0 950 833
1
0 899 885
1
1
0 892 939
1
1
0 957 215
1
1
0 127 853
0 633 809
1
1
0 394 475
1
1
0 87 587
1
0 740 341
1
0 86 280
1
0 905 759
1
0 230 978
1
0 197 209
0 336 633
0 602 928
1
0 828 957
0 343 55
0 513 810
0 745 944
0 961 858
1
0 694 245
0 654 749
0 308 780
0 665 861
1
0 506 172
0 178 476
1
0 825 730
0 21 929
1
1
0 57 552
0 727 284
0 618 959
1
1
0 749 863
0 691 772
0 873 302
1
1
1
1
0 446 940
0 32 812
0 767 930
0 741 636
1
1
1
0 927 597
0 299 760
1
1
0 283 865
1
0 268 57
1
1
1
1
0 432 589
1
0 573 599
1
0 812 706
0 735 367
1
1
0 965 755
0 949 299
1
0 847 637
1
1
1
1
0 441 980
0 470 131
1
1
1
0 167 246
1
1
0 918 866
0 911 104
1
0 418 727
0 304 78
1
0 36 114
0 718 98
1
1
0 783 868
1
1
1
0 958 173
1
0 453 116
0 966 927
0 939 590
1
1
1
1
0 703 601
1
0 804 838
0 590 74
0 570 268
1
0 857 691
0 79 304
0 116 91
0 459 28
1
0 714 602
0 955 931
0 771 283
1
0 328 880
1
0 77 847
1
0 799 869
0 90 60
1
1
0 915 804
0 472 897
0 898 76
0 920 446
0 803 255
1
1
1
0 262 63
0 964 857
1
0 88 77
0 994 731
0 9 701
0 807 563
1
0 597 958
1
0 897 597
1
0 681 79
1
1
0 261 248
1
1
1
1
1
0 728 870
0 760 872
1
1
1
1
1
0 748 960
0 305 553
1
0 626 305
0 832 99
0 57 306
0 957 722
0 113 249
1
1
1
1
1
0 877 105
1
1
1
1
0 296 651
0 601 478
0 22 839
1
0 454 472
1
0 74 461
1
1
1
1
0 27 441
0 300 638
0 863 360
0 202 479
1
1
1
0 545 74
0 475 127
1
0 701 863
0 732 873
1
1
1
1
0 563 875
1
1
0 706 760
0 302 545
0 912 216
1
0 721 767
0 511 590
1
0 514 945
1
0 71 647
1
1
1
0 450 480
1
1
1
0 69 294
0 842 639
1
0 215 150
1
0 779 116
1
1
1
0 18 876
0 559 225
1
0 294 902
1
1
0 725 771
0 931 642
1
0 213 294
1
0 339 342
0 244 982
0 172 773
0 922 881
1
0 358 100
1
0 766 101
0 938 774
0 854 422
1
0 112 601
1
1
1
0 97 941
1
1
0 192 766
0 900 106
0 705 295
0 471 80
1
0 693 812
0 766 296
1
0 477 766
1
1
1
0 20 644
0 296 946
0 615 854
1
0 889 107
1
0 558 990
1
0 753 481
1
0 562 227
0 480 184
1
0 810 443
0 449 69
0 972 957
1
1
1
0 621 167
1
0 636 554
1
0 666 877
1
0 980 555
1
1
1
0 33 828
1
0 808 911
0 72 531
1
0 264 653
1
0 688 97
0 839 13
0 431 557
1
1
0 126 108
1
1
0 307 244
0 124 983
0 548 102
0 410 882
1
0 627 931
1
1
1
0 430 697
0 587 346
0 318 753
1
1
0 722 475
1
0 183 883
1
0 850 920
0 102 558
0 854 151
0 758 803
1
1
0 880 603
0 107 807
0 269 296
0 624 918
1
0 727 269
0 696 895
1
1
0 902 102
1
0 312 228
1
1
0 979 880
1
1
0 960 636
1
1
0 789 850
1
1
0 885 922
0 755 645
0 747 136
1
0 645 250
1
0 367 604
1
1
1
0 878 775
0 629 938
1
0 101 808
1
0 50 251
0 586 885
0 242 810
1
1
0 916 562
0 437 18
1
0 505 449
1
0 74 915
0 274 645
0 392 758
0 35 274
1
1
1
0 871 434
0 444 318
1
0 885 776
1
0 623 979
1
1
1
0 989 654
1
0 992 994
1
1
1
0 478 947
0 982 854
1
0 85 81
1
1
0 166 252
0 12 538
0 774 82
1
1
1
1
1
1
1
0 452 813
1
0 766 300
0 925 450
1
0 248 302
1
0 82 101
1
1
0 754 916
1
1
0 543 605
0 341 152
1
1
1
1
0 634 307
1
1
1
0 760 948
1
0 837 693
1
0 149 694
0 23 423
0 11 319
1
1
0 62 570
1
1
1
1
0 171 62
1
0 66 312
1
1
1
1
0 438 261
1
1
0 114 829
1
1
0 321 572
1
0 694 31
1
1
0 365 242
1
0 288 648
0 108 688
0 224 132
1
1
1
1
0 635 995
1
0 263 694
1
1
0 542 288
1
1
1
0 56 575
1
0 49 819
0 236 444
0 106 559
0 859 248
1
0 312 409
1
1
1
0 97 137
0 258 66
1
1
0 319 308
0 335 606
1
0 596 424
1
1
0 251 777
0 915 814
1
0 852 361
1
1
0 111 696
1
0 409 949
0 818 885
0 692 996
0 441 224
0 974 32
1
0 784 251
1
0 856 253
0 857 925
1
1
0 101 774
0 835 634
1
0 127 256
1
1
1
1
1
1
0 756 577
0 604 82
0 884 586
0 547 950
1
0 873 258
1
0 316 180
1
1
1
0 947 563
0 253 999
0 942 119
0 300 604
1
0 167 300
0 957 621
1
0 901 120
1
0 895 262
1
1
1
1
0 267 635
1
1
1
1
1
0 850 607
1
1
0 644 878
1
0 272 263
1
1
0 993 0
1
1
1
1
1
0 52 83
0 512 564
1
1
0 845 356
0 851 760
1
1
0 855 815
0 918 312
0 973 85
1
1
0 223 316
1
0 434 918
0 132 253
1
0 268 982
1
0 865 71
1
1
0 694 319
0 282 452
0 256 181
0 802 830
0 45 629
1
1
0 720 256
1
1
0 29 703
1
1
0 874 608
1
1
1
0 910 779
0 310 884
1
1
1
1
1
1
1
1
1
1
1
0 872 310
0 263 615
1
1
0 244 980
0 450 106
0 294 320
1
0 95 263
1
0 253 425
0 981 244
0 222 72
1
1
1
1
0 913 121
0 256 235
0 148 578
0 578 932
0 59 182
1
0 925 450
0 599 578
0 188 609
1
0 769 912
1
0 931 74
1
1
1
0 30 321
1
0 641 769
0 150 565
0 303 86
0 157 282
0 695 641
0 424 610
0 296 981
1
0 476 101
1
1
0 765 303
0 239 910
1
1
1
1
1
0 606 567
1
1
1
1
1
0 557 547
1
0 982 294
0 854 557
1
0 916 816
0 420 548
0 693 947
0 600 781
1
0 891 925
0 539 272
1
1
0 181 87
1
1
1
0 13 253
0 544 480
1
0 78 718
0 326 982
0 65 78
0 306 818
1
0 2 865
1
1
0 209 171
1
0 813 854
1
0 983 813
0 927 296
1
1
1
0 248 935
1
0 781 409
0 559 362
1
1
1
0 180 25
0 409 306
1
0 563 347
0 67 820
0 760 821
1
1
1
0 66 424
1
1
1
1
1
0 815 322
1
1
0 396 886
1
0 260 822
0 882 323
1
0 628 65
0 768 951
1
0 552 644
0 241 895
0 456 453
0 300 324
0 648 300
1
1
0 19 831
1
1
0 611 482
1
0 300 107
0 171 325
1
0 565 484
1
1
1
0 226 596
1
0 293 122
1
1
0 570 781
0 340 802
1
1
1
1
1
1
1
1
0 918 293
1
1
0 643 648
1
1
1
1
0 959 56
1
0 299 839
1
1
0 861 552
0 941 931
1
0 895 299
1
0 978 351
1
1
1
1
0 538 815
1
1
1
0 781 754
0 271 248
0 689 823
0 281 1
1
0 594 573
0 460 454
0 999 587
0 591 824
1
0 483 426
0 82 456
0 729 999
1
1
1
0 298 952
0 586 927
1
1
1
0 612 82
1
1
0 246 476
1
1
0 652 123
0 836 732
0 980 427
1
1
0 587 882
1
1
0 545 978
0 553 617
0 911 108
1
0 958 825
1
1
1
0 65 939
1
0 361 553
1
1
0 886 826
0 69 953
0 270 954
0 839 281
1
0 408 267
0 103 559
0 950 832
0 831 109
0 653 88
0 83 103
1
1
0 310 611
0 944 563
1
0 608 298
1
1
0 212 871
1
0 922 326
1
0 909 256
1
1
1
1
0 184 327
0 89 643
0 808 565
1
1
0 303 328
1
1
0 551 264
0 79 95
1
1
1
0 939 831
0 327 649
1
1
1
1
0 848 352
0 281 850
0 929 2
1
1
1
1
0 305 950
0 585 246
0 616 955
0 921 579
0 357 97
1
1
0 948 551
1
0 883 835
1
0 366 948
0 319 327
1
0 443 138
1
1
0 474 886
1
1
0 85 260
1
1
0 246 652
0 295 836
1
0 769 837
1
1
0 990 765
0 63 929
1
0 451 839
0 615 653
1
1
1
1
0 500 174
0 562 897
1
0 54 606
1
1
0 617 840
1
0 780 268
0 174 655
1
0 854 599
0 433 808
0 91 957
0 439 295
1
0 822 591
0 651 848
1
1
1
0 255 303
0 55 570
1
1
0 885 980
1
0 170 239
1
1
1
0 940 255
1
0 821 822
0 318 236
1
0 356 720
0 730 180
1
1
1
1
0 269 241
0 807 821
1
1
0 247 361
0 622 958
0 259 363
1
0 582 281
0 619 139
1
1
1
1
0 95 59
1
1
0 934 562
0 878 300
0 952 807
1
1
1
0 301 33
0 646 760
0 228 841
0 811 310
1
0 455 124
1
1
1
1
1
1
0 641 301
1
0 309 885
1
1
1
1
0 650 348
1
1
0 809 883
0 190 148
1
0 697 364
1
0 179 851
1
0 897 132
0 444 580
0 868 933
0 310 581
1
0 454 110
1
0 105 269
1
0 120 329
1
1
0 99 330
0 72 582
1
0 998 809
0 775 365
0 24 259
0 841 585
1
0 614 305
0 848 133
1
0 647 134
0 244 934
0 688 309
0 286 841
1
1
0 877 318
1
1
0 297 111
1
0 363 939
1
1
0 866 120
1
0 772 608
1
1
0 578 842
0 574 845
0 111 799
0 456 586
0 625 848
1
0 121 600
0 315 69
0 254 349
1
1
1
0 720 872
1
0 847 451
0 100 174
1
0 596 428
1
1
0 825 140
1
0 955 149
1
1
0 216 3
1
0 568 353
0 830 89
0 345 568
0 995 95
0 317 297
0 92 780
1
1
1
1
0 448 315
0 445 448
1
0 609 587
1
