100 1000 2000
778 825 794 418 659 437 562 740 708 166 999 351 955 424 614 64 126 775 286 790 68 953 505 724 330 402 152 836 819 470 342 399 972 101 900 372 404 484 9 687 179 697 736 656 606 490 413 356 416 673 967 644 617 669 214 221 774 670 233 141 519 216 232 262 127 983 92 48 203 211 16 42 541 189 4 528 162 802 408 180 472 962 742 374 407 925 467 887 556 463 646 745 604 312 582 842 385 497 71 975
0 64 737
0 351 419
1
1
1
1
1
1
1
0 556 420
0 740 506
1
1
0 101 507
1
1
1
0 670 674
0 745 343
0 505 421
1
0 16 400
1
1
1
0 724 670
1
0 983 217
0 408 563
0 399 128
0 507 417
1
1
1
1
1
1
1
0 420 926
1
0 887 647
0 463 954
1
1
0 216 344
0 42 660
1
1
1
1
0 656 408
1
0 660 901
0 286 826
0 437 234
1
0 802 167
0 262 671
1
0 541 471
1
1
0 374 791
0 708 313
0 791 675
0 582 564
1
1
0 92 795
0 926 498
1
0 416 529
1
1
1
0 221 212
0 972 648
1
1
0 408 0
1
0 128 530
0 421 565
0 404 776
0 697 128
1
1
1
0 825 649
0 418 204
1
1
0 901 49
1
0 925 129
0 794 566
0 467 345
1
0 9 414
1
1
1
1
0 826 660
0 519 499
1
1
0 152 777
1
0 162 163
1
1
1
0 565 661
1
1
1
0 669 676
0 778 956
1
1
0 129 1
0 71 2
0 777 420
0 900 743
0 233 129
1
1
1
0 232 957
0 659 796
0 189 130
0 167 386
1
0 372 650
0 4 5
1
0 562 205
1
1
0 676 357
1
1
0 330 744
0 342 745
0 836 3
1
1
1
0 661 797
0 343 215
1
0 127 473
1
1
0 49 181
1
0 743 418
1
1
0 842 676
1
1
0 130 958
1
1
0 141 182
1
1
0 471 651
1
0 796 652
0 975 567
0 472 6
1
1
1
1
0 419 959
0 660 605
1
0 999 218
1
0 567 419
1
1
1
0 956 213
0 742 421
0 819 791
1
0 962 618
1
0 0 49
0 212 183
1
1
1
0 957 653
0 234 358
0 528 968
1
0 618 565
0 181 798
0 605 415
1
0 563 485
0 606 212
1
0 180 654
0 674 359
1
0 654 956
0 211 219
1
0 795 645
0 497 777
0 676 778
0 470 486
0 385 567
1
1
1
0 499 4
0 646 422
1
1
1
1
1
1
0 357 646
1
1
1
0 49 423
1
1
1
1
1
0 604 7
0 954 416
1
1
0 415 568
0 182 206
1
0 344 499
1
0 959 425
1
1
0 402 184
1
0 644 426
0 426 401
1
0 425 216
0 5 207
1
1
0 797 672
1
1
1
0 798 746
1
0 424 69
0 7 569
0 203 5
0 401 7
0 745 779
1
1
0 564 185
1
0 777 487
1
0 790 360
0 129 164
0 650 618
1
0 5 220
1
0 212 415
1
1
0 358 619
0 487 654
1
0 126 387
1
0 386 487
1
1
1
1
1
1
1
0 737 488
1
0 487 674
1
0 675 620
1
1
0 6 221
1
0 4 655
1
1
0 779 186
0 214 656
1
0 655 621
1
0 216 129
1
0 3 4
1
1
0 490 424
0 128 222
0 647 408
0 166 622
1
0 213 675
1
1
0 968 570
0 420 474
1
1
1
1
0 421 779
1
1
1
0 618 777
0 221 420
1
0 424 747
0 215 216
1
0 205 571
0 420 507
1
1
1
0 649 572
0 572 623
1
1
0 407 489
0 183 780
0 68 748
0 651 420
0 565 70
0 775 475
1
1
1
1
1
0 4 647
0 486 749
1
1
1
1
0 623 572
0 186 968
0 474 476
1
0 473 959
0 621 165
1
1
0 423 490
1
1
1
1
1
0 313 969
1
1
0 419 655
1
1
0 571 166
1
0 417 500
1
1
0 7 750
0 744 573
1
0 204 221
0 776 223
1
1
0 216 49
0 489 621
0 507 71
1
1
0 969 507
0 620 423
0 648 224
0 476 72
0 219 954
1
0 959 657
0 675 419
0 569 751
0 566 675
0 184 180
1
1
0 69 569
1
0 180 752
0 777 648
1
1
1
0 207 658
1
0 179 3
1
0 746 676
0 736 677
1
0 645 753
1
0 408 50
0 752 754
1
1
1
1
0 163 388
0 674 623
1
0 499 959
1
1
1
1
0 567 225
0 220 781
0 413 960
1
1
1
1
0 356 417
0 754 389
0 954 574
1
1
1
1
0 778 775
0 750 961
1
0 70 792
1
1
1
0 958 571
0 621 575
0 654 73
1
0 792 361
1
1
1
1
0 655 576
0 415 421
0 677 489
0 164 677
0 345 226
0 360 674
0 49 577
1
1
1
1
0 955 678
0 225 969
0 687 486
1
1
0 414 476
0 226 782
0 781 679
1
1
1
0 782 649
0 418 390
0 498 424
1
1
0 658 659
1
0 568 962
1
0 751 660
0 424 207
0 969 491
0 747 578
0 419 579
0 50 487
1
1
0 648 618
1
1
0 2 680
1
1
0 780 781
1
1
0 791 49
0 959 50
1
1
0 646 508
0 962 391
0 48 580
1
1
0 72 418
0 572 581
1
0 71 186
0 660 492
1
0 748 424
0 424 582
1
1
0 486 681
0 677 682
1
1
1
0 680 509
0 967 583
1
1
0 1 677
0 753 392
0 422 584
1
0 960 477
0 576 654
1
1
1
1
0 674 615
1
1
1
1
1
1
1
1
0 224 510
1
1
0 676 74
0 392 393
0 682 424
1
1
0 577 130
0 424 585
1
1
1
0 3 362
0 678 51
1
1
0 779 493
0 672 167
1
1
0 573 655
1
0 569 494
1
0 74 313
1
0 485 52
1
1
1
0 313 511
0 956 422
1
1
0 582 572
0 206 624
0 186 419
0 422 74
1
1
0 475 501
0 421 53
1
0 493 168
0 488 969
1
1
1
0 484 224
1
1
1
0 423 219
1
1
1
0 583 512
0 654 401
1
1
0 512 169
0 578 75
0 570 76
1
0 49 750
1
0 223 54
1
1
1
0 655 531
0 619 363
0 494 573
1
0 389 364
1
0 961 493
1
0 573 576
0 388 619
0 622 616
1
0 393 365
0 207 366
0 617 970
0 580 367
0 489 494
0 168 582
0 401 368
1
1
0 652 676
1
0 365 577
1
1
1
1
1
1
0 366 672
1
0 647 168
0 387 170
0 391 421
0 672 586
1
0 673 587
0 670 478
1
1
0 572 678
0 529 680
0 582 572
0 585 617
0 679 512
1
0 419 679
0 166 751
0 217 513
1
1
1
0 491 220
0 508 365
1
1
0 775 650
1
0 579 479
1
1
1
0 586 313
1
0 167 77
1
1
1
1
1
0 73 660
1
1
0 185 422
0 969 620
1
0 50 661
0 511 651
1
0 221 752
1
1
1
0 493 573
1
1
0 571 131
1
0 478 578
1
0 513 55
1
1
1
0 651 511
0 573 419
0 587 495
0 512 391
0 421 480
1
0 678 775
1
1
0 680 971
0 501 496
1
0 367 651
0 675 508
0 368 366
0 500 662
0 77 625
0 366 56
0 313 626
0 671 512
1
0 971 678
1
1
0 774 753
0 506 621
0 576 366
1
1
1
1
1
0 359 579
1
1
1
0 657 313
1
0 363 57
1
0 511 171
0 512 497
0 625 580
1
0 749 754
1
1
0 626 481
0 575 782
0 656 421
1
0 782 969
1
0 418 478
0 130 680
0 53 367
1
0 220 782
1
0 129 622
1
1
0 421 625
1
0 953 220
0 677 221
1
0 362 363
1
1
1
0 653 362
1
0 477 423
1
0 169 368
1
1
0 492 498
0 970 511
0 218 663
0 168 223
0 54 626
1
0 417 627
1
1
1
1
1
1
1
1
0 76 369
0 618 628
0 498 76
0 623 370
1
1
1
0 369 58
1
0 753 664
0 171 623
1
0 222 582
1
1
0 170 401
1
1
0 650 583
0 680 629
0 220 222
0 577 424
1
1
0 615 314
0 370 512
0 624 225
0 574 421
0 165 498
0 496 499
0 421 226
0 750 624
1
0 582 513
0 313 618
1
0 223 585
1
1
0 499 582
0 968 369
0 775 630
0 366 783
1
1
1
1
0 578 53
1
1
0 513 366
1
0 660 370
1
0 530 371
0 580 631
0 56 632
1
0 369 491
0 782 369
0 622 421
1
0 401 665
0 497 477
0 364 633
0 531 622
0 679 220
0 57 634
0 619 492
1
1
0 487 635
1
1
0 219 513
0 752 392
0 74 586
1
0 361 223
1
0 490 482
1
1
0 586 666
1
1
1
1
1
1
0 572 425
1
0 424 227
1
1
1
0 492 682
0 626 580
1
1
1
0 419 652
0 666 426
0 614 77
0 580 372
1
0 969 619
0 420 653
0 663 626
0 312 483
0 783 514
0 53 492
1
1
0 51 586
1
1
1
0 77 636
1
1
1
1
0 363 373
0 635 515
1
0 659 499
0 492 228
1
0 681 363
0 513 587
0 373 635
0 651 637
0 423 373
0 664 393
1
0 629 132
0 676 374
0 371 513
0 579 229
1
1
1
1
0 362 423
1
0 221 588
1
0 617 663
0 391 371
1
0 624 230
1
0 366 492
1
0 372 417
0 661 624
1
1
1
1
0 393 589
1
0 754 664
0 492 666
1
0 373 638
0 392 590
1
0 226 629
1
0 511 424
0 634 667
1
1
1
1
1
0 616 231
0 368 232
0 224 496
0 371 372
0 587 484
0 58 500
0 508 497
0 781 634
1
0 632 683
1
0 374 632
0 682 668
1
1
1
0 55 587
1
0 584 233
0 367 654
1
1
0 477 639
1
0 76 224
0 649 640
0 626 427
0 400 234
1
0 222 516
0 678 641
0 223 371
1
0 631 584
0 225 631
0 483 626
0 417 428
0 234 235
0 586 517
0 476 669
1
1
1
1
0 581 483
0 131 221
0 427 429
0 232 642
1
1
1
0 220 417
1
1
0 231 501
0 683 430
1
0 666 485
1
1
1
1
0 627 231
1
1
0 654 655
0 619 643
1
1
1
0 481 133
1
1
1
0 421 666
1
1
0 634 518
0 626 634
1
0 425 486
1
1
1
0 363 236
1
0 482 425
1
1
1
1
0 52 481
0 233 644
1
0 589 645
1
1
1
0 425 646
0 513 222
1
1
1
1
0 132 752
0 494 589
1
1
0 370 647
1
1
1
1
0 631 502
1
1
0 510 232
0 428 626
1
0 642 366
0 507 642
0 583 373
0 642 425
1
1
1
0 500 642
1
1
0 514 500
1
1
1
1
0 621 237
0 663 648
1
0 235 583
1
1
0 515 503
1
1
0 623 482
1
0 491 418
1
1
0 478 670
0 230 223
1
0 584 370
1
1
1
0 637 619
1
0 509 671
0 589 431
1
1
1
1
0 486 230
0 232 589
1
1
1
1
1
1
0 501 427
1
1
0 618 637
0 752 486
1
0 497 591
0 639 374
1
1
0 589 627
0 669 375
1
1
0 512 592
0 642 487
1
1
0 619 593
0 224 584
0 423 594
0 632 224
0 643 232
1
1
0 484 423
1
0 518 669
1
0 500 586
0 669 589
1
1
1
1
0 625 504
1
1
1
0 365 595
0 595 631
0 629 621
0 517 639
0 583 642
0 590 484
1
1
0 637 376
0 496 672
0 751 669
1
1
0 591 590
1
1
1
1
0 672 629
1
1
1
0 622 377
0 486 432
1
1
1
0 671 591
0 633 486
1
1
1
1
0 75 488
1
1
1
1
1
1
0 485 632
1
1
1
1
0 418 671
0 593 496
1
0 631 500
1
1
0 630 485
1
1
1
1
0 636 654
0 639 643
1
0 632 315
1
1
1
1
0 654 497
1
1
0 222 418
1
0 587 489
1
1
0 642 672
0 585 673
0 482 587
1
1
0 425 378
0 582 501
0 497 674
1
0 370 630
0 626 505
0 424 379
0 481 649
0 586 380
1
1
0 230 381
0 221 382
1
1
1
1
0 427 433
0 366 675
0 374 654
0 629 225
1
1
1
0 496 676
0 640 419
1
1
0 643 490
0 645 593
1
1
0 371 383
0 379 595
1
1
0 484 384
0 499 656
1
0 495 622
1
1
0 377 385
1
0 646 596
1
0 621 506
1
1
0 596 650
0 224 507
1
1
0 237 677
0 647 386
1
1
0 662 629
1
1
1
1
0 664 424
1
1
1
0 666 434
1
1
0 372 435
1
0 655 642
0 669 436
1
0 594 678
0 436 374
0 390 420
0 622 631
1
1
1
0 373 508
0 593 377
0 315 230
0 383 655
0 431 679
1
1
1
0 229 499
0 490 134
1
1
1
1
1
1
0 592 427
1
0 499 436
0 638 509
0 434 233
1
1
0 590 592
1
1
0 422 226
0 671 669
1
1
1
0 134 481
0 424 490
1
1
1
0 381 383
1
0 655 632
0 592 387
0 486 596
0 500 315
0 595 636
1
0 487 510
1
1
0 654 381
0 377 671
0 501 434
1
1
0 236 680
1
0 416 633
0 505 654
0 507 388
0 376 482
1
0 231 655
0 634 484
1
1
1
1
1
0 435 229
0 655 486
0 417 634
1
0 230 681
1
1
0 436 682
0 226 435
0 380 389
0 670 376
1
0 386 683
1
0 652 377
0 369 436
0 679 379
0 430 637
0 681 487
0 642 638
1
0 378 428
0 628 378
1
1
1
1
0 638 670
0 591 651
1
1
1
0 432 585
0 384 638
1
0 672 491
0 436 681
1
0 653 224
0 382 642
0 630 684
1
1
1
1
1
0 428 639
0 435 672
0 639 655
0 491 685
1
0 589 316
1
0 223 657
1
1
0 624 679
0 381 384
0 227 230
1
0 314 380
0 481 652
1
0 650 686
1
0 426 381
1
1
0 374 226
0 420 597
1
1
0 488 589
0 418 488
1
0 679 491
0 677 679
0 483 643
1
0 375 505
0 669 677
1
0 665 511
0 498 481
1
1
0 229 653
0 597 492
1
0 633 597
1
0 380 483
1
0 511 687
0 629 598
1
1
0 486 645
0 482 317
0 670 590
1
0 228 380
0 508 382
0 505 386
1
1
1
1
1
0 510 390
1
0 667 231
1
1
1
1
0 433 633
0 652 646
0 681 599
1
1
1
0 316 391
0 484 493
0 671 505
1
0 224 392
0 638 681
1
1
0 672 234
0 387 393
0 490 688
1
0 505 316
1
1
0 491 638
0 682 689
0 681 639
1
1
1
1
0 393 505
0 633 507
1
1
1
0 627 387
1
1
1
1
1
1
1
0 589 658
1
1
0 655 690
0 492 681
0 637 659
1
1
0 378 490
1
0 419 482
1
1
0 133 393
0 379 508
1
0 488 682
0 641 691
1
0 596 692
1
0 656 600
1
0 658 435
1
1
1
0 651 591
1
1
0 692 647
0 232 394
0 385 510
1
0 479 669
0 506 511
0 588 385
1
0 620 650
0 684 651
0 649 488
1
0 635 378
1
1
1
0 380 692
1
0 394 436
1
0 481 649
1
1
1
1
0 668 693
0 597 484
0 643 652
1
0 381 640
0 645 694
0 234 684
1
1
0 599 660
0 587 512
0 648 430
0 427 481
1
0 688 648
0 682 637
1
0 660 506
0 591 513
0 225 491
0 484 695
1
0 481 424
0 430 394
0 507 514
1
1
0 508 515
0 631 484
0 436 655
0 483 395
0 651 396
0 378 682
0 590 586
0 385 641
0 640 517
1
1
1
1
1
0 485 696
0 423 430
1
1
0 679 507
1
0 233 492
0 393 494
0 388 651
0 492 587
1
1
0 587 697
0 231 436
1
1
1
1
1
1
1
1
1
1
0 390 679
0 377 688
0 585 518
0 516 698
1
0 681 656
0 226 393
0 484 587
1
1
1
0 675 492
1
0 676 318
0 600 599
1
0 690 699
0 653 635
0 632 508
0 699 397
0 489 640
0 318 681
0 684 699
0 696 516
0 488 388
1
0 677 690
0 515 519
1
0 642 684
1
1
0 647 696
0 394 700
1
1
1
0 487 653
0 644 701
1
0 650 585
1
1
1
1
0 598 515
1
0 690 377
1
0 586 642
0 636 520
1
0 510 521
0 695 510
1
1
1
1
1
1
1
0 509 318
0 515 437
1
0 376 319
0 674 675
0 518 643
1
0 684 644
1
0 689 515
0 386 689
1
0 434 518
1
0 387 690
1
1
1
1
0 701 660
1
1
0 688 701
0 653 398
0 510 661
0 392 438
1
0 660 320
1
0 318 321
0 693 495
1
1
0 507 318
0 508 385
0 661 322
1
1
0 659 645
1
0 682 650
0 506 399
1
1
1
1
1
0 587 506
1
1
0 316 647
0 384 439
0 424 496
1
1
1
1
0 439 497
0 389 693
1
1
0 696 431
0 398 653
1
1
1
0 599 600
0 635 702
1
0 502 498
0 584 439
0 498 499
1
1
0 435 522
0 317 400
0 429 674
0 494 440
0 490 500
0 645 658
0 516 586
0 521 498
1
1
1
1
0 506 670
1
1
1
0 685 231
0 652 695
0 496 316
0 400 506
0 437 392
1
0 392 645
1
0 439 398
0 689 521
0 651 516
0 694 523
0 655 694
1
1
0 670 392
1
1
1
0 519 651
1
0 692 437
0 701 400
0 503 519
0 397 394
0 315 652
1
0 391 483
0 640 494
0 520 655
1
1
0 500 682
0 681 640
1
1
0 231 692
1
0 518 701
1
0 650 703
0 651 518
1
1
0 393 650
0 400 317
1
0 650 520
1
1
0 480 323
1
1
0 513 378
0 658 704
0 499 681
1
0 518 384
0 399 658
0 640 650
1
1
1
1
0 648 524
0 440 496
1
0 647 648
0 494 640
1
1
1
1
1
0 388 659
1
1
0 382 324
1
1
0 430 379
0 318 647
1
0 586 696
0 656 318
1
0 646 525
0 647 646
0 515 647
1
0 639 705
0 645 393
0 506 397
0 511 706
1
0 682 499
1
0 524 707
0 683 515
0 320 500
0 642 524
1
1
0 650 708
1
0 525 601
1
0 585 660
0 383 525
1
0 436 639
1
1
1
0 505 642
1
0 657 526
0 500 399
0 483 602
0 643 682
0 525 709
1
0 646 518
