62
62
64
64
64
65
65
65
65
65
65
65
65
65
68
69
69
69
68
70
70
72
73
74
75
74
74
74
73
73
73
73
73
72
72
74
75
75
75
75
77
77
76
76
76
76
75
76
76
77
76
76
76
75
75
75
75
76
76
76
76
76
78
80
81
80
80
82
82
82
81
79
79
80
80
81
81
81
80
80
81
81
81
82
82
83
83
83
83
83
81
81
81
81
80
79
79
78
77
77
77
78
78
77
76
76
77
77
77
79
79
80
79
78
78
80
81
80
77
77
77
77
77
78
78
78
77
75
75
76
80
77
75
75
75
75
75
75
75
75
75
75
75
75
75
75
77
77
76
73
75
75
74
74
73
74
74
74
74
74
75
78
78
78
78
78
78
78
78
77
77
77
77
77
76
75
75
74
75
75
75
75
75
75
75
75
75
75
77
77
78
78
78
77
77
79
81
81
81
81
81
81
81
83
83
83
85
85
85
85
85
85
86
88
88
88
86
86
86
85
85
85
85
85
85
85
85
85
86
86
86
86
86
86
86
86
86
86
86
86
87
87
87
86
85
85
85
85
85
85
85
85
85
85
85
85
84
85
85
84
84
84
84
84
84
84
84
84
84
84
84
84
84
85
87
87
88
88
88
88
88
88
87
86
84
84
84
85
85
84
84
85
85
85
85
85
85
85
86
86
86
86
86
86
86
86
86
86
86
86
87
86
85
84
84
85
85
85
85
84
85
86
86
86
85
85
85
84
84
84
85
84
84
84
84
84
85
85
85
84
86
87
87
87
88
88
88
88
88
88
87
86
86
86
86
85
85
85
85
85
85
86
87
87
86
86
86
86
91
91
89
89
89
89
87
92
91
92
92
92
93
92
91
91
90
90
90
90
90
89
89
89
88
87
88
89
89
87
86
85
85
86
86
86
86
86
85
85
85
85
86
85
84
84
84
84
84
84
83
83
84
84
84
87
88
88
88
88
89
89
89
89
89
90
90
89
89
88
88
88
88
88
89
91
91
91
91
91
91
89
89
89
89
89
88
88
88
86
86
86
89
89
88
90
90
89
91
93
94
94
94
93
92
92
91
89
89
89
89
89
87
87
87
88
88
89
89
89
89
89
88
88
88
88
88
88
88
88
88
88
89
89
89
89
89
89
89
87
86
86
86
86
87
87
87
88
88
88
89
89
89
89
89
89
89
90
89
89
89
89
89
89
89
87
87
87
87
86
84
84
84
84
84
81
82
83
83
83
85
85
85
85
85
84
86
86
86
85
85
86
87
87
87
87
87
87
87
87
87
87
89
88
88
88
88
89
82
82
82
82
82
86
86
87
87
87
86
86
86
86
86
86
86
86
86
86
86
87
88
88
88
88
88
88
87
87
87
87
87
87
87
87
86
86
86
86
86
86
86
86
86
86
89
89
88
90
91
94
94
94
94
95
95
95
94
94
92
92
92
92
91
91
89
89
89
89
89
88
89
89
89
89
88
88
88
87
88
88
88
88
88
88
88
89
89
89
89
88
88
88
88
86
86
86
86
86
86
86
86
83
82
81
81
81
81
82
82
80
80
80
80
80
80
80
81
83
84
84
84
84
84
85
85
85
85
85
85
85
86
86
86
86
86
86
86
86
86
86
86
86
86
86
86
86
87
87
87
87
87
86
85
85
84
84
84
83
83
83
83
84
84
84
84
84
82
82
82
82
81
80
80
80
83
83
84
84
84
85
87
87
87
88
88
88
88
88
88
88
88
88
88
88
86
86
86
87
87
86
87
87
87
90
90
90
90
90
89
89
87
87
89
90
89
91
91
91
91
91
90
90
90
90
90
89
89
89
89
89
89
89
89
89
89
89
88
86
88
88
90
90
89
90
91
91
90
90
91
91
91
91
91
91
91
91
91
92
92
92
91
91
91
91
92
92
92
92
90
90
90
89
89
89
90
90
90
90
90
90
90
90
88
89
88
88
87
86
86
86
86
86
86
86
86
85
85
85
86
86
86
86
86
86
87
87
86
86
86
86
86
86
87
88
89
88
88
88
87
86
87
88
88
88
88
88
88
88
87
88
91
91
91
91
91
91
91
91
91
91
91
91
91
90
90
89
89
89
89
89
88
88
88
92
91
91
92
92
93
93
93
93
93
93
93
94
94
93
93
93
92
92
92
92
93
93
93
91
92
92
92
92
92
92
92
94
94
93
93
93
93
94
94
94
94
94
92
92
92
92
92
91
91
91
91
91
91
91
91
91
91
91
92
92
91
91
91
90
90
90
90
90
