640
640
643
643
643
644
644
644
644
644
643
643
643
643
639
640
640
640
640
640
640
640
640
639
639
639
639
639
639
640
640
639
639
639
636
636
636
636
635
635
636
636
636
636
636
637
638
638
638
638
638
638
638
638
638
638
637
638
638
639
639
639
639
639
639
639
639
639
639
640
641
642
642
641
641
643
643
643
643
643
644
644
643
643
643
643
643
643
642
642
640
640
640
640
640
640
636
636
636
635
635
636
636
636
636
636
636
634
634
635
635
636
637
637
637
638
638
637
637
637
637
637
637
638
637
637
637
637
636
637
637
637
637
637
637
636
636
636
636
636
637
639
639
638
638
638
636
636
636
636
636
635
636
634
634
634
632
633
634
634
634
635
634
634
635
635
633
633
633
633
636
636
636
636
636
636
636
636
637
637
637
638
638
638
638
640
640
641
641
641
641
641
641
641
641
640
639
640
640
641
640
639
639
639
640
638
638
636
638
638
638
638
638
639
639
638
638
639
639
639
639
639
639
639
638
638
639
639
639
639
638
638
638
639
639
639
639
638
638
638
638
638
635
635
635
636
636
636
636
636
636
636
636
636
635
636
636
636
636
636
636
636
636
636
637
637
635
637
636
637
637
637
637
637
637
637
637
638
637
636
636
636
636
638
638
640
640
640
640
640
639
639
639
639
639
639
639
637
637
637
637
637
637
637
638
638
638
638
638
638
638
637
636
638
638
638
638
638
638
638
637
636
636
636
636
636
636
636
637
637
638
637
637
637
637
637
636
636
636
636
636
637
637
639
639
639
639
641
640
640
643
643
643
642
642
642
642
642
642
643
643
643
643
643
643
643
643
643
645
645
645
645
644
644
644
644
644
644
645
645
645
645
644
644
644
645
646
647
647
647
645
645
645
645
644
644
644
643
644
644
644
644
645
646
646
646
646
646
646
647
646
646
646
646
646
645
645
645
646
646
648
649
649
649
649
649
649
649
649
646
646
644
643
641
641
642
641
642
643
643
643
643
641
644
644
643
643
644
643
643
643
643
643
643
643
643
643
643
642
642
642
642
642
642
642
642
641
641
640
640
641
641
641
640
640
642
644
644
645
646
646
646
650
651
651
651
651
651
651
652
652
652
652
652
652
652
652
652
652
652
653
653
653
654
654
654
654
654
655
654
654
654
654
654
653
653
653
652
652
652
653
653
653
653
653
653
653
653
653
653
653
654
654
654
654
653
653
653
653
653
653
653
653
652
652
652
652
652
652
652
651
651
651
652
652
653
654
654
654
654
654
654
654
654
654
654
654
653
653
653
653
652
652
652
653
652
652
652
652
652
651
651
652
653
653
653
653
653
655
652
652
653
653
653
653
652
652
652
652
652
652
652
652
653
653
653
653
653
653
654
652
652
653
653
653
653
654
654
654
654
654
654
654
655
655
655
654
654
654
654
654
654
654
654
654
654
654
654
654
654
654
654
654
654
654
654
654
654
651
653
653
653
654
654
653
653
653
652
652
652
652
652
651
651
651
651
653
652
651
651
650
650
649
649
650
650
650
653
653
653
652
654
654
654
654
654
655
655
656
657
657
658
658
658
658
658
658
660
660
660
660
660
660
660
659
658
658
658
658
658
658
658
658
658
658
658
658
658
659
659
659
659
659
659
659
660
660
660
660
660
660
660
660
660
660
660
661
661
661
661
661
662
663
663
662
662
662
662
662
662
661
661
661
661
662
663
663
663
663
664
664
662
662
662
662
660
660
662
661
661
661
661
661
662
662
662
661
659
659
658
658
659
659
659
659
659
659
659
659
659
661
661
661
661
661
660
660
659
657
658
658
658
658
658
659
659
657
657
658
659
661
661
662
662
662
660
660
660
660
660
660
659
659
659
659
659
659
659
659
659
659
659
659
659
658
658
658
658
658
658
658
658
658
658
658
658
658
658
658
658
658
658
658
659
659
659
658
658
658
658
656
657
657
657
657
657
657
654
654
654
654
652
652
651
651
651
651
649
649
649
649
650
650
650
650
649
649
649
649
650
649
649
649
649
649
649
649
648
648
648
649
649
649
650
650
650
650
650
650
649
649
649
649
649
650
649
644
644
644
645
645
645
645
645
645
645
645
645
644
644
645
645
645
646
646
646
647
647
647
646
644
644
644
644
641
641
641
642
642
642
642
642
644
644
644
644
644
644
645
646
647
648
649
649
649
647
647
647
648
649
649
649
649
651
651
651
651
651
651
651
648
650
651
651
652
652
652
651
651
651
651
652
651
651
651
651
651
651
650
650
