360
361
361
363
363
364
366
370
368
368
367
367
367
366
368
368
368
368
368
368
368
368
368
368
368
368
368
367
367
367
367
367
366
366
367
367
366
365
367
367
367
367
367
368
368
368
368
370
369
369
369
369
368
368
368
367
367
367
367
368
368
368
367
366
366
366
368
368
369
369
371
371
371
371
371
373
374
374
378
382
384
386
388
388
390
391
391
392
392
393
393
393
393
393
393
393
393
392
392
392
392
395
397
397
399
399
399
399
399
399
399
400
400
400
399
401
401
401
401
401
401
401
403
403
403
405
405
405
404
404
404
404
402
402
402
403
402
401
400
401
399
398
398
398
396
398
400
400
402
402
404
406
407
407
407
407
408
408
407
407
407
407
407
407
408
409
408
408
408
408
408
408
408
408
408
409
409
409
407
407
407
407
407
407
407
407
407
407
408
408
410
410
408
409
409
409
409
409
409
408
408
406
406
405
405
405
406
406
406
406
405
407
407
407
407
406
406
406
408
413
411
411
411
411
410
410
410
410
410
410
410
410
410
410
410
410
410
412
411
411
412
412
412
412
414
414
414
415
415
416
417
417
417
417
417
417
416
416
415
415
415
415
415
415
415
415
415
418
418
421
421
421
421
421
424
424
424
423
424
425
425
425
426
426
426
426
427
427
427
427
427
427
427
426
425
425
425
424
425
425
425
425
425
425
425
425
425
425
426
426
426
426
426
426
426
426
426
426
426
427
427
427
425
426
425
427
427
427
426
425
425
424
425
425
425
426
426
426
425
425
424
424
424
424
424
425
427
427
428
427
428
428
428
429
429
429
428
429
429
429
429
430
430
428
428
428
428
428
428
428
428
429
429
429
429
429
429
429
428
429
429
429
429
430
430
430
430
430
430
430
430
430
430
431
431
432
432
434
434
434
436
436
436
436
436
433
433
431
431
432
432
431
431
431
426
426
426
426
426
426
426
426
427
427
428
426
426
426
426
426
426
426
426
426
426
426
426
426
426
428
431
432
432
435
435
435
435
434
434
434
434
434
435
435
433
433
433
433
433
433
433
433
433
433
436
438
438
438
438
439
439
439
439
439
439
439
439
437
437
436
436
437
437
438
438
438
438
437
438
438
439
438
439
439
439
439
438
438
438
438
438
438
438
437
437
437
437
438
438
438
437
437
436
436
436
436
437
437
437
436
438
438
437
437
441
440
440
440
440
442
441
441
441
441
441
441
441
441
442
442
442
442
442
442
443
443
445
445
445
444
444
444
442
440
440
440
440
440
440
439
439
439
439
439
440
441
441
440
440
440
440
440
441
441
444
444
444
444
445
445
445
446
446
446
446
446
445
445
445
445
445
445
443
443
442
442
442
443
443
443
443
443
443
443
442
441
441
441
441
441
441
441
441
442
442
442
442
443
442
442
442
442
443
443
443
443
443
443
443
442
442
442
442
442
442
442
442
442
442
443
444
444
445
445
445
445
445
444
444
444
444
444
444
444
444
444
442
442
440
440
441
442
444
444
444
444
445
447
447
447
447
448
446
446
446
446
446
446
446
445
446
446
445
445
446
446
446
446
447
446
445
443
441
441
441
440
438
437
437
437
437
437
437
436
436
436
436
436
436
436
436
436
436
436
436
435
436
436
437
437
436
436
436
436
436
436
436
436
435
435
435
437
437
437
436
436
436
436
434
432
431
431
430
429
429
428
429
429
429
429
429
431
432
432
432
432
432
432
432
432
432
432
432
432
432
433
433
433
433
432
432
432
432
432
432
433
433
433
433
433
433
433
433
433
432
431
432
432
433
433
435
435
435
435
437
438
437
436
436
436
436
438
438
438
438
440
440
440
440
439
439
439
439
439
439
439
438
438
437
437
437
437
437
436
436
436
436
437
436
436
436
436
436
436
436
436
436
436
436
436
437
436
437
437
437
437
437
439
439
439
439
439
438
438
437
435
435
435
435
435
435
435
435
435
435
435
434
434
433
433
433
433
435
435
435
435
435
436
436
436
436
436
436
436
436
436
436
437
436
435
433
433
433
434
434
434
435
436
434
434
437
436
436
435
434
434
434
434
434
435
434
434
434
434
434
434
433
433
433
433
433
433
432
432
432
433
433
433
433
435
435
435
436
439
439
437
438
438
438
438
438
439
439
439
439
438
438
438
438
438
439
439
439
441
442
442
442
441
441
441
443
445
446
446
445
444
445
445
445
445
445
445
445
445
445
445
445
447
447
447
446
447
447
447
448
448
448
448
448
448
448
448
448
447
446
447
447
449
449
449
