627
627
629
629
629
629
629
629
630
630
630
630
630
630
630
630
630
629
629
629
628
628
628
628
628
628
628
628
628
628
628
628
628
628
628
628
630
630
630
630
630
631
631
630
629
627
627
628
628
630
630
632
632
632
632
632
631
634
634
634
634
634
634
634
634
634
634
634
633
633
633
633
633
633
633
633
633
632
632
632
632
631
631
631
631
631
631
631
631
631
631
631
630
630
630
630
632
632
632
632
632
630
630
630
630
630
631
633
633
633
636
635
635
635
635
633
633
633
633
631
631
631
631
631
630
630
630
630
630
630
629
629
629
630
632
632
632
633
634
632
632
632
633
633
633
634
635
635
634
634
635
635
635
636
636
636
636
636
636
636
636
636
636
637
637
637
636
635
636
635
635
634
634
635
635
635
635
635
633
633
635
634
634
636
637
637
637
638
638
638
638
638
638
638
637
636
636
635
635
638
636
637
638
638
638
638
638
638
638
638
638
637
637
637
639
639
638
637
639
639
639
638
638
638
638
638
638
638
638
638
640
640
642
641
642
643
643
643
643
643
643
643
644
644
644
644
645
645
645
645
645
645
645
646
646
647
647
647
647
647
646
645
645
645
645
646
645
645
645
648
648
648
648
648
648
648
647
647
647
648
647
647
647
647
647
647
648
648
648
647
646
646
647
648
648
648
647
647
650
651
651
652
651
651
652
651
651
648
648
647
648
649
648
647
647
647
645
646
646
646
646
646
647
649
649
647
647
647
648
650
649
649
649
649
649
649
649
649
648
648
648
650
649
649
649
649
649
650
650
650
649
649
650
650
650
650
650
650
650
650
650
650
649
649
648
648
648
647
647
647
645
646
646
646
646
646
646
646
648
648
648
648
648
648
648
648
648
649
650
650
650
651
653
654
654
654
655
655
656
655
654
654
654
654
657
657
658
658
658
658
656
656
657
657
657
659
659
659
659
659
660
659
658
658
658
658
658
656
654
654
654
654
654
654
654
654
654
654
654
655
655
655
656
656
655
655
655
655
655
655
654
654
654
655
655
655
655
655
656
656
655
655
655
655
654
656
656
655
654
651
651
651
651
651
653
649
649
649
649
649
649
649
649
649
649
649
649
649
649
648
648
648
648
648
648
648
648
648
648
648
648
648
648
648
648
648
649
649
650
650
653
653
653
653
652
652
652
651
651
651
654
654
654
653
652
652
654
654
653
652
653
655
655
655
655
655
655
655
656
656
656
656
656
656
656
656
656
656
656
656
658
658
658
658
658
658
659
659
659
659
659
659
659
659
659
659
659
659
659
659
659
659
658
656
656
656
656
657
657
657
658
658
658
658
658
659
657
657
658
659
659
659
660
660
660
660
660
660
660
660
660
660
659
659
659
659
657
657
657
658
658
658
658
657
657
657
657
656
655
655
655
655
655
655
655
655
655
655
655
655
655
655
655
656
656
657
657
657
657
656
656
656
656
656
656
656
656
656
656
656
656
656
656
657
657
657
657
656
656
656
656
656
655
655
655
655
655
655
655
655
655
655
655
654
654
654
654
654
656
656
656
656
657
657
657
657
657
656
656
657
657
657
658
658
658
656
656
656
656
659
659
660
660
660
660
660
659
659
659
659
659
661
661
661
661
661
662
662
662
662
662
660
659
658
658
658
659
658
658
658
658
658
657
656
655
655
654
653
654
654
654
654
654
652
652
653
655
655
655
655
655
656
656
659
658
658
658
658
658
658
658
658
658
659
660
660
660
660
660
661
661
661
661
661
661
661
661
661
661
661
661
661
661
660
660
660
660
660
660
660
660
660
660
660
660
660
661
661
661
661
661
661
662
664
664
664
664
666
667
665
665
665
665
664
664
665
665
665
665
667
667
667
666
666
666
666
666
665
664
664
664
664
664
664
664
663
663
663
663
663
663
663
663
663
663
662
664
663
663
661
661
660
660
660
660
659
660
660
660
660
660
660
660
659
661
661
662
662
662
662
662
662
662
662
662
662
662
662
662
663
662
662
662
662
662
662
663
663
662
661
661
661
660
658
658
658
658
658
658
658
658
658
658
658
659
659
659
658
658
658
658
658
658
659
659
659
659
659
659
659
659
661
661
661
662
661
661
661
661
661
662
662
662
662
662
662
662
663
663
662
662
662
662
662
662
662
662
662
661
661
661
660
660
660
660
659
661
661
661
661
662
662
662
661
661
661
661
661
660
660
660
660
660
660
660
660
660
660
660
660
659
659
660
660
660
660
659
659
659
659
659
659
659
659
659
659
659
659
659
659
