100 1000 2000
480 205 132 403 258 640 879 278 595 575 746 734 253 479 607 602 872 869 387 657 177 706 593 119 978 506 443 416 556 944 157 759 709 240 928 385 743 765 85 301 867 920 905 492 397 606 113 581 200 462 674 994 380 535 835 783 615 17 770 840 408 937 242 286 185 354 893 61 559 381 814 546 428 925 76 755 565 325 413 890 897 963 591 424 204 561 515 66 697 541 126 767 170 885 168 155 738 523 550 753
0 835 417
0 278 675
1
1
0 61 516
1
1
1
0 755 67
0 559 355
1
1
0 869 547
0 767 206
1
0 413 418
0 462 562
0 607 582
0 565 382
0 240 641
0 706 906
0 480 243
0 66 616
1
0 595 642
1
1
1
0 867 398
1
1
0 925 698
0 616 383
0 523 207
0 641 938
1
0 381 873
1
1
1
1
1
0 547 921
1
1
0 674 874
0 535 641
0 642 603
0 354 784
0 872 922
1
1
1
0 206 592
0 879 120
1
1
1
0 963 841
0 516 658
1
1
0 443 419
0 479 158
1
0 734 356
1
0 418 287
0 385 399
1
1
1
1
1
1
0 170 642
1
0 424 939
1
1
0 325 186
0 890 643
0 641 357
1
1
1
0 928 875
1
0 357 563
0 581 659
1
1
0 416 400
1
1
1
1
1
1
0 875 551
1
1
0 242 201
0 556 660
0 428 739
0 784 77
1
1
1
0 397 516
1
0 515 547
0 770 288
0 562 604
1
1
0 380 187
1
0 582 548
0 743 159
1
0 258 907
0 187 979
1
0 660 244
1
1
0 643 302
1
1
0 399 507
1
1
0 541 549
0 697 908
0 885 121
1
0 739 923
0 604 133
0 185 641
0 921 552
0 658 921
0 382 114
1
1
0 753 842
0 387 784
0 944 404
1
1
0 552 78
1
0 549 940
0 548 254
1
1
1
1
1
0 905 357
1
0 159 245
1
0 550 607
0 746 875
0 200 608
0 659 643
1
1
0 157 508
0 201 594
1
0 400 548
1
0 940 255
0 642 289
1
1
0 253 616
1
0 204 549
0 937 843
0 841 169
0 608 68
0 908 940
1
0 594 924
1
1
1
1
0 508 608
1
0 85 908
0 17 785
0 355 508
1
1
0 607 187
1
0 640 517
0 126 894
0 289 710
0 207 980
0 979 617
0 657 418
1
0 517 289
1
0 643 405
1
1
1
0 244 844
0 403 925
1
0 78 406
0 186 303
0 383 358
1
0 548 926
0 67 550
0 894 188
1
0 357 876
0 301 407
0 551 618
1
1
0 738 551
0 303 78
1
1
1
1
1
0 591 576
0 113 927
0 940 420
1
1
0 286 877
0 155 898
1
1
1
1
1
1
0 994 122
1
0 616 493
0 289 421
1
1
1
1
0 420 577
0 939 552
0 563 594
0 254 595
1
1
1
0 675 159
1
1
0 158 303
1
0 698 409
1
1
0 783 596
0 205 928
1
1
0 407 619
0 923 979
0 120 786
0 759 760
0 619 929
0 408 981
1
0 506 982
0 78 939
0 615 983
1
1
1
1
1
1
0 596 761
1
0 603 878
0 877 923
0 938 244
0 921 562
1
1
1
0 617 289
1
0 897 877
0 908 509
0 550 984
0 920 120
1
0 876 766
0 786 304
0 303 596
1
0 493 290
0 169 123
0 608 160
0 304 134
0 405 940
1
1
1
0 928 135
1
1
0 289 553
0 575 894
1
0 134 607
0 159 124
0 406 876
0 874 136
0 876 841
0 168 420
0 122 125
0 409 554
0 894 548
1
1
1
0 492 137
1
0 132 894
1
1
1
1
0 978 711
0 119 555
0 927 189
0 508 895
1
0 121 608
0 878 578
0 547 815
0 561 303
1
1
1
0 287 845
1
0 398 767
1
0 894 899
1
1
0 114 874
0 578 134
1
0 766 786
0 979 846
0 303 985
0 608 930
0 133 510
0 907 927
1
0 356 986
1
1
0 602 126
1
0 709 928
0 929 847
0 930 608
1
0 618 894
1
1
1
1
0 551 597
1
0 358 289
1
1
1
0 597 876
0 765 987
1
0 137 988
1
1
1
0 845 609
1
1
1
0 123 556
1
0 160 929
1
0 125 508
1
0 554 848
0 841 930
0 289 291
1
0 876 878
1
0 844 550
0 508 989
1
0 553 597
0 939 246
0 135 990
1
0 923 610
1
0 606 768
0 550 405
1
1
1
0 847 553
0 710 190
0 576 896
0 188 135
0 124 844
1
1
1
0 555 598
1
0 187 247
1
1
0 546 907
0 877 599
1
1
0 987 600
0 548 554
1
0 596 557
1
1
0 599 841
1
0 509 762
0 594 422
0 255 555
0 985 292
0 557 248
0 842 991
1
0 840 763
1
1
1
1
1
0 899 423
0 404 424
1
1
0 990 137
0 291 550
0 610 425
1
0 577 563
1
0 190 426
1
1
0 126 985
0 922 427
0 302 642
1
1
1
1
1
0 597 601
0 895 249
0 137 250
0 422 610
0 926 897
1
1
0 556 899
0 988 987
1
0 982 816
1
0 785 931
0 426 190
1
0 927 69
1
0 711 787
1
1
0 550 769
0 984 508
1
0 555 845
1
0 784 900
0 900 908
0 815 926
0 929 555
1
1
1
0 924 426
0 874 900
1
0 908 876
0 848 422
1
0 980 517
0 69 788
0 898 509
0 900 847
1
0 844 611
1
1
1
1
0 508 251
0 563 599
1
1
1
1
1
1
1
0 424 643
1
1
0 893 644
0 417 898
1
0 609 848
1
1
1
0 930 511
0 989 984
1
1
1
1
1
0 421 844
1
0 762 556
0 931 849
1
0 841 512
0 600 252
1
1
1
1
1
1
1
1
0 845 406
1
0 847 557
0 592 908
0 405 762
0 844 508
1
1
0 928 558
0 898 645
0 247 612
1
0 292 253
0 843 559
1
0 507 898
0 76 78
1
0 135 764
0 981 191
0 557 900
1
1
0 246 424
1
0 786 646
1
0 608 765
1
0 424 254
1
0 134 909
0 249 766
0 764 550
0 765 988
1
0 599 877
0 642 79
1
1
1
1
0 611 789
1
1
1
0 426 989
1
0 607 518
1
1
0 987 895
0 610 519
1
0 878 557
1
0 510 560
0 644 901
0 900 764
1
0 816 551
1
0 601 424
1
1
0 898 246
1
0 646 80
1
1
0 425 561
0 516 563
1
1
1
1
1
0 250 407
0 645 520
1
1
1
0 519 790
0 876 564
0 555 599
1
0 518 510
1
1
1
0 901 81
1
1
1
0 136 791
1
0 788 121
0 984 770
0 766 898
1
0 562 644
1
1
0 554 565
0 644 554
0 908 513
1
0 78 566
1
0 560 992
0 80 421
0 565 555
0 846 815
1
0 512 560
1
0 899 408
1
0 897 178
0 769 878
0 598 642
0 563 600
1
1
0 244 247
1
1
0 599 514
1
1
1
0 191 562
1
1
1
0 986 244
1
0 514 986
0 873 425
0 407 426
1
0 767 879
0 550 78
0 787 816
0 508 249
1
0 768 69
0 561 409
0 510 594
0 816 428
1
1
0 986 250
0 424 429
1
0 894 990
0 248 424
0 763 80
1
0 989 927
1
1
0 985 561
0 594 928
1
1
1
0 178 763
0 290 82
1
0 249 430
1
0 561 792
1
0 509 431
0 642 880
1
0 246 432
0 253 246
1
1
0 177 897
0 770 771
1
0 791 433
1
0 926 899
0 814 289
1
0 549 561
0 566 765
0 406 122
0 289 908
0 895 521
1
1
0 521 900
1
1
1
0 906 772
1
1
1
1
1
1
1
1
1
0 120 434
0 789 563
0 612 910
1
0 990 248
1
0 910 435
1
0 246 565
0 432 566
0 251 432
1
1
1
1
1
0 562 289
1
1
1
1
0 983 644
0 559 436
1
1
0 428 766
0 552 437
0 763 881
1
0 848 255
0 434 428
1
1
1
1
0 766 438
1
1
0 561 439
0 771 559
1
0 551 440
1
1
1
1
1
0 641 434
0 408 512
1
0 897 521
0 81 901
0 878 567
0 880 882
0 429 191
0 927 251
0 190 816
1
0 435 926
0 289 410
0 875 81
0 553 568
1
0 992 793
1
0 568 253
0 909 190
0 430 123
1
0 988 568
0 123 766
1
0 512 70
1
0 247 256
0 420 561
1
0 419 767
0 900 429
0 78 257
0 288 562
1
0 772 441
0 81 768
1
0 908 763
1
1
0 556 769
0 439 556
0 881 569
1
1
1
1
0 69 258
0 815 570
1
1
1
0 79 878
0 248 78
0 554 770
1
1
0 793 192
0 567 79
0 191 771
1
1
0 431 193
1
0 879 596
1
1
1
1
1
1
0 593 908
0 926 430
1
1
1
1
1
0 644 817
0 849 791
0 254 793
0 430 772
1
1
1
0 521 773
1
1
1
1
0 78 571
0 767 794
1
0 433 567
0 928 254
0 121 795
1
1
1
1
0 595 69
0 426 572
0 82 81
1
0 424 767
1
1
0 766 411
1
1
1
1
1
1
0 434 433
0 81 412
0 770 573
1
0 432 574
0 80 575
1
1
0 772 259
0 256 439
0 767 518
0 793 818
1
0 560 519
0 899 926
1
1
1
1
1
0 422 766
0 563 256
0 243 563
1
0 766 560
1
0 762 576
0 520 434
0 511 78
0 816 577
1
1
1
0 428 442
1
1
1
1
1
0 410 578
0 409 579
1
1
0 771 879
0 434 580
0 877 581
0 577 260
0 570 261
0 244 570
0 773 774
1
1
0 436 71
1
0 769 443
0 573 601
0 261 80
0 418 573
0 70 444
1
0 444 577
0 258 902
1
0 256 582
1
0 908 796
1
0 560 766
1
1
0 192 258
1
1
1
0 442 883
1
0 566 884
1
0 884 767
0 423 422
0 438 880
1
0 190 927
1
1
0 556 81
0 581 82
0 567 903
0 255 819
0 440 520
1
0 421 602
0 68 581
0 571 261
1
1
1
1
0 576 571
1
0 561 83
0 258 262
1
0 602 797
0 261 583
1
1
1
1
1
1
1
0 80 255
1
0 765 514
1
0 77 793
0 255 884
0 78 255
0 768 798
1
1
0 433 904
1
0 575 885
0 262 556
0 901 261
0 122 799
1
0 764 584
0 518 560
1
1
0 885 881
1
1
0 898 775
1
1
0 896 575
1
0 253 820
0 907 190
1
0 564 800
1
0 766 428
0 882 905
0 775 576
1
1
1
0 257 821
0 245 585
0 562 430
1
1
0 574 644
1
0 571 561
0 883 906
1
1
1
0 596 440
1
0 600 586
0 250 645
1
1
0 570 253
1
0 425 191
1
0 820 256
0 904 570
0 580 257
0 582 801
0 798 646
1
1
1
1
0 643 431
1
0 761 798
1
0 422 882
0 259 580
1
1
0 906 258
0 514 80
0 555 761
0 761 802
0 411 928
0 800 803
0 646 906
0 443 800
1
1
0 256 820
1
1
0 577 582
1
0 437 646
1
0 427 262
1
1
0 819 521
1
1
0 568 587
0 800 804
1
1
0 794 800
1
0 790 883
1
1
0 255 588
1
0 767 929
1
1
1
1
0 820 930
1
1
1
1
1
1
0 818 432
1
1
0 902 589
0 903 647
0 560 805
1
0 760 192
0 881 590
1
0 251 562
1
1
1
0 928 931
0 81 806
1
1
1
0 190 602
1
0 774 577
0 647 591
0 570 72
0 798 592
1
0 431 560
0 583 574
0 254 593
0 586 647
1
1
1
1
1
0 519 263
1
0 647 648
1
1
1
0 441 798
1
0 585 881
0 253 431
1
0 412 807
0 261 441
1
1
1
0 558 564
1
0 601 566
1
0 580 558
1
0 602 567
1
1
0 565 259
0 644 594
1
1
0 798 808
0 791 565
1
1
0 906 932
1
0 263 568
1
1
0 193 522
0 591 885
1
1
0 991 933
0 882 591
1
0 591 570
0 581 809
1
1
0 567 571
1
0 572 567
0 799 572
1
0 566 193
0 797 810
0 821 566
1
1
0 806 906
1
1
1
1
1
0 432 811
0 817 194
0 559 580
1
1
1
1
0 807 806
0 79 84
1
1
0 802 581
0 885 583
1
0 440 882
0 572 928
1
1
1
1
0 801 195
0 926 572
0 928 941
1
0 431 934
0 84 797
0 564 196
1
0 930 197
1
0 576 70
1
1
0 804 576
0 567 261
1
0 568 812
0 69 564
0 558 585
1
1
1
1
0 82 263
0 812 264
0 522 586
0 557 518
0 194 514
1
1
1
0 881 591
1
1
1
1
0 252 935
0 593 595
0 573 519
1
0 810 190
0 878 84
1
0 579 807
0 190 936
0 520 515
0 925 593
0 590 928
0 796 85
1
1
1
0 519 930
0 197 431
1
0 645 567
1
1
1
1
1
1
1
1
0 880 812
0 882 194
0 196 590
0 85 196
1
1
1
0 577 190
0 567 568
0 933 442
1
0 646 933
1
0 936 885
1
1
1
0 811 567
1
1
1
1
1
1
1
0 260 197
0 562 519
0 190 260
1
1
1
1
0 264 886
0 803 264
1
1
1
1
0 517 596
0 569 597
1
1
1
1
1
1
0 795 810
0 648 520
1
0 906 432
1
1
0 930 598
0 592 794
1
1
0 593 522
1
1
0 595 198
0 793 73
1
1
1
1
0 941 592
0 263 801
0 596 190
1
0 570 74
1
0 556 523
1
0 191 524
0 565 811
1
0 883 593
1
0 522 199
0 428 936
1
1
0 794 525
1
1
1
1
1
0 264 937
0 571 516
0 432 938
1
1
1
1
1
0 578 263
0 442 573
0 809 81
1
1
1
1
1
0 520 200
0 575 809
1
1
0 200 432
0 563 75
0 257 526
1
0 584 527
1
0 525 528
0 572 939
1
0 582 599
1
1
0 524 85
1
0 83 529
0 933 582
1
1
0 73 595
0 196 86
1
0 564 600
1
0 597 577
1
0 591 196
1
1
1
0 598 941
1
0 809 440
0 72 584
1
0 566 942
1
0 81 591
0 811 764
0 879 530
0 586 596
0 935 906
0 262 76
1
1
0 196 200
0 567 597
0 937 191
1
1
1
1
1
0 194 196
0 514 937
1
1
1
1
0 528 586
0 587 813
0 805 587
0 193 77
1
1
0 258 598
0 886 87
1
1
1
0 86 809
1
0 527 514
1
0 797 517
1
1
1
1
1
0 431 601
0 810 602
0 583 520
1
0 800 78
0 885 262
1
1
1
1
1
1
0 596 603
1
0 198 596
1
1
0 938 431
0 74 522
1
1
1
1
1
1
0 792 604
1
0 431 810
0 587 938
0 517 198
1
0 80 605
1
0 195 531
1
0 260 943
0 801 86
1
0 589 606
0 928 88
1
1
0 606 814
1
1
1
1
1
1
0 576 587
1
1
0 603 431
1
1
0 597 603
1
1
0 592 517
0 76 562
0 940 563
0 590 935
1
1
1
1
1
1
1
0 529 79
1
0 809 944
1
1
0 261 809
1
1
1
0 938 606
0 814 583
0 198 607
0 593 264
0 519 524
1
0 812 608
0 197 564
0 594 940
1
0 584 589
0 75 193
1
1
1
1
1
1
1
0 589 609
0 71 201
0 586 938
0 598 945
0 607 946
0 514 569
0 259 565
1
0 192 947
1
0 600 811
1
1
1
0 583 948
1
1
0 577 812
0 518 525
0 526 814
1
0 517 610
1
1
1
0 937 607
1
1
0 440 433
1
0 606 949
1
0 599 907
0 582 526
0 573 192
1
0 77 950
1
0 196 908
0 939 527
1
1
0 905 592
1
0 192 89
1
1
1
0 931 532
0 806 90
0 607 593
0 531 91
0 439 937
1
0 523 606
1
1
1
0 580 597
1
0 945 92
0 561 575
0 92 815
1
1
0 950 945
1
0 943 582
0 515 265
1
0 79 939
1
0 605 523
1
1
0 88 583
0 70 192
0 78 885
0 932 943
1
1
1
0 939 950
1
0 929 434
0 606 605
1
0 602 951
1
0 574 442
0 442 939
1
1
0 907 533
1
1
1
1
1
0 581 816
0 592 952
0 569 194
0 945 817
0 190 528
1
0 560 765
1
0 593 953
1
1
0 810 928
0 84 766
0 952 435
0 603 767
1
1
0 522 529
0 527 266
0 265 566
1
1
1
1
0 817 818
0 934 195
0 85 88
0 763 611
1
0 434 576
1
0 940 819
0 513 886
0 764 817
0 813 534
0 90 202
0 582 577
1
1
1
1
0 532 813
1
0 86 810
1
1
1
0 591 820
1
1
1
1
0 941 527
0 441 90
1
1
1
1
0 191 606
0 195 567
0 200 887
1
0 567 578
1
1
0 887 434
0 811 267
1
1
1
0 587 612
0 433 567
1
0 88 268
1
1
1
0 566 598
1
0 906 607
1
0 534 569
0 598 952
1
1
1
0 943 92
1
0 523 887
0 569 534
1
0 947 613
1
1
1
1
0 199 954
0 595 821
0 567 955
1
1
1
0 597 195
1
0 955 531
1
0 91 597
0 194 955
0 611 265
1
0 816 909
1
1
1
0 821 566
1
1
0 937 614
1
1
1
1
1
1
1
0 534 532
0 765 436
1
0 820 945
0 577 579
1
0 809 820
0 908 569
1
0 884 534
0 516 809
1
0 436 816
0 435 956
0 766 888
1
0 954 615
1
1
0 92 522
0 562 269
1
1
1
0 585 535
1
1
1
1
0 956 270
1
0 265 616
0 534 536
0 576 433
0 430 523
0 927 947
1
0 819 430
1
1
1
0 604 937
0 942 819
1
0 201 537
1
1
1
0 928 534
0 812 889
0 944 611
0 529 194
0 432 529
0 953 265
1
1
0 815 953
0 522 954
0 814 956
0 565 538
1
1
0 611 617
0 90 821
0 807 618
0 536 619
0 617 611
0 952 890
0 951 617
1
1
0 607 940
1
1
0 820 822
0 529 951
0 813 271
0 530 536
0 520 820
1
0 608 941
0 609 272
1
0 531 620
0 583 196
1
0 578 952
1
1
0 809 432
0 195 273
1
1
0 264 621
0 945 529
0 529 957
0 888 958
1
1
1
0 194 622
1
1
0 939 959
0 613 888
1
0 521 522
0 819 598
1
0 533 529
0 618 960
0 885 961
1
1
0 810 823
0 538 613
0 563 570
0 269 190
1
1
