700 1000 2000
428 113 409 702 793 254 501 108 645 821 314 548 568 908 6 372 530 166 4 107 942 948 285 238 764 641 738 224 922 788 183 625 13 122 429 396 609 103 728 413 586 15 443 93 955 661 320 933 670 840 457 984 258 895 500 829 581 610 136 621 647 762 175 622 355 807 510 824 473 10 735 927 335 365 171 822 834 790 613 14 233 880 560 687 454 201 295 437 476 823 45 561 160 772 145 977 729 331 356 587 389 970 198 181 994 404 859 582 892 42 92 748 811 555 322 212 272 263 7 458 459 816 691 768 520 121 361 600 741 571 65 524 507 152 276 333 513 492 939 347 642 75 304 139 115 245 460 694 149 388 174 70 791 698 129 858 961 435 475 463 550 284 71 847 518 84 564 96 755 623 784 863 615 137 896 159 916 33 305 684 241 951 54 48 461 911 852 666 836 638 753 552 589 425 574 189 432 148 297 242 16 251 804 877 730 527 248 659 980 488 207 85 567 321 168 553 244 959 232 938 260 565 808 427 313 472 744 614 853 634 309 146 716 783 747 700 163 543 156 38 683 682 346 225 591 74 1 270 98 394 815 605 474 931 701 366 901 494 133 300 604 172 73 993 288 280 338 685 889 440 39 580 828 318 914 26 478 731 359 590 296 576 546 864 633 535 57 990 188 965 653 966 229 873 912 89 393 686 47 63 138 273 144 323 21 255 650 957 221 775 884 943 619 820 983 806 177 223 929 433 766 724 743 291 770 202 813 301 833 592 780 46 871 712 733 307 343 566 890 77 920 421 182 972 72 969 930 817 398 141 663 595 992 997 505 264 234 131 332 179 83 919 584 996 671 722 794 861 12 529 214 635 569 669 101 978 952 170 827 509 449 542 954 935 125 607 386 746 879 471 695 953 721 903 292 436 336 390 490 799 452 401 128 385 422 944 757 598 537 130 654 572 869 397 856 976 776 259 381 883 577 904 689 215 340 855 465 480 37 36 707 760 142 727 268 841 839 151 897 765 143 932 350 658 499 627 771 3 498 899 789 545 445 989 483 69 377 868 737 192 662 231 451 608 132 216 379 455 415 726 287 265 900 777 176 249 913 80 593 512 97 616 842 539 24 281 61 423 230 999 211 805 64 578 711 924 275 585 830 769 516 643 902 164 153 79 696 917 406 525 866 418 708 28 985 441 387 797 714 742 22 106 521 239 5 551 573 453 710 30 846 603 739 60 497 298 481 496 257 482 448 25 678 495 971 697 439 374 414 119 862 709 945 837 124 104 599 283 341 90 368 334 874 637 438 720 673 349 825 782 383 2 786 819 35 43 558 692 485 155 636 367 703 680 640 408 40 357 112 17 450 271 519 442 55 362 399 402 88 675 893 210 785 602 534 649 466 186 95 756 538 557 306 533 337 403 252 915 416 203 205 563 706 328 579 719 918 982 430 906 725 23 302 235 941 925 236 851 339 665 76 832 936 870 962 81 165 358 511 668 208 426 412 116 417 44 199 237 657 767 486 66 127 226 679 197 27 886 278 949 19 8 464 489 469 991 508 319 974 274 718 410 778 803 200 105 562 975 62 140 114 674 29 963 420 713 998 672 378 411
0 604 973
1
1
0 396 477
0 33 405
1
0 602 554
0 930 779
0 422 547
1
1
0 19 639
1
0 473 575
1
0 16 56
1
1
0 951 58
1
0 852 688
0 295 419
0 682 588
1
0 889 11
1
1
1
0 319 773
0 486 781
0 386 123
0 436 514
1
0 598 628
0 592 644
1
1
1
1
1
1
0 938 193
1
0 837 422
1
0 599 787
0 75 592
0 919 261
1
1
0 387 522
1
0 641 282
1
0 670 117
1
1
0 581 118
0 954 641
0 72 763
0 121 16
1
1
0 249 49
1
0 830 99
1
1
0 84 660
0 346 629
0 452 690
0 728 693
1
0 657 979
0 76 424
0 999 431
0 925 31
0 160 84
1
0 805 194
1
0 64 981
0 224 160
1
0 743 937
1
1
0 739 857
0 439 919
0 690 324
0 519 434
0 762 479
1
0 937 452
1
1
1
0 897 549
1
0 423 467
0 811 986
1
0 729 818
0 633 950
0 107 795
0 280 596
0 815 342
1
1
1
1
1
1
0 635 484
1
1
1
1
0 893 826
0 166 240
1
0 619 82
1
1
0 132 262
0 54 384
0 106 41
1
1
1
1
0 103 256
1
1
1
0 791 792
1
0 748 67
1
1
0 716 774
1
0 143 444
0 567 556
0 689 266
1
0 993 624
0 328 699
1
1
0 282 462
1
0 476 664
1
0 864 517
1
0 339 715
1
1
0 115 400
1
1
0 65 243
0 223 964
0 232 50
1
1
0 684 360
1
0 10 723
1
1
0 459 209
1
1
1
0 829 667
0 12 339
1
1
0 80 875
0 234 344
1
1
1
0 941 704
0 165 213
0 979 51
1
1
1
0 164 100
0 534 676
0 874 502
1
1
1
0 88 979
0 117 456
1
1
0 29 423
0 715 635
1
0 192 436
1
1
1
1
1
0 517 829
1
1
0 40 267
1
1
0 39 204
1
0 779 791
0 318 670
1
1
0 444 581
1
0 242 954
0 394 345
0 77 299
1
1
0 350 143
0 95 677
0 857 681
1
0 789 303
1
1
1
1
0 719 308
0 790 630
0 159 491
1
0 337 346
0 900 102
0 303 249
0 61 956
0 698 86
1
0 273 967
0 189 987
1
0 138 682
0 22 195
0 85 87
1
1
1
0 398 29
1
0 281 611
1
0 399 52
1
1
1
1
1
0 62 493
1
1
1
1
1
0 188 988
1
0 965 852
1
0 765 779
1
0 87 486
1
0 204 12
0 450 789
0 746 930
1
0 226 993
1
0 275 559
0 495 269
1
0 102 689
1
0 438 337
1
1
1
0 688 684
1
0 932 798
1
0 171 705
1
1
0 952 154
1
0 356 790
0 361 217
1
0 28 688
1
0 4 386
0 21 690
1
1
1
0 160 597
1
0 994 594
0 721 881
0 667 407
1
1
0 687 273
1
1
0 997 830
1
1
0 964 184
1
1
0 101 361
0 163 646
0 16 872
1
0 828 387
0 139 101
1
1
1
1
1
1
1
0 278 303
1
0 416 698
0 757 864
1
1
0 625 348
1
1
1
1
0 516 28
0 819 843
0 24 958
0 502 835
1
0 508 534
0 414 363
1
0 143 867
1
1
1
1
1
1
0 650 226
1
0 707 796
0 435 800
1
0 669 310
1
0 291 801
1
0 718 138
1
1
0 344 275
1
0 998 715
0 914 246
0 962 277
0 129 687
0 522 106
0 696 531
1
0 530 414
1
0 677 617
0 870 802
1
1
0 283 380
1
0 494 994
0 50 598
0 130 728
0 598 960
0 145 540
1
1
0 314 612
0 113 995
1
0 428 185
0 263 502
0 15 178
1
0 427 805
0 801 416
1
1
1
1
0 426 344
0 379 814
0 683 364
1
1
0 424 707
1
1
0 347 204
1
0 31 263
1
1
0 945 801
1
0 490 631
0 781 218
1
1
1
0 577 242
0 475 809
1
1
0 63 522
0 864 311
0 588 696
1
1
0 154 350
1
0 784 286
1
0 783 854
1
1
1
0 877 844
1
0 138 577
1
1
1
0 675 544
1
1
1
1
1
0 966 515
0 817 598
0 913 997
0 595 369
1
1
1
0 642 370
0 582 232
0 995 289
1
1
0 994 860
1
1
1
0 976 828
1
1
1
1
0 123 625
1
0 836 781
1
1
0 44 864
1
1
1
1
1
1
1
0 565 595
0 433 371
0 625 732
0 529 325
1
0 217 424
0 13 783
0 273 734
0 199 655
0 181 784
1
0 919 475
0 349 667
0 629 810
0 29 570
1
0 116 487
0 221 582
1
0 686 811
0 74 473
1
0 232 683
0 303 729
0 822 132
1
1
0 996 444
1
1
1
0 241 736
1
1
1
0 14 494
0 365 812
1
0 92 426
1
0 631 716
1
1
0 959 206
1
0 701 427
1
0 742 815
0 607 817
0 929 937
0 289 606
0 81 836
1
1
0 411 994
0 611 565
0 853 528
0 310 932
0 11 347
0 174 865
1
1
1
0 982 819
1
1
0 649 217
0 6 541
0 609 567
1
1
1
1
1
0 551 289
1
0 747 748
1
0 194 642
1
1
1
1
1
1
1
0 443 629
0 568 53
1
1
1
1
1
1
1
0 835 995
1
0 332 976
1
0 600 490
0 215 147
1
0 699 885
1
0 813 138
0 770 583
0 793 503
1
1
0 781 134
0 615 428
1
0 606 54
0 345 59
1
1
0 912 813
1
0 483 669
0 994 326
1
1
0 525 196
0 323 781
0 484 495
1
0 442 982
1
1
0 779 686
1
0 981 845
1
0 285 107
0 304 848
0 372 905
1
0 473 365
0 429 793
1
0 867 675
1
0 448 588
1
1
1
1
1
0 983 822
0 522 391
0 380 80
0 726 411
0 320 273
1
0 339 853
1
0 577 483
1
1
1
0 733 72
0 786 577
1
1
0 555 429
0 308 356
0 151 349
0 340 433
1
1
1
1
0 457 392
0 527 129
0 131 372
0 383 241
0 170 459
0 93 109
1
0 774 831
0 954 959
1
0 444 379
0 480 835
1
0 744 380
0 451 994
1
1
0 428 837
1
0 827 838
0 623 677
0 976 887
0 363 897
1
1
1
1
0 831 599
1
1
0 899 215
1
0 53 428
1
1
1
0 659 996
1
0 241 600
0 627 827
1
1
0 205 219
1
0 794 199
1
0 425 110
0 812 435
0 875 339
0 986 648
0 101 699
1
1
1
1
0 226 61
1
0 676 205
0 410 618
0 957 998
1
0 684 382
0 100 619
1
0 635 684
0 524 676
0 404 656
1
0 433 649
0 708 442
1
0 382 620
0 268 857
0 335 433
0 262 340
0 804 180
1
0 927 601
1
1
0 753 154
0 621 91
0 857 701
1
1
0 183 250
1
1
1
0 377 247
0 490 29
0 990 135
1
0 800 241
0 704 602
1
0 681 438
0 30 726
0 463 290
0 939 303
1
1
0 337 907
0 483 681
0 799 262
0 584 770
1
0 441 100
1
1
0 961 345
0 648 909
0 542 604
1
0 420 150
1
0 339 606
1
1
1
0 229 480
0 90 443
1
0 618 704
0 887 607
1
0 969 187
0 565 351
1
1
1
0 390 804
0 239 120
0 311 831
1
0 714 733
0 640 893
0 984 13
0 324 220
1
0 230 659
0 206 584
1
0 500 221
1
0 443 304
0 152 291
0 243 708
1
0 422 420
0 935 774
1
0 684 714
1
0 873 468
1
0 423 522
1
0 772 483
1
1
1
1
0 872 74
1
0 552 470
1
0 722 786
1
0 789 194
1
0 560 53
1
0 284 898
0 783 14
0 483 169
1
0 462 308
0 755 609
1
1
1
0 557 794
0 738 532
1
1
1
1
0 816 253
0 436 206
0 193 779
1
0 141 310
0 655 565
1
0 895 352
0 262 44
1
0 392 222
0 133 568
0 454 655
1
0 169 717
1
0 973 783
0 855 262
0 23 867
0 270 500
0 459 938
0 847 648
1
1
0 991 457
1
0 149 30
1
0 89 684
1
0 808 151
1
1
1
1
0 287 473
0 185 476
1
0 801 611
0 478 847
0 120 268
0 703 443
0 288 270
1
1
0 724 126
1
1
0 871 615
1
0 60 111
0 514 278
1
1
0 576 990
1
0 371 335
0 137 625
1
0 26 529
0 691 239
1
0 470 508
0 659 799
1
1
1
1
1
0 565 957
0 711 15
0 186 772
1
1
1
1
1
1
1
1
0 379 919
0 100 101
1
0 46 404
1
0 386 279
0 67 849
0 473 436
0 829 934
1
0 963 850
0 297 470
1
0 930 181
0 842 951
1
1
1
0 554 280
1
1
0 419 141
1
0 487 439
0 38 504
1
1
0 140 855
1
0 499 519
0 534 565
0 432 183
1
1
0 625 60
1
0 760 789
0 144 631
0 207 113
0 563 657
1
0 805 337
0 112 459
1
1
1
1
1
0 606 618
1
0 922 75
1
1
0 51 800
1
1
1
1
1
0 788 9
0 683 691
1
0 198 243
1
1
1
0 345 635
1
0 858 576
1
1
0 837 16
1
1
1
1
0 641 829
1
0 773 986
0 620 738
1
0 434 410
1
1
1
1
1
0 96 353
0 387 499
0 291 46
1
1
0 682 327
0 883 419
1
0 544 739
1
1
0 658 711
1
0 717 910
1
1
1
1
0 485 606
0 397 281
1
1
0 355 805
0 385 478
0 702 551
0 122 282
0 197 523
1
0 340 658
0 602 506
1
0 404 999
1
1
0 739 76
1
0 438 130
0 825 514
1
1
1
0 84 991
0 250 197
1
0 343 38
0 495 682
1
1
1
1
0 996 801
1
1
0 45 602
1
1
0 475 516
0 17 620
0 194 207
1
0 637 517
1
1
0 57 788
1
1
1
1
0 906 223
0 934 808
0 827 952
0 222 560
1
1
0 949 563
0 374 77
1
0 134 621
0 997 837
1
1
0 531 483
0 624 683
0 111 78
1
0 720 812
1
1
1
1
1
1
1
1
1
0 621 39
0 666 222
1
1
0 175 857
0 559 739
1
0 693 363
1
1
1
0 904 283
0 667 887
1
0 587 973
1
1
0 805 224
0 266 702
1
0 571 484
0 488 40
1
0 151 495
0 202 234
1
1
1
1
0 673 226
0 183 805
0 730 284
0 509 183
0 695 185
1
1
0 247 816
0 242 554
1
0 216 92
1
1
0 999 981
1
1
1
0 905 371
1
0 880 717
0 893 10
1
1
0 674 621
1
1
0 252 487
1
0 833 422
0 515 62
1
0 668 858
0 453 996
0 593 587
1
0 621 432
1
1
0 810 703
0 656 339
0 304 434
1
1
0 834 593
1
1
1
0 128 825
1
1
1
1
1
1
0 702 524
0 359 810
0 510 542
0 532 536
1
0 517 842
0 554 266
0 614 637
1
1
0 281 423
1
1
1
0 591 311
1
0 911 740
0 766 742
1
1
0 938 227
0 347 718
0 344 50
1
1
1
1
0 578 833
1
0 537 870
0 892 578
1
1
1
0 135 404
0 181 544
0 884 976
1
0 778 871
0 565 281
1
1
1
1
1
1
1
0 738 872
1
1
1
1
1
0 950 242
0 464 738
1
1
1
1
1
1
0 289 186
1
1
1
0 867 247
0 106 228
0 388 509
0 535 485
0 306 827
1
0 38 591
0 59 552
0 569 925
0 221 137
1
1
1
0 622 81
1
0 795 954
1
0 619 834
1
1
1
0 916 115
1
1
1
1
0 566 229
1
0 697 614
1
0 990 666
1
1
1
0 409 425
0 69 619
0 955 488
1
0 995 795
1
0 249 441
0 732 359
1
1
0 488 116
1
1
0 563 621
1
0 433 867
1
0 483 554
0 124 999
0 714 249
0 546 983
1
1
0 792 873
1
0 516 332
0 772 293
1
0 740 525
1
1
0 92 433
1
0 150 792
0 156 891
1
0 461 622
1
0 583 984
1
0 606 409
0 852 640
1
0 110 583
1
0 366 250
1
0 539 874
0 207 510
0 74 555
0 805 990
0 280 366
1
0 5 51
0 146 252
1
0 296 515
0 898 438
0 780 749
0 418 650
1
1
0 811 347
0 716 995
0 238 997
1
1
1
1
1
1
0 832 444
0 970 778
1
1
1
0 99 446
1
1
0 615 354
0 424 216
1
1
0 219 57
0 481 373
1
0 725 516
0 322 280
1
0 430 892
1
0 27 714
0 363 110
0 854 893
1
0 356 517
1
1
1
1
1
1
1
1
1
0 116 526
1
0 86 340
1
1
1
1
1
1
1
0 887 473
0 835 623
1
1
1
0 334 606
1
1
1
1
1
1
1
1
0 41 852
1
1
1
0 606 527
1
1
0 769 285
1
0 325 287
0 3 557
0 359 374
1
0 572 667
1
0 937 288
1
1
1
0 663 355
1
1
0 843 17
1
0 352 230
0 361 304
0 185 716
0 183 624
0 66 530
1
0 513 312
0 856 811
1
0 77 559
1
1
0 155 539
1
0 954 563
1
0 400 945
0 278 719
0 792 615
0 81 198
0 861 531
0 497 74
1
1
0 37 0
1
0 953 832
0 337 92
1
0 714 546
1
0 98 343
0 510 278
0 925 375
1
0 274 565
1
1
1
0 196 566
0 234 207
1
1
0 696 3
0 855 139
0 416 232
0 957 488
1
0 16 894
1
1
1
1
0 993 750
1
0 101 887
0 91 854
0 228 289
1
1
1
0 488 234
0 197 424
1
0 718 921
0 873 606
0 233 625
1
0 597 59
1
0 574 855
1
1
0 820 314
0 653 219
1
0 207 792
1
1
1
1
1
1
0 660 81
1
1
0 815 668
0 482 780
0 598 693
1
1
1
1
1
0 402 805
0 366 815
1
0 998 873
0 56 856
0 708 447
1
0 411 626
0 700 820
1
0 199 993
0 801 569
0 886 673
1
0 205 274
0 846 31
0 999 835
0 578 532
1
1
0 305 801
1
1
1
0 915 714
1
1
0 104 571
0 58 291
1
0 824 843
1
0 872 93
1
0 501 572
1
0 375 886
0 467 574
1
1
0 989 448
0 405 578
0 647 627
1
1
0 686 632
0 252 597
0 304 598
1
0 301 221
0 346 911
0 240 633
0 335 56
0 698 228
1
1
1
0 347 989
0 617 765
1
1
1
0 775 695
1
1
0 113 233
1
1
0 521 617
1
1
0 981 294
1
1
1
0 215 641
1
1
0 378 430
0 201 772
0 809 295
1
0 791 510
1
0 519 647
1
1
1
1
1
1
1
1
1
1
1
0 31 708
1
1
1
0 613 467
0 425 961
0 428 296
0 504 497
0 279 116
1
0 890 998
0 853 301
1
1
1
0 983 718
1
0 148 724
0 30 743
0 25 773
0 187 279
1
1
0 679 297
1
0 75 651
1
1
1
0 635 304
1
0 414 305
0 380 352
0 455 791
0 789 809
1
0 136 730
0 795 686
0 669 513
1
1
1
0 991 999
1
1
0 518 635
1
0 273 425
0 126 534
0 777 63
0 857 450
1
1
1
1
0 567 696
0 664 824
0 667 904
0 902 732
1
0 605 45
1
0 254 567
1
0 540 981
0 28 306
1
1
1
0 486 605
0 863 697
0 507 613
1
0 594 315
0 616 652
1
1
1
0 448 252
0 108 461
0 515 594
0 868 448
0 469 875
0 573 535
0 649 273
1
1
1
1
0 648 616
0 657 648
1
1
0 129 238
0 445 649
1
1
0 829 254
0 132 573
1
0 71 316
0 980 789
0 512 317
1
1
1
1
1
1
0 410 58
0 281 898
1
0 203 537
1
1
1
0 212 382
1
1
0 714 769
1
0 864 322
1
1
0 680 143
1
1
0 297 905
0 219 868
1
1
0 493 653
0 381 846
1
1
0 582 829
1
1
0 812 281
0 497 744
0 856 344
1
0 597 656
0 283 657
1
0 696 740
1
0 332 283
0 610 853
0 682 64
0 441 297
0 439 318
0 608 922
1
1
1
0 371 766
0 607 659
0 499 383
0 368 41
0 592 497
0 266 521
0 850 582
1
0 644 319
0 784 4
1
0 956 94
0 675 946
0 622 592
0 369 320
1
0 958 795
1
1
0 154 207
0 403 169
1
0 710 540
1
1
0 473 439
1
0 14 597
1
1
0 540 775
0 583 777
1
0 12 696
1
1
0 729 923
1
0 223 583
0 316 266
0 642 607
0 637 181
0 827 899
1
1
0 713 608
1
1
0 226 65
1
0 845 827
0 568 610
0 892 906
0 233 316
1
0 874 469
1
0 768 323
1
1
1
0 506 845
0 308 410
0 617 745
0 727 637
1
1
1
0 787 481
0 719 937
0 610 850
1
0 419 746
1
1
0 444 610
1
1
0 668 405
0 820 812
0 531 768
0 303 568
0 821 140
1
0 565 5
0 542 698
1
0 979 66
1
1
1
1
0 881 531
1
0 254 784
0 309 303
0 425 540
1
0 805 324
0 523 747
0 15 856
1
0 130 857
0 404 565
1
0 270 617
0 658 947
0 636 473
1
1
1
0 989 934
0 510 622
0 846 925
0 116 636
1
0 993 444
0 670 642
1
1
0 800 128
0 257 129
1
0 635 729
1
0 401 800
0 612 962
0 210 787
1
0 524 805
0 458 935
1
0 716 658
0 74 441
1
0 350 106
0 908 820
0 673 938
0 802 939
0 560 308
1
0 796 67
1
0 655 751
0 266 796
1
0 465 325
1
1
0 615 356
1
1
0 9 375
0 739 482
0 711 821
0 498 37
0 118 979
1
0 285 515
0 457 390
0 771 328
0 336 846
1
0 712 68
1
0 517 108
1
0 200 983
1
1
1
0 423 6
1
1
1
1
0 850 329
0 6 392
1
0 470 660
0 349 144
0 516 84
1
1
0 801 345
1
1
1
1
0 79 801
0 704 612
0 370 850
1
1
0 442 752
