500 1000 2000
923 822 470 403 665 818 828 630 878 150 568 898 177 100 350 397 972 116 339 242 629 22 549 612 201 797 291 12 377 851 355 73 256 725 636 809 934 5 202 120 514 329 281 837 347 888 850 735 576 467 80 146 409 343 270 531 276 217 517 964 286 290 971 595 504 465 186 618 643 955 506 429 390 709 523 106 853 114 168 371 718 254 624 223 301 382 537 209 695 513 135 815 917 567 770 641 344 141 676 420 886 611 555 700 258 599 675 827 199 295 419 19 244 421 571 35 701 306 307 442 157 879 381 737 673 422 200 830 890 562 798 54 393 438 233 39 978 895 563 123 46 273 404 459 710 841 236 990 124 287 415 310 969 800 66 759 7 779 229 812 877 900 127 165 794 283 604 471 687 976 98 41 727 982 901 325 348 468 235 439 369 958 198 638 147 575 941 94 458 332 488 922 912 762 298 75 669 799 261 274 994 231 602 160 758 288 36 8 593 218 527 965 361 83 882 970 448 607 502 454 115 497 437 835 751 946 308 768 173 486 241 748 574 151 482 556 940 870 579 666 664 58 533 892 987 44 109 121 833 672 43 194 133 30 293 185 427 156 221 237 699 316 203 843 806 373 70 872 96 910 935 107 816 253 31 171 967 327 89 181 557 683 204 3 904 906 359 621 102 423 277 651 684 95 631 462 475 640 896 764 825 215 839 605 183 304 226 736 450 586 478 911 16 992 387 37 139 338 322 802 444 315 453 980 239 414 20 930 479 921 817 426 785 425 260 516 364 61 424 232 876 294 902 128 191 9 539 365 214 263 769 588 320 418 804 137 716 918 33 101 977 924 871 775 26 927 113 490 389 714 503 789 279 485 367 689 492 746 791 957 569 973 169 784 126 657 823 610 819 247 341 118 598 529 91 715 346 541 663 945 846 554 460 801 728 997 262 112 500 52 59 213 738 314 328 402 400 619 519 874 596 34 208 782 744 148 521 433 383 292 739 844 266 175 803 90 947 561 535 193 988 411 693 336 522 642 995 686 582 926 688 53 948 826 849 613 289 536 999 520 122 142 656 552 278 431 119 138 925 560 903 380 697 476 63 861 615 267 1 587 991 280 691 698 894 255 284 763 887 507 996 633 145 197 681 542 550 884 626 647
0 751 783
0 576 445
1
0 663 391
0 892 524
1
1
0 46 238
0 924 216
1
1
0 930 632
0 991 905
1
0 22 97
1
0 177 639
0 33 907
0 492 897
1
0 419 740
0 232 64
1
1
0 63 899
1
1
1
0 523 741
0 613 268
1
0 70 469
0 912 219
0 835 125
1
1
1
1
0 844 480
0 418 317
0 514 326
1
1
1
1
1
1
1
1
1
0 90 184
1
1
1
1
1
0 468 644
1
1
0 237 38
1
1
0 550 440
0 20 852
1
0 97 842
0 503 597
1
0 602 523
1
1
1
1
0 263 428
0 816 318
1
0 554 677
0 204 40
1
0 666 908
1
0 365 854
0 75 765
0 427 365
0 517 589
1
1
0 802 528
1
0 568 717
1
1
0 139 942
1
1
0 338 600
1
0 879 210
1
1
0 972 949
1
0 822 461
1
1
1
0 171 936
1
1
1
0 687 525
1
0 871 979
1
1
1
0 765 401
0 725 702
1
1
0 904 776
1
1
0 109 187
0 830 742
0 59 394
1
1
0 267 333
0 691 703
1
0 710 810
1
0 965 824
1
0 850 10
0 903 583
0 310 501
0 995 678
0 193 192
1
0 102 0
1
0 804 136
1
0 626 645
0 226 372
0 702 42
0 714 606
1
0 314 903
0 12 983
0 318 378
0 940 211
0 462 885
0 542 989
1
0 191 257
0 742 909
0 42 17
0 621 685
0 727 943
1
0 791 687
0 445 889
0 898 243
1
0 229 92
0 557 481
0 344 742
1
1
0 947 944
0 870 503
0 903 855
1
0 519 416
0 525 224
1
1
0 488 903
1
1
0 673 2
0 382 427
0 794 430
0 738 679
1
1
0 276 738
1
1
0 346 330
1
1
1
1
0 596 170
1
1
0 414 395
1
0 170 829
1
0 58 820
0 943 466
1
0 402 232
1
1
0 549 965
1
0 424 318
1
1
1
0 529 879
0 428 204
1
1
1
0 506 220
0 387 646
0 209 331
1
1
1
0 106 222
1
0 973 811
1
0 562 170
0 569 129
1
1
1
0 41 765
1
1
1
0 322 802
1
1
1
0 638 568
0 423 362
1
1
1
0 784 188
0 698 590
0 389 108
1
1
0 884 821
1
1
0 261 109
1
1
0 684 991
1
0 571 648
0 480 189
1
0 478 225
1
0 221 649
0 970 267
0 854 477
1
0 878 898
1
0 861 613
1
0 157 468
0 100 634
0 520 296
0 253 130
1
0 347 245
0 629 620
1
1
1
0 53 139
0 308 226
1
0 156 956
1
0 475 360
0 797 246
0 887 904
1
1
0 411 259
1
1
0 26 564
1
0 255 658
0 640 950
0 681 410
0 992 342
0 987 428
0 664 780
1
0 181 221
0 925 261
0 150 771
1
0 605 538
1
1
1
0 266 540
1
1
0 39 263
1
0 649 402
1
1
1
1
1
0 644 702
1
0 43 176
0 595 943
1
0 426 190
0 247 719
0 410 998
1
0 188 205
1
1
1
1
1
0 128 766
1
1
1
0 422 781
0 783 984
0 672 542
1
1
0 213 128
1
0 342 227
1
1
1
0 823 282
1
1
1
1
1
1
0 429 487
0 991 247
0 946 74
0 204 644
0 770 191
1
0 191 912
0 738 39
0 450 569
1
1
0 958 807
0 888 875
1
1
0 146 649
0 716 374
1
0 798 161
1
0 224 946
1
1
1
1
0 485 822
0 329 991
1
0 175 41
1
1
0 825 992
0 401 329
1
1
0 147 228
1
1
1
0 295 140
0 746 18
0 583 813
0 291 883
1
1
0 600 937
1
1
0 186 162
1
0 286 913
0 348 993
1
1
1
1
0 606 334
0 842 783
0 284 396
0 764 143
0 471 543
0 901 295
1
0 501 972
1
1
0 298 640
0 8 4
0 189 749
1
0 9 973
0 187 840
0 839 319
0 701 212
0 350 131
0 355 321
0 306 144
1
0 904 576
0 718 600
1
1
1
1
0 91 621
0 528 924
0 461 6
0 604 471
0 917 461
1
1
1
1
1
1
1
0 556 854
1
1
0 615 914
0 686 297
0 699 488
0 161 489
0 318 171
0 497 45
0 217 264
1
0 107 322
0 466 608
0 371 856
0 999 42
1
1
1
0 279 743
0 695 995
1
0 942 363
0 564 166
1
0 137 951
1
0 771 738
1
1
1
1
0 327 445
0 649 204
1
1
1
0 829 767
0 965 999
0 997 968
1
0 543 248
0 923 501
1
0 372 814
0 393 609
1
0 815 770
0 121 426
1
1
0 471 43
1
0 470 291
1
1
0 236 625
1
0 766 970
0 283 186
1
1
0 748 117
1
1
1
1
0 453 583
1
0 679 829
1
1
1
0 743 635
0 906 249
0 118 906
1
0 768 132
0 937 659
0 101 265
0 173 784
1
1
0 593 298
0 490 398
0 516 937
0 301 379
1
0 621 958
0 524 637
1
1
1
0 822 121
0 30 842
0 165 134
0 635 366
1
0 709 915
0 130 335
0 214 635
0 61 299
0 842 441
1
1
1
0 998 822
0 134 857
1
0 817 684
0 108 46
1
0 44 8
0 369 626
1
1
0 659 679
0 972 743
1
0 133 666
0 561 652
1
1
1
1
0 465 680
1
1
1
0 801 981
1
1
1
1
0 840 815
1
0 168 816
0 979 916
0 139 266
1
0 770 399
1
0 983 917
1
0 647 804
1
0 98 947
1
1
1
0 763 152
1
1
0 618 177
0 17 443
1
1
1
0 321 234
1
1
0 539 745
0 896 647
1
1
1
1
1
0 567 805
0 258 462
0 169 891
1
0 680 429
1
1
1
0 502 206
0 40 236
1
1
0 897 823
1
0 807 892
1
1
0 95 580
0 799 213
1
0 719 368
1
0 136 130
0 779 133
0 362 649
1
0 204 508
0 914 817
0 96 825
1
1
1
0 818 172
0 477 830
0 245 650
1
0 810 570
0 126 831
1
1
0 273 539
0 898 584
1
0 442 401
0 343 279
1
1
1
0 270 300
1
1
1
0 851 483
0 202 690
1
1
0 689 763
0 128 653
1
1
1
1
1
0 401 149
1
0 624 65
1
1
0 221 146
0 177 392
0 653 382
0 814 405
0 984 686
0 36 858
1
0 775 126
0 459 904
1
0 266 689
1
0 127 301
1
1
0 241 195
1
1
1
0 758 127
1
0 685 193
1
1
0 634 470
1
1
0 425 136
1
1
0 171 75
0 259 283
1
1
1
0 907 369
1
1
0 298 627
1
0 117 919
1
1
0 246 237
0 322 818
1
1
0 904 585
0 639 229
1
1
0 121 266
1
1
1
0 193 298
1
0 333 9
1
0 652 907
1
1
0 645 938
1
0 924 221
0 440 893
0 980 832
0 690 834
1
1
1
1
1
0 540 11
1
1
1
0 336 835
0 293 417
1
1
0 686 836
0 938 490
1
1
0 83 746
1
1
0 552 269
0 397 534
1
1
1
0 94 491
0 612 859
0 467 997
0 642 878
0 75 393
0 283 938
0 415 275
1
1
1
1
0 610 440
1
0 816 591
0 818 302
0 598 128
0 257 901
0 822 873
1
1
0 487 492
0 320 540
1
1
0 789 250
0 481 134
1
1
0 373 12
1
1
1
0 317 920
0 636 493
0 65 139
0 416 543
0 894 634
0 206 923
0 250 406
1
0 212 397
0 700 401
1
1
1
1
0 483 610
1
1
1
0 527 860
1
1
0 426 333
0 597 407
1
0 11 614
0 702 904
0 666 147
0 533 505
1
1
0 145 838
1
1
0 634 777
1
1
1
0 832 224
1
1
1
1
1
1
1
0 265 255
1
0 146 698
0 448 979
0 969 303
1
0 936 432
0 399 652
1
1
0 479 822
0 738 612
0 809 11
1
0 260 327
1
1
1
0 364 336
1
1
1
0 762 270
0 585 471
0 777 998
0 341 653
0 394 230
1
0 823 786
1
0 846 137
1
1
0 997 747
0 882 861
0 683 93
0 74 642
1
1
0 290 952
1
1
1
1
1
1
1
1
0 393 187
0 843 337
0 249 716
0 427 276
1
0 54 338
0 677 305
1
1
1
1
0 221 214
0 129 446
0 923 129
0 990 370
1
1
0 431 832
1
1
1
1
1
1
0 501 577
0 591 117
0 910 914
0 507 524
1
1
0 892 271
1
0 687 240
1
0 883 150
1
1
0 769 340
1
1
1
1
0 38 910
0 380 748
0 877 118
0 982 654
0 784 953
0 170 306
0 613 738
1
0 186 980
0 123 341
0 208 32
1
0 648 585
1
0 319 13
0 428 14
0 537 923
1
0 140 384
0 934 410
0 608 862
1
0 693 750
1
0 542 121
1
1
1
0 151 591
1
0 113 202
1
1
1
1
0 911 371
0 137 959
1
1
0 600 506
1
1
1
1
0 630 249
0 576 911
0 52 283
0 631 972
1
0 669 434
0 295 571
0 471 442
1
0 806 284
0 395 997
1
0 401 385
1
1
0 927 463
1
0 6 525
1
0 121 982
0 876 241
0 830 386
0 300 15
1
0 991 285
1
0 444 578
1
1
1
0 540 245
0 18 613
1
0 381 814
0 493 784
0 120 514
0 462 206
1
1
0 329 246
0 460 250
1
1
0 363 936
0 200 204
0 580 751
0 282 816
0 162 6
1
0 1 954
1
1
1
0 119 493
1
0 767 272
0 599 145
1
0 371 677
0 948 36
0 763 526
0 205 371
0 445 372
0 35 257
1
1
1
0 476 766
0 976 146
0 433 787
1
1
1
0 303 969
0 139 1
1
1
0 584 892
0 513 444
0 379 303
0 328 151
0 264 286
1
0 333 251
1
1
1
1
1
0 267 379
0 122 638
1
1
0 146 509
0 237 839
0 947 399
1
1
0 374 33
0 574 974
0 641 527
1
0 765 17
0 116 252
0 834 387
1
1
1
0 578 408
1
0 278 887
0 492 253
0 211 278
1
1
1
0 570 556
0 241 729
0 383 290
1
1
1
0 46 680
1
1
1
1
1
0 268 167
1
0 979 704
1
1
0 214 258
1
1
1
1
0 294 237
0 958 333
1
0 289 894
1
0 534 259
1
0 951 18
0 563 267
1
1
1
0 12 983
0 802 260
1
0 735 540
1
0 437 146
0 269 422
0 891 300
1
1
0 146 532
1
1
0 744 264
1
1
1
0 410 411
1
0 233 592
1
1
1
0 524 146
0 805 12
1
0 247 593
1
0 253 342
0 626 20
0 306 924
0 126 21
0 4 410
1
1
0 873 343
1
1
1
0 579 557
1
1
1
1
1
0 967 344
1
0 359 233
0 261 289
1
0 251 22
1
0 910 196
0 266 241
1
1
1
0 657 925
0 231 211
1
0 982 137
0 739 423
0 612 594
1
1
0 527 927
1
1
0 5 910
0 194 306
1
0 955 818
1
1
1
0 19 510
0 458 19
1
0 825 928
1
1
0 423 247
1
1
0 408 380
0 131 958
1
1
1
1
1
0 935 23
0 206 801
0 859 293
0 556 24
1
1
0 18 345
0 800 929
0 147 35
1
1
1
1
1
1
1
1
1
1
0 910 153
0 10 308
0 607 645
0 440 231
1
0 929 659
1
0 924 910
1
0 345 214
1
0 740 265
1
1
0 946 960
1
1
0 522 282
0 892 494
0 306 373
1
1
0 818 979
1
1
0 822 939
1
1
0 15 830
1
0 900 261
0 647 15
0 494 186
0 919 924
0 337 982
0 128 221
0 229 251
0 187 681
1
1
0 231 859
0 815 317
0 569 154
1
1
0 953 18
1
1
0 654 818
0 557 896
1
0 151 556
1
0 514 229
1
1
0 587 647
0 298 4
1
0 736 788
1
0 833 863
0 192 621
1
0 3 840
0 899 3
1
0 446 897
0 535 231
1
1
0 830 842
0 1 639
1
0 508 38
1
0 613 345
0 210 187
1
1
0 831 965
0 651 253
1
1
0 242 864
0 969 44
1
1
0 874 328
0 784 682
0 536 408
1
0 659 699
1
0 493 139
0 221 346
1
1
0 620 242
0 842 388
0 541 266
1
0 36 929
1
0 981 110
1
1
1
1
0 642 622
1
0 441 511
0 13 919
0 442 126
0 3 423
1
0 526 268
0 291 147
1
0 716 347
1
0 944 291
0 568 984
0 231 348
0 556 975
1
0 994 294
1
0 611 744
1
0 133 976
1
0 679 329
0 689 349
0 751 930
0 32 865
0 921 231
1
0 836 822
1
1
1
1
1
1
0 589 269
1
1
1
0 18 273
1
1
1
1
1
0 430 940
1
1
1
1
0 821 200
1
0 922 462
0 405 990
0 923 751
0 803 595
0 371 981
1
1
0 124 942
1
1
0 15 921
0 741 991
1
1
1
1
1
0 785 371
0 744 205
0 204 32
1
1
1
0 372 492
0 820 623
1
0 957 295
0 388 133
1
0 841 298
0 738 931
0 278 13
1
0 639 131
0 226 802
0 461 891
0 117 94
0 21 90
0 118 825
1
1
1
0 984 985
1
0 224 204
0 990 278
1
1
1
0 469 350
0 622 744
0 811 984
0 134 81
1
0 653 493
0 729 596
1
0 983 639
0 959 306
0 268 892
1
0 247 789
1
0 307 82
1
0 971 337
0 267 206
1
1
0 278 815
0 13 128
1
0 172 888
0 717 983
0 38 134
0 402 866
0 766 922
1
1
1
0 236 405
0 941 393
0 199 151
1
1
0 227 307
0 491 207
0 816 372
0 650 823
1
0 609 620
1
1
1
1
1
1
1
0 43 394
1
0 981 752
1
0 198 867
0 202 868
1
1
1
1
0 658 202
0 893 869
1
1
1
1
0 974 267
0 439 870
1
1
1
1
1
1
0 596 435
1
1
1
1
1
0 147 880
0 329 309
0 854 541
1
0 852 155
0 31 226
1
1
1
0 399 753
1
0 298 990
0 646 981
1
0 500 208
0 488 584
1
1
0 752 576
1
1
0 493 374
0 152 74
0 492 587
1
0 826 375
1
1
0 858 351
1
0 237 752
0 894 622
1
0 571 841
0 682 209
1
0 988 596
0 945 424
0 196 923
0 136 395
1
0 990 597
1
0 17 376
0 829 36
0 304 893
0 142 439
0 295 491
1
1
1
0 332 399
0 887 871
1
1
0 916 826
1
0 936 941
1
0 590 381
0 285 624
0 560 436
0 239 898
0 640 247
1
1
0 912 147
1
1
0 12 383
0 32 278
1
1
1
1
1
0 131 640
1
1
0 36 295
1
1
0 531 298
1
1
1
1
0 911 388
1
0 423 352
0 837 131
0 824 236
0 6 598
0 676 833
1
1
0 926 401
0 422 754
1
1
0 245 760
1
0 74 932
1
1
1
0 350 926
1
1
1
1
1
1
1
1
1
0 92 402
0 340 666
1
0 330 285
1
0 374 1
0 977 464
0 984 374
1
1
0 543 12
0 539 933
0 823 389
1
1
0 371 437
1
0 924 626
0 386 823
0 898 10
0 279 36
0 964 304
1
1
0 680 3
1
0 402 371
1
1
0 996 386
1
1
0 266 310
1
0 288 95
0 704 705
1
0 135 873
1
1
1
0 978 402
1
1
1
0 328 412
1
1
1
1
0 875 974
0 541 589
0 678 413
1
1
0 130 465
0 639 152
1
0 247 350
0 752 67
1
1
0 976 414
1
0 745 599
0 232 168
0 45 38
0 908 415
0 728 416
1
0 294 288
0 361 65
1
1
0 402 628
1
1
0 923 237
1
1
0 337 402
1
1
0 295 440
1
1
0 392 232
1
1
1
0 141 908
0 208 392
1
0 307 994
1
0 872 934
1
0 504 337
0 254 418
0 905 419
0 625 422
0 343 156
1
0 787 578
0 34 279
0 378 157
0 251 25
1
0 438 625
1
1
0 965 629
1
1
0 1 634
1
0 532 294
1
0 952 944
0 400 923
1
0 341 340
0 747 251
1
1
0 760 524
0 595 13
0 284 266
0 160 378
0 393 600
0 435 158
0 327 752
0 282 307
0 259 423
1
0 789 425
1
1
0 114 507
1
0 257 590
1
1
1
1
1
0 403 976
0 992 657
0 643 646
0 440 842
0 941 116
1
0 238 636
0 749 268
1
1
0 491 595
0 237 508
0 934 237
1
1
0 23 15
0 414 159
1
0 750 83
1
0 89 238
0 915 894
1
1
1
1
0 593 40
0 652 295
0 263 630
0 464 593
1
1
0 12 160
0 666 318
1
1
0 508 820
1
0 598 282
0 927 934
1
1
1
1
0 578 872
0 216 135
0 395 319
0 468 745
1
1
0 509 414
1
0 688 403
0 885 191
0 628 239
1
0 151 887
0 956 177
0 83 628
1
1
0 82 311
0 235 312
0 15 935
0 944 313
0 398 192
1
0 439 898
1
0 463 924
0 505 130
0 465 927
0 253 915
1
1
1
1
0 675 426
1
0 926 784
1
1
1
0 818 631
1
1
1
0 754 598
0 860 1
1
1
0 486 508
1
1
0 337 136
1
0 853 393
0 937 395
1
0 624 578
0 215 398
1
1
1
0 942 899
0 578 926
1
0 301 5
1
0 380 224
1
0 913 400
0 346 26
0 748 639
0 317 601
1
0 817 111
1
0 22 427
0 925 700
1
1
0 286 925
1
0 65 221
0 629 874
1
0 903 602
0 804 785
0 892 641
1
0 14 936
0 649 701
1
1
1
1
1
1
1
1
0 424 526
1
0 974 337
1
0 285 424
0 715 193
0 432 151
0 81 161
1
0 620 463
1
1
0 8 162
1
0 677 301
1
1
1
0 586 858
1
1
1
0 303 816
1
1
1
0 888 380
0 874 303
1
1
0 240 937
0 785 428
1
0 982 235
1
0 294 140
0 886 624
0 133 215
1
0 155 787
0 879 284
0 838 682
1
1
0 154 702
0 482 353
1
1
1
