46
45
45
45
45
48
48
48
48
48
49
47
47
49
51
51
52
52
52
52
55
59
59
59
59
61
61
61
61
62
64
64
64
64
65
65
63
63
63
63
65
66
70
70
70
69
69
69
69
67
67
67
67
67
67
67
67
67
70
69
72
72
72
71
71
72
72
72
72
72
74
74
74
74
75
76
76
74
74
75
75
75
77
77
77
76
76
76
76
76
76
77
77
78
79
79
80
80
81
81
80
80
80
79
79
80
80
80
80
80
80
80
81
80
80
80
80
80
80
80
81
80
80
80
79
79
80
80
80
80
82
82
83
83
83
83
83
82
82
83
83
83
83
82
82
82
82
81
80
79
80
82
82
81
81
81
81
81
82
82
80
80
79
79
81
81
81
81
81
82
82
85
85
85
85
82
80
78
78
77
79
79
78
78
78
78
78
78
78
78
78
79
79
79
77
77
77
77
78
80
80
80
80
80
80
80
80
80
79
80
80
76
78
78
78
78
78
78
78
79
78
78
78
79
79
79
79
79
79
79
81
81
81
81
82
82
84
84
84
84
84
84
88
88
88
87
87
87
87
87
88
88
88
88
86
86
86
86
86
86
86
86
86
84
86
86
86
86
86
86
83
83
83
84
84
84
84
84
84
84
82
82
82
84
84
84
84
83
83
83
83
83
86
85
85
85
86
86
86
86
86
86
86
86
86
86
86
86
87
87
87
88
88
88
87
88
89
89
88
88
87
87
86
86
86
86
86
86
86
85
86
86
86
87
86
86
84
84
84
84
84
83
83
81
82
82
82
82
82
81
81
81
81
81
83
86
86
86
87
86
86
86
86
86
86
86
85
85
85
84
84
85
85
85
86
86
86
86
85
85
85
86
85
86
86
88
89
88
87
85
85
85
85
85
85
85
85
86
88
87
90
90
90
90
89
88
85
85
85
85
88
88
88
89
89
89
89
89
89
89
89
89
88
88
88
88
88
90
88
86
85
87
88
87
87
87
88
88
88
88
88
88
88
88
88
88
89
89
89
88
88
89
89
89
89
88
88
88
88
88
88
88
88
88
88
88
88
90
90
90
90
90
90
90
90
89
89
88
88
88
88
88
88
90
92
89
88
89
89
90
90
90
88
88
88
85
87
87
88
88
88
88
88
88
88
87
87
87
87
87
87
87
87
87
87
86
88
88
88
88
88
88
88
88
88
87
90
90
90
90
90
90
90
90
89
89
89
89
87
87
87
85
85
85
85
85
86
86
86
86
86
86
86
86
87
87
87
87
87
87
88
87
87
86
86
85
84
83
84
84
84
83
82
83
83
84
84
82
82
82
82
82
81
81
81
82
82
84
83
83
84
85
85
86
87
87
84
84
84
84
84
84
84
84
84
84
84
84
84
84
84
84
83
83
83
83
83
83
83
83
84
83
83
83
88
88
88
85
85
85
85
84
84
87
87
87
87
87
84
83
83
84
84
84
85
85
84
84
84
84
85
85
83
82
82
82
82
82
82
82
82
82
82
82
82
81
81
81
82
84
84
84
84
84
85
85
85
85
85
85
85
86
86
86
86
86
86
86
86
86
86
86
86
87
87
87
87
87
87
89
90
90
90
91
91
90
90
91
90
90
90
87
86
87
87
85
85
85
86
86
86
86
86
88
88
86
87
87
87
86
88
88
88
88
88
90
91
91
92
92
92
92
92
91
91
91
91
91
91
90
88
87
87
86
86
86
90
90
90
89
89
89
89
89
89
90
89
89
89
88
87
87
87
88
88
88
88
88
87
86
86
87
89
90
90
90
90
90
90
91
88
88
88
88
88
83
83
83
83
83
84
84
84
85
85
85
86
87
87
87
88
88
88
88
88
90
90
90
90
90
90
90
90
91
91
90
90
90
91
91
91
91
90
91
91
92
92
92
92
91
90
90
90
92
92
92
92
92
91
91
91
91
91
91
91
91
91
91
93
93
93
93
93
93
93
94
93
91
91
91
90
91
91
91
91
91
91
91
91
92
92
92
92
92
92
92
92
92
92
92
92
92
91
90
90
90
90
90
90
90
90
90
90
91
91
91
91
91
89
89
89
89
89
89
89
89
89
88
91
91
91
91
91
91
90
90
90
90
88
87
87
87
87
87
87
87
87
87
87
87
88
88
88
88
88
88
89
89
89
89
89
89
89
89
87
88
88
88
88
88
88
88
89
89
89
91
91
93
92
92
91
90
90
90
88
87
86
86
86
86
86
88
88
88
88
88
88
88
88
88
88
88
88
88
88
88
88
88
88
89
