100 200
1 0 1
16 34 1
21 136 0
24 187 1
30 198 1
32 94 1
35 52 0
47 78 0
61 94 0
63 11 0
79 75 0
91 196 1
104 196 1
120 144 1
132 80 1
146 88 1
158 195 0
166 183 0
184 138 1
188 190 1
207 178 1
218 52 0
225 86 0
230 162 0
236 170 1
247 28 0
249 116 0
259 87 0
274 51 0
281 14 1
290 30 1
297 180 1
316 199 0
326 25 1
342 63 0
347 180 1
354 33 0
356 90 0
369 102 1
387 52 1
400 107 0
402 130 1
410 174 0
422 113 0
433 27 0
440 48 1
452 98 1
470 149 1
474 21 1
484 8 1
493 55 0
500 96 1
509 105 1
512 64 0
532 163 1
541 116 1
543 21 0
555 191 0
556 20 1
565 116 0
570 123 0
584 10 0
603 135 0
611 70 0
625 172 1
633 34 0
651 128 0
661 55 1
673 104 1
693 115 0
697 56 0
702 173 1
705 12 1
719 16 1
727 62 1
736 127 0
755 84 0
774 158 1
793 150 1
806 141 0
819 69 1
830 7 0
842 115 0
859 169 0
874 194 1
883 160 0
890 170 1
900 44 0
917 191 0
920 145 1
940 175 0
953 112 1
966 14 0
970 5 1
979 69 1
995 106 0
1001 104 1
1010 184 1
1028 82 0
1038 0 0
