100 1 20 10000
750 1
235 1
673 1
586 1
597 1
90 1
641 1
330 1
59 1
320 1
472 1
971 1
644 1
321 1
421 1
787 1
595 1
122 1
878 1
483 1
542 1
722 1
761 1
784 1
926 1
868 1
979 1
774 1
673 1
615 1
18 1
910 1
353 1
625 1
276 1
128 1
154 1
413 1
467 1
51 1
948 1
208 1
499 1
411 1
179 1
123 1
143 1
408 1
269 1
372 1
284 1
380 1
718 1
987 1
994 1
795 1
636 1
489 1
150 1
903 1
488 1
918 1
54 1
772 1
584 1
655 1
993 1
563 1
678 1
782 1
968 1
320 1
23 1
278 1
26 1
754 1
249 1
224 1
636 1
379 1
443 1
592 1
743 1
96 1
254 1
557 1
129 1
347 1
621 1
94 1
790 1
844 1
946 1
257 1
571 1
649 1
879 1
716 1
724 1
33 1
