100 1 90 1
728 1
193 1
478 1
76 1
955 1
105 1
255 1
630 1
237 1
736 1
24 1
599 1
190 1
809 1
534 1
720 1
94 1
351 1
444 1
615 1
750 1
558 1
987 1
908 1
332 1
868 1
151 1
165 1
866 1
289 1
181 1
782 1
112 1
300 1
217 1
559 1
825 1
114 1
113 1
400 1
856 1
249 1
660 1
559 1
716 1
57 1
725 1
335 1
59 1
757 1
166 1
196 1
14 1
279 1
918 1
174 1
312 1
283 1
75 1
539 1
583 1
632 1
599 1
782 1
233 1
347 1
281 1
918 1
352 1
337 1
373 1
763 1
976 1
386 1
942 1
234 1
686 1
37 1
78 1
788 1
247 1
646 1
30 1
601 1
178 1
396 1
360 1
459 1
373 1
888 1
852 1
517 1
510 1
700 1
209 1
514 1
87 1
556 1
604 1
716 1
