2500
2 31 54
2 10 50
2 29 33
2 33 27
2 5 37
2 19 11
2 39 19
2 38 40
2 57 16
2 47 56
2 31 12
2 24 52
2 43 14
2 8 12
2 2 26
2 50 25
2 18 45
2 53 17
2 39 2
2 37 5
2 12 37
2 38 16
2 53 58
2 14 50
2 21 8
2 30 59
2 58 43
2 54 54
2 46 9
2 23 21
2 42 29
2 14 44
2 54 15
2 60 26
2 10 52
2 33 29
2 16 8
2 37 40
2 53 32
2 34 12
2 13 34
2 15 38
2 29 32
2 11 60
2 54 12
2 24 59
2 4 32
2 59 30
2 1 16
2 29 28
2 19 52
2 34 56
2 25 39
2 55 18
2 1 39
2 3 9
2 45 4
2 33 49
2 35 19
2 39 11
2 25 14
2 41 49
2 8 48
2 2 45
2 60 56
2 26 9
2 55 6
2 25 1
2 30 59
2 4 59
2 8 15
2 49 56
2 3 42
2 13 27
2 13 43
2 33 17
2 27 58
2 30 47
2 2 34
2 24 9
2 5 11
2 30 60
2 21 19
2 25 44
2 34 38
2 35 38
2 5 22
2 52 2
2 8 46
2 58 10
2 38 15
2 53 49
2 29 22
2 35 26
2 47 1
2 36 22
2 16 49
2 46 21
2 35 6
2 21 30
2 10 51
2 12 1
2 46 33
2 49 1
2 41 50
2 26 8
2 14 8
2 26 32
2 48 7
2 59 25
2 43 32
2 8 28
2 48 17
2 27 56
2 39 38
2 9 7
2 49 56
2 1 14
2 51 49
2 34 6
2 42 24
2 17 10
2 2 59
2 18 33
2 20 3
2 5 53
2 7 40
2 41 12
2 20 59
2 25 36
2 20 33
2 52 28
2 36 58
2 57 14
2 9 31
2 38 1
2 7 46
2 8 27
2 27 21
2 26 3
2 20 42
2 31 57
2 7 17
2 48 10
2 51 3
2 59 11
2 38 45
2 6 18
2 45 36
2 30 4
2 14 60
2 17 32
2 57 3
2 8 43
2 28 9
2 7 1
2 35 54
2 13 31
2 6 55
2 42 33
2 25 39
2 50 57
2 12 29
2 27 34
2 57 38
2 30 9
2 15 15
2 26 22
2 54 35
2 16 39
2 14 44
2 19 47
2 21 32
2 28 8
2 11 22
2 26 52
2 10 8
2 52 28
2 26 13
2 18 59
2 50 23
2 52 22
2 33 22
2 46 12
2 11 17
2 12 45
2 3 16
2 14 43
2 54 53
2 53 20
2 16 53
2 8 8
2 37 16
2 53 3
2 42 60
2 14 5
2 29 42
2 36 37
2 27 47
2 6 55
2 37 46
2 42 28
2 2 11
2 51 56
2 5 29
2 20 60
2 45 27
2 50 58
2 39 39
2 26 48
2 22 12
2 22 43
2 25 1
2 6 31
2 46 22
2 41 41
2 7 24
2 47 60
2 10 40
2 13 45
2 35 17
2 43 32
2 8 11
2 19 23
2 45 14
2 33 49
2 2 57
2 3 14
2 25 10
2 19 2
2 1 6
2 26 51
2 27 11
2 34 11
2 18 56
2 39 8
2 18 8
2 1 51
2 38 8
2 8 29
2 47 41
2 28 2
2 21 52
2 31 29
2 58 15
2 41 54
2 6 36
2 9 56
2 51 44
2 53 59
2 59 8
2 18 38
2 60 13
2 1 35
2 23 46
2 44 43
2 55 13
2 24 13
2 30 26
2 48 7
2 6 45
2 48 48
2 6 42
2 46 23
2 42 51
2 52 21
2 41 1
2 23 30
2 22 36
2 37 34
2 60 48
2 4 2
2 9 34
2 27 17
2 14 41
2 15 27
2 45 38
2 52 48
2 35 49
2 49 50
2 24 21
2 34 24
2 43 45
2 60 42
2 22 4
2 7 58
2 31 37
2 41 1
2 15 44
2 6 18
2 51 48
2 26 43
2 31 23
2 38 59
2 14 10
2 23 9
2 5 15
2 18 43
2 22 57
2 45 25
2 7 14
2 35 17
2 35 59
2 4 4
2 42 33
2 37 14
2 59 56
2 29 40
2 28 1
2 22 6
2 57 17
2 23 33
2 40 12
2 11 56
2 24 10
2 32 20
2 60 59
2 49 4
2 39 18
2 42 26
2 53 52
2 30 22
2 4 60
2 58 23
2 24 41
2 9 31
2 12 21
2 1 47
2 30 10
2 25 49
2 53 3
2 29 20
2 53 28
2 21 41
2 19 33
2 21 55
2 60 60
2 37 13
2 20 4
2 39 3
2 3 32
2 35 8
2 44 31
2 20 36
2 11 58
2 58 36
2 55 19
2 16 25
2 21 19
2 56 24
2 16 4
2 27 47
2 51 46
2 5 28
2 19 43
2 22 43
2 40 55
2 18 12
2 27 47
2 50 5
2 56 15
2 34 60
2 5 12
2 47 60
2 15 42
2 35 37
2 20 30
2 29 43
2 18 34
2 48 59
2 24 59
2 48 30
2 24 47
2 14 32
2 3 9
2 54 33
2 47 47
2 23 7
2 5 6
2 13 6
2 29 23
2 16 47
2 2 2
2 35 16
2 41 30
2 41 20
2 18 46
2 58 46
2 27 38
2 9 38
2 46 28
2 9 11
2 13 4
2 57 14
2 35 54
2 20 13
2 44 46
2 10 34
2 6 21
2 59 39
2 38 37
2 35 19
2 46 10
2 8 44
2 17 52
2 40 5
2 23 52
2 13 59
2 24 12
2 7 4
2 43 13
2 57 38
2 15 47
2 43 24
2 9 1
2 21 19
2 47 37
2 22 25
2 55 43
2 24 46
2 46 51
2 55 10
2 43 31
2 44 60
2 6 31
2 4 8
2 60 41
2 6 47
2 3 9
2 35 43
2 19 7
2 2 19
2 12 28
2 8 53
2 15 9
2 35 35
2 56 52
2 14 1
2 27 3
2 45 8
2 50 15
2 15 29
2 1 52
2 41 45
2 3 36
2 22 21
2 57 10
2 40 35
2 28 53
2 25 33
2 48 53
2 4 28
2 19 16
2 53 23
2 60 15
2 32 3
2 37 31
2 8 58
2 15 35
2 29 38
2 35 43
2 42 50
2 25 12
2 30 53
2 31 12
2 39 3
2 49 47
2 42 44
2 57 37
2 1 39
2 54 42
2 14 19
2 18 51
2 3 32
2 27 2
2 5 21
2 25 2
2 45 18
2 20 28
2 50 48
2 41 25
2 41 41
2 57 6
2 39 59
2 52 13
2 12 23
2 60 43
2 23 43
2 20 21
2 16 53
2 7 45
2 27 44
2 46 15
2 49 59
2 38 31
2 45 15
2 19 56
2 16 18
2 53 46
2 45 55
2 54 39
2 12 33
2 44 10
2 47 1
2 37 13
2 20 30
2 51 29
2 10 30
2 42 18
2 46 7
2 20 55
2 36 18
2 3 26
2 6 36
2 3 43
2 21 56
2 5 27
2 9 51
2 56 10
2 45 25
2 25 24
2 46 24
2 38 14
2 37 58
2 11 14
2 20 2
2 53 21
2 29 22
2 2 23
2 1 10
2 6 54
2 31 25
2 41 55
2 26 32
2 7 43
2 38 6
2 50 53
2 13 20
2 44 26
2 33 38
2 1 17
2 14 36
2 30 14
2 1 4
2 53 49
2 45 39
2 38 14
2 8 51
2 8 21
2 53 53
2 31 40
2 1 21
2 33 60
2 20 43
2 52 37
2 14 34
2 10 58
2 59 58
2 12 13
2 23 38
2 20 11
2 23 2
2 3 44
2 47 40
2 60 3
2 35 15
2 7 13
2 29 14
2 46 19
2 46 12
2 4 21
2 35 52
2 32 59
2 15 52
2 35 1
2 17 49
2 41 57
2 33 14
2 20 11
2 8 7
2 23 44
2 47 39
2 37 19
2 55 44
2 48 47
2 38 8
2 47 22
2 33 30
2 19 7
2 48 4
2 2 20
2 7 56
2 23 37
2 33 25
2 18 51
2 19 24
2 2 46
2 21 19
2 58 14
2 13 39
2 57 52
2 19 41
2 35 15
2 48 12
2 59 18
2 12 60
2 29 30
2 13 21
2 2 2
2 43 59
2 45 48
2 20 54
2 46 22
2 48 17
2 43 44
2 43 58
2 42 5
2 25 5
2 19 27
2 27 30
2 50 12
2 55 4
2 3 12
2 31 6
2 52 43
2 30 58
2 54 9
2 50 25
2 3 23
2 32 30
2 54 28
2 8 37
2 49 39
2 55 14
2 49 9
2 46 14
2 53 7
2 35 4
2 17 34
2 41 28
2 16 37
2 3 18
2 44 32
2 57 38
2 28 57
2 2 26
2 37 29
2 52 59
2 47 9
2 39 32
2 37 11
2 25 21
2 31 2
2 28 36
2 52 47
2 51 50
2 34 21
2 38 36
2 34 23
2 30 4
2 56 56
2 39 28
2 51 21
2 46 46
2 47 25
2 47 20
2 11 56
2 10 17
2 30 25
2 8 43
2 52 45
2 9 33
2 40 43
2 58 2
2 17 58
2 3 21
2 46 49
2 6 45
2 46 49
2 10 47
2 60 27
2 4 36
2 7 10
2 26 30
2 53 44
2 27 54
2 11 44
2 18 50
2 46 29
2 24 35
2 53 24
2 24 8
2 53 48
2 11 24
2 54 15
2 38 9
2 27 36
2 54 59
2 38 23
2 59 29
2 23 49
2 30 1
2 9 20
2 32 56
2 56 55
2 35 49
2 13 23
2 4 29
2 1 3
2 13 4
2 59 46
2 21 31
2 57 18
2 24 4
2 31 56
2 9 30
2 10 60
2 56 4
2 31 7
2 23 34
2 2 49
2 27 6
2 35 42
2 60 57
2 12 6
2 31 1
2 48 1
2 10 49
2 37 16
2 35 24
2 51 3
2 58 36
2 39 21
2 5 11
2 30 53
2 14 35
2 60 44
2 35 48
2 7 22
2 33 38
2 45 37
2 55 48
2 8 14
2 10 7
2 39 52
2 52 36
2 21 6
2 6 24
2 18 47
2 13 8
2 56 19
2 50 57
2 52 51
2 7 48
2 11 38
2 34 5
2 24 29
2 7 13
2 31 13
2 13 47
2 40 29
2 15 15
2 33 6
2 8 15
2 2 14
2 54 46
2 52 39
2 41 25
2 36 51
2 60 47
2 13 41
2 56 9
2 25 4
2 52 30
2 23 54
2 22 22
2 30 50
2 48 24
2 54 4
2 2 30
2 31 15
2 4 14
2 53 37
2 15 21
2 42 41
2 37 20
2 47 58
2 7 30
2 45 57
2 3 30
2 45 45
2 39 12
2 25 58
2 49 41
2 22 55
2 50 36
2 51 25
2 17 30
2 25 2
2 56 13
2 53 39
2 42 41
2 39 46
2 4 34
2 56 38
2 46 21
2 36 40
2 23 7
2 31 24
2 35 47
2 20 9
2 59 38
2 53 32
2 25 36
2 60 40
2 46 20
2 48 41
2 18 18
2 16 5
2 6 15
2 26 9
2 1 17
2 31 13
2 10 32
2 48 50
2 57 2
2 44 57
2 53 13
2 39 46
2 25 16
2 48 33
2 9 32
2 38 16
2 7 15
2 40 38
2 19 39
2 1 45
2 11 23
2 47 11
2 46 7
2 12 13
2 49 42
2 36 48
2 18 58
2 45 16
2 53 52
2 40 33
2 15 46
2 38 42
2 50 41
2 2 45
2 26 14
2 6 58
2 59 36
2 2 42
2 49 54
2 40 14
2 54 51
2 8 42
2 35 33
2 57 31
2 43 11
2 53 60
2 23 55
2 27 24
2 31 2
2 17 21
2 24 1
2 11 44
2 13 43
2 9 42
2 17 39
2 15 36
2 13 45
2 42 47
2 10 54
2 5 58
2 22 41
2 19 39
2 8 30
2 25 33
2 39 17
2 24 51
2 6 1
2 58 18
2 5 49
2 23 18
2 27 46
2 5 42
2 9 26
2 28 2
2 15 57
2 19 25
2 15 57
2 22 2
2 20 27
2 21 50
2 34 33
2 36 20
2 43 48
2 40 31
2 8 27
2 39 17
2 7 40
2 8 10
2 1 60
2 31 39
2 6 12
2 39 6
2 13 10
2 36 30
2 42 48
2 51 19
2 18 14
2 24 48
2 40 49
2 9 4
2 41 15
2 18 43
2 10 19
2 20 2
2 9 55
2 47 19
2 31 29
2 57 57
2 39 16
2 12 27
2 39 32
2 20 11
2 25 48
2 41 53
2 34 1
2 29 7
2 20 49
2 18 49
2 36 12
2 43 50
2 20 30
2 19 7
2 31 27
2 1 9
2 27 60
2 32 47
2 43 53
2 36 32
2 51 19
2 48 40
2 35 54
2 26 51
2 30 29
2 23 55
2 26 60
2 25 13
2 31 50
2 36 23
2 14 13
2 7 33
2 21 21
2 23 51
2 8 56
2 3 33
2 36 2
2 51 22
2 30 57
2 32 57
2 10 37
2 5 6
2 40 15
2 40 38
2 28 59
2 42 29
2 7 14
2 40 5
2 37 33
2 23 26
2 53 14
2 48 45
2 20 30
2 24 60
2 46 43
2 60 42
2 29 33
2 26 23
2 47 1
2 32 52
2 37 9
2 20 17
2 38 43
2 55 32
2 19 35
2 44 11
2 34 42
2 30 6
2 59 23
2 54 60
2 3 2
2 29 10
2 1 34
2 23 60
2 44 58
2 46 51
2 1 2
2 38 55
2 55 32
2 2 54
2 25 5
2 13 18
2 15 33
2 46 1
2 13 2
2 14 27
2 46 11
2 56 23
2 51 48
2 14 52
2 41 25
2 55 30
2 6 40
2 33 20
2 59 16
2 51 32
2 6 42
2 42 33
2 18 57
2 1 59
2 5 35
2 25 10
2 7 55
2 20 29
2 6 53
2 11 6
2 57 27
2 2 58
2 15 50
2 40 39
2 47 46
2 43 23
2 44 59
2 55 19
2 60 45
2 47 2
2 24 2
2 26 25
2 25 10
2 50 23
2 40 2
2 34 60
2 40 42
2 39 47
2 36 46
2 59 55
2 11 11
2 18 3
2 2 46
2 41 43
2 21 32
2 59 33
2 44 46
2 26 3
2 55 58
2 18 6
2 1 38
2 22 13
2 31 24
2 23 1
2 32 56
2 29 27
2 48 43
2 3 21
2 10 26
2 58 25
2 52 37
2 22 55
2 4 60
2 15 58
2 60 11
2 3 8
2 24 58
2 27 59
2 47 37
2 5 32
2 18 10
2 53 17
2 24 44
2 59 31
2 23 50
2 52 30
2 42 10
2 41 2
2 50 6
2 7 15
2 42 35
2 18 54
2 35 5
2 15 18
2 53 10
2 51 40
2 26 21
2 35 34
2 13 40
2 51 10
2 36 59
2 34 18
2 50 32
2 4 46
2 24 48
2 15 32
2 20 36
2 21 24
2 1 10
2 19 47
2 43 56
2 58 17
2 1 54
2 44 21
2 6 22
2 36 8
2 43 57
2 52 10
2 22 38
2 6 33
2 48 38
2 32 4
2 44 3
2 27 16
2 34 9
2 12 33
2 28 39
2 3 57
2 40 50
2 19 57
2 28 53
2 12 54
2 34 22
2 21 39
2 41 59
2 40 37
2 6 44
2 12 5
2 35 40
2 54 25
2 17 11
2 36 19
2 52 51
2 35 24
2 7 43
2 32 6
2 27 56
2 20 17
2 33 39
2 58 11
2 27 29
2 3 39
2 38 22
2 49 23
2 49 3
2 25 2
2 60 20
2 1 44
2 7 36
2 31 7
2 22 4
2 14 46
2 5 37
2 9 35
2 13 60
2 47 10
2 35 3
2 23 9
2 17 56
2 54 8
2 1 18
2 3 7
2 27 22
2 53 47
2 57 39
2 34 7
2 6 11
2 41 44
2 53 54
2 54 42
2 57 36
2 19 50
2 32 29
2 5 46
2 27 10
2 58 59
2 14 31
2 31 4
2 16 9
2 27 11
2 58 25
2 5 32
2 21 43
2 29 8
2 34 29
2 55 4
2 39 30
2 26 13
2 45 7
2 34 37
2 59 27
2 31 54
2 37 3
2 34 58
2 44 59
2 2 42
2 41 1
2 33 24
2 22 15
2 60 49
2 19 49
2 47 31
2 54 52
2 56 6
2 9 23
2 60 38
2 5 9
2 39 55
2 57 40
2 22 47
2 37 51
2 47 60
2 36 14
2 36 23
2 55 17
2 49 1
2 32 34
2 23 2
2 11 9
2 14 55
2 19 45
2 27 5
2 55 53
2 16 59
2 48 17
2 6 39
2 2 32
2 36 12
2 8 8
2 27 11
2 4 35
2 44 22
2 15 23
2 14 22
2 27 37
2 51 58
2 55 43
2 47 8
2 11 44
2 10 57
2 60 44
2 14 52
2 36 16
2 28 18
2 49 19
2 10 6
2 1 28
2 51 50
2 52 59
2 30 15
2 1 35
2 51 58
2 10 44
2 43 32
2 6 29
2 39 26
2 59 19
2 4 24
2 27 12
2 58 27
2 40 45
2 27 25
2 20 2
2 53 50
2 48 52
2 4 35
2 60 14
2 27 49
2 48 56
2 19 48
2 46 32
2 24 19
2 6 11
2 26 32
2 48 57
2 9 27
2 2 22
2 20 10
2 40 30
2 18 39
2 29 4
2 43 51
2 3 25
2 25 42
2 21 7
2 5 49
2 32 59
2 42 34
2 21 60
2 57 31
2 60 42
2 23 13
2 1 20
2 15 24
2 42 4
2 15 33
2 15 40
2 42 41
2 60 28
2 5 54
2 14 8
2 56 49
2 50 60
2 13 16
2 53 52
2 27 38
2 49 36
2 56 1
2 29 26
2 57 23
2 37 30
2 7 35
2 43 33
2 45 11
2 60 45
2 55 32
2 43 57
2 16 2
2 9 48
2 23 22
2 17 14
2 32 56
2 59 8
2 29 41
2 31 53
2 23 39
2 34 18
2 23 42
2 54 52
2 52 23
2 18 28
2 54 48
2 56 20
2 41 18
2 43 13
2 8 3
2 13 16
2 1 2
2 57 24
2 58 47
2 9 49
2 3 49
2 16 43
2 30 56
2 53 28
2 6 23
2 33 33
2 13 6
2 9 3
2 53 42
2 6 42
2 40 23
2 15 14
2 25 40
2 7 49
2 4 58
2 52 48
2 45 45
2 58 10
2 28 35
2 13 33
2 31 1
2 3 20
2 13 24
2 32 57
2 1 38
2 19 14
2 45 38
2 3 51
2 40 18
2 13 42
2 16 16
2 59 21
2 22 30
2 46 36
2 58 54
2 5 34
2 51 10
2 60 49
2 38 3
2 2 57
2 46 32
2 53 14
2 12 44
2 20 6
2 57 10
2 8 56
2 17 16
2 24 24
2 19 22
2 14 12
2 4 3
2 8 55
2 37 53
2 18 29
2 7 13
2 18 33
2 37 17
2 8 6
2 60 17
2 39 42
2 16 51
2 54 47
2 50 8
2 38 28
2 54 60
2 41 14
2 13 57
2 42 47
2 1 28
2 13 29
2 40 54
2 19 34
2 14 57
2 27 9
2 44 55
2 45 38
2 19 54
2 43 12
2 31 40
2 60 9
2 3 45
2 56 55
2 30 17
2 12 37
2 40 25
2 49 35
2 23 4
2 35 30
2 11 57
2 26 42
2 38 31
2 43 47
2 27 43
2 32 41
2 45 35
2 6 31
2 18 50
2 26 56
2 57 37
2 9 27
2 36 26
2 34 54
2 13 39
2 36 60
2 30 20
2 21 12
2 29 15
2 42 12
2 30 37
2 60 42
2 48 47
2 47 36
2 52 27
2 36 24
2 13 60
2 57 10
2 44 8
2 54 58
2 49 16
2 10 7
2 20 45
2 7 5
2 53 36
2 45 4
2 5 9
2 16 19
2 14 34
2 58 3
2 4 38
2 56 33
2 18 48
2 3 17
2 37 36
2 25 25
2 40 28
2 44 58
2 56 4
2 22 41
2 5 8
2 45 46
2 38 58
2 9 50
2 42 59
2 26 43
2 48 48
2 4 1
2 3 16
2 29 10
2 4 5
2 38 30
2 15 37
2 7 42
2 21 3
2 40 16
2 23 53
2 47 13
2 22 8
2 19 56
2 23 32
2 3 5
2 44 13
2 47 54
2 49 7
2 23 44
2 24 51
2 44 54
2 34 58
2 55 35
2 52 39
2 19 15
2 58 5
2 21 4
2 8 22
2 24 10
2 45 23
2 8 13
2 45 31
2 29 33
2 37 29
2 28 41
2 48 56
2 29 55
2 6 5
2 6 22
2 35 53
2 44 30
2 16 20
2 46 6
2 56 13
2 14 54
2 5 19
2 33 44
2 27 11
2 10 53
2 12 21
2 19 22
2 36 35
2 29 54
2 56 52
2 28 4
2 43 10
2 5 15
2 27 59
2 45 20
2 50 1
2 41 37
2 14 44
2 47 3
2 57 53
2 6 11
2 24 16
2 5 56
2 2 50
2 17 18
2 41 21
2 24 39
2 13 23
2 35 50
2 42 15
2 12 17
2 24 37
2 18 14
2 18 40
2 1 38
2 8 34
2 23 18
2 18 52
2 10 21
2 16 23
2 24 4
2 33 48
2 26 22
2 20 29
2 21 52
2 41 55
2 7 32
2 4 30
2 60 3
2 30 31
2 17 45
2 20 44
2 45 4
2 3 4
2 18 13
2 11 49
2 21 58
2 19 50
2 40 44
2 28 29
2 1 54
2 42 38
2 2 23
2 35 38
2 2 8
2 41 60
2 35 23
2 22 51
2 10 5
2 28 45
2 22 50
2 11 38
2 52 50
2 23 14
2 26 45
2 23 41
2 44 50
2 40 25
2 16 3
2 36 20
2 20 6
2 10 6
2 60 32
2 31 38
2 1 59
2 10 17
2 11 25
2 53 5
2 36 27
2 18 54
2 9 59
2 47 30
2 58 42
2 56 29
2 9 56
2 40 8
2 52 28
2 17 33
2 50 10
2 16 33
2 6 9
2 24 22
2 19 12
2 38 33
2 43 49
2 13 4
2 29 59
2 9 57
2 58 55
2 45 17
2 44 59
2 18 25
2 51 17
2 48 19
2 5 36
2 6 39
2 52 27
2 47 38
2 51 45
2 47 50
2 35 18
2 55 9
2 44 45
2 22 49
2 17 28
2 28 30
2 15 45
2 13 38
2 33 49
2 45 44
2 54 7
2 50 10
2 53 9
2 51 11
2 49 25
2 31 46
2 14 5
2 17 3
2 34 50
2 49 28
2 37 41
2 24 7
2 3 3
2 40 41
2 46 20
2 59 27
2 7 41
2 1 15
2 4 56
2 49 7
2 50 53
2 28 9
2 19 49
2 7 20
2 42 23
2 25 4
2 49 14
2 60 3
2 25 29
2 27 59
2 47 28
2 10 36
2 55 11
2 23 38
2 52 27
2 2 41
2 14 12
2 37 56
2 43 9
2 29 19
2 37 50
2 57 46
2 3 60
2 15 11
2 51 34
2 50 56
2 39 55
2 35 36
2 18 12
2 9 21
2 8 3
2 49 1
2 52 3
2 50 58
2 21 53
2 18 18
2 51 31
2 23 33
2 56 16
2 34 11
2 39 17
2 58 51
2 52 52
2 41 51
2 43 18
2 12 28
2 32 53
2 22 57
2 59 40
2 51 12
2 57 19
2 53 14
2 31 35
2 44 22
2 35 49
2 6 46
2 48 1
2 58 45
2 27 5
2 12 43
2 60 18
2 20 53
2 36 23
2 56 37
2 54 35
2 37 3
2 19 55
2 45 3
2 50 30
2 51 3
2 37 26
2 37 20
2 47 31
2 8 6
2 56 24
2 23 28
2 54 29
2 38 52
2 51 53
2 42 53
2 42 20
2 24 38
2 52 25
2 1 52
2 30 3
2 54 17
2 41 39
2 10 41
2 6 33
2 4 3
2 34 50
2 52 59
2 56 39
2 56 51
2 54 44
2 36 36
2 34 43
2 2 39
2 36 28
2 53 23
2 44 30
2 30 5
2 50 1
2 32 23
2 24 18
2 55 26
2 37 11
2 33 4
2 21 51
2 10 14
2 11 4
2 14 38
2 45 21
2 42 49
2 23 49
2 9 58
2 3 34
2 53 29
2 23 19
2 56 11
2 15 51
2 13 51
2 27 41
2 38 41
2 31 37
2 2 19
2 32 46
2 35 24
2 8 57
2 51 7
2 47 17
2 44 28
2 43 38
2 13 35
2 5 33
2 4 43
2 51 48
2 47 24
2 1 26
2 36 48
2 48 53
2 7 25
2 26 56
2 42 10
2 26 38
2 59 44
2 57 18
2 48 6
2 17 41
2 36 30
2 47 33
2 5 17
2 32 42
2 4 33
2 54 48
2 30 47
2 5 52
2 5 22
2 58 30
2 22 12
2 40 8
2 52 49
2 17 55
2 34 53
2 38 9
2 4 40
2 60 24
2 14 24
2 55 37
2 43 48
2 53 51
2 56 26
2 56 13
2 13 23
2 9 52
2 25 51
2 35 50
2 40 26
2 49 37
2 39 32
2 55 32
2 8 3
2 22 6
2 32 15
2 39 19
2 16 32
2 28 53
2 5 31
2 51 53
2 13 20
2 50 42
2 14 44
2 42 25
2 7 11
2 13 52
2 52 23
2 22 8
2 31 52
2 54 23
2 30 23
2 36 40
2 43 33
2 26 30
2 30 58
2 27 22
2 48 44
2 20 15
2 48 41
2 36 57
2 12 54
2 47 35
2 41 15
2 14 46
2 52 24
2 37 18
2 53 12
2 16 16
2 51 5
2 5 52
2 38 25
2 10 10
2 53 18
2 32 54
2 34 24
2 19 23
2 53 19
2 2 26
2 20 54
2 9 18
2 7 48
2 54 2
2 16 8
2 46 2
2 1 49
2 44 10
2 49 21
2 52 28
2 23 6
2 11 21
2 38 39
2 30 4
2 60 13
2 28 27
2 2 8
2 20 8
2 37 5
2 49 19
2 9 22
2 20 21
2 27 31
2 14 5
2 56 11
2 22 10
2 30 57
2 19 22
2 22 39
2 5 41
2 54 11
2 54 12
2 12 17
2 25 34
2 8 19
2 10 8
2 5 29
2 1 40
2 15 42
2 46 51
2 27 11
2 11 45
2 16 16
2 38 26
2 16 7
2 46 57
2 45 47
2 21 34
2 22 33
2 13 17
2 10 43
2 25 59
2 30 41
2 27 7
2 43 49
2 60 58
2 16 56
2 31 12
2 6 19
2 46 30
2 15 35
2 32 25
2 26 37
2 19 15
2 13 11
2 28 42
2 35 37
2 60 39
2 18 4
2 11 31
2 27 34
2 32 2
2 26 21
2 25 38
2 31 57
2 32 2
2 57 22
2 45 14
2 37 7
2 40 38
2 57 21
2 12 14
2 5 50
2 31 51
2 27 37
2 10 13
2 5 31
2 19 17
2 43 13
2 38 41
2 8 39
2 47 29
2 15 55
2 48 26
2 4 51
2 50 19
2 1 18
2 20 55
2 23 21
2 14 2
2 54 58
2 26 3
2 17 41
2 22 5
2 40 28
2 26 34
2 22 28
2 60 10
2 11 24
2 34 32
2 43 34
2 60 45
2 8 24
2 14 55
2 28 31
2 36 46
2 60 50
2 60 20
2 29 55
2 37 22
2 26 46
2 50 19
2 4 35
2 4 15
2 57 56
2 10 6
2 2 46
2 6 17
2 20 40
2 12 54
2 6 55
2 40 41
2 50 20
2 4 41
2 37 10
2 4 47
2 6 28
2 44 22
2 39 26
2 51 38
2 49 4
2 3 48
2 58 50
2 54 51
2 4 27
2 49 28
2 56 15
2 29 44
2 59 51
2 36 29
2 33 58
2 11 19
2 9 21
2 39 39
2 40 24
2 58 31
2 30 24
2 52 25
2 43 49
2 3 33
2 16 57
2 26 44
2 18 48
2 26 30
2 34 58
2 22 28
2 59 50
2 10 59
2 26 58
2 40 9
2 4 8
2 32 58
2 23 25
2 50 21
2 26 51
2 8 35
2 14 38
2 4 45
2 60 35
2 11 12
2 26 27
2 1 20
2 54 11
2 35 56
2 9 18
2 56 33
2 1 5
2 13 45
2 60 51
2 42 10
2 8 35
2 10 37
2 9 38
2 46 30
2 1 2
2 4 49
2 31 48
2 24 2
2 11 25
2 22 7
2 2 5
2 2 10
2 17 26
2 7 10
2 58 47
2 57 60
2 42 50
2 44 52
2 22 26
2 29 31
2 57 53
2 21 33
2 60 51
2 56 55
2 20 46
2 11 24
2 24 58
2 48 35
2 42 24
2 54 55
2 59 57
2 3 3
2 29 24
2 6 10
2 30 41
2 35 29
2 27 41
2 1 39
2 32 52
2 5 6
2 39 33
2 52 20
2 25 46
2 37 12
2 34 57
2 1 16
2 47 4
2 51 14
2 3 6
2 16 19
2 32 45
2 31 51
2 54 23
2 39 53
2 40 10
2 10 28
2 12 13
2 43 1
2 47 21
2 20 20
2 56 50
2 39 5
2 29 9
2 54 22
2 59 21
2 36 1
2 26 15
2 18 1
2 6 11
2 10 60
2 9 54
2 51 33
2 53 14
2 42 27
2 2 49
2 5 25
2 37 21
2 32 50
2 22 50
2 59 35
2 10 22
2 37 57
2 9 15
2 23 25
2 12 17
2 44 43
2 50 24
2 6 42
2 32 38
2 8 1
2 4 52
2 52 37
2 14 36
2 34 46
2 2 58
2 16 6
2 59 31
2 4 3
2 31 52
2 38 50
2 46 41
2 43 10
2 60 47
2 58 3
2 14 13
2 17 59
2 47 38
2 46 13
2 55 25
2 13 49
2 6 49
2 37 8
2 12 34
2 7 30
2 23 45
2 9 30
2 22 19
2 42 36
2 45 16
2 3 27
2 24 24
2 43 23
2 19 4
2 18 34
2 57 23
2 30 16
2 29 29
2 42 59
2 45 26
2 33 15
2 22 18
2 45 23
2 45 19
2 7 28
2 46 53
2 34 51
2 25 3
2 24 13
2 44 52
2 56 4
2 33 55
2 9 50
2 58 51
2 43 18
2 43 27
2 53 24
2 8 15
2 55 5
2 9 24
2 53 5
2 11 55
2 48 36
2 17 28
2 20 9
2 32 1
2 35 42
2 45 25
2 9 2
2 24 48
2 49 17
2 52 38
2 37 53
2 14 39
2 19 37
2 42 49
2 6 47
2 32 49
2 43 25
2 49 29
2 8 32
2 45 49
2 26 59
2 8 17
2 3 15
2 29 52
2 9 32
2 30 27
2 52 54
2 40 52
2 22 21
2 23 38
2 42 50
2 12 43
2 44 24
2 48 49
2 35 17
2 24 32
2 56 36
2 47 23
2 3 58
2 39 46
2 27 29
2 23 6
2 16 47
2 19 38
2 47 11
2 6 9
2 39 56
2 60 34
2 50 11
2 58 54
2 44 57
2 2 20
2 5 14
2 40 46
2 43 10
2 19 8
2 10 43
2 51 13
2 50 8
2 1 47
2 19 19
2 8 41
2 7 30
2 4 7
2 59 26
2 49 20
2 23 56
2 34 57
2 52 1
2 41 55
2 42 29
2 12 33
2 21 54
2 33 26
2 25 40
2 22 32
2 18 33
2 58 57
2 48 36
2 32 23
2 60 38
2 27 38
2 11 27
2 4 29
2 58 46
2 50 53
2 44 5
2 46 1
2 21 19
2 50 10
2 24 33
2 58 55
2 20 59
2 31 42
2 55 40
2 37 21
2 11 43
2 55 41
2 3 48
2 48 22
2 12 42
2 51 40
2 48 11
2 26 30
2 18 5
2 21 60
2 15 5
2 23 9
2 31 12
2 10 1
2 22 15
2 9 15
2 21 30
2 54 18
2 48 33
2 3 13
2 5 20
2 24 24
2 39 22
2 30 35
2 39 38
2 38 10
2 29 40
2 33 1
2 2 40
2 6 58
2 21 11
2 38 16
2 9 38
2 1 25
2 19 55
2 44 29
2 22 57
2 48 29
2 32 60
2 3 14
2 27 41
2 18 53
2 42 21
2 30 41
2 52 1
2 41 24
2 15 26
2 13 4
2 11 55
2 57 36
2 24 16
2 38 50
2 31 47
2 54 33
2 35 31
2 14 2
2 55 37
2 58 21
2 45 44
2 28 38
2 56 17
2 18 56
2 41 7
2 14 34
2 1 32
2 40 16
2 50 34
2 45 41
2 25 28
2 44 50
2 14 32
2 52 37
2 39 40
2 31 39
2 32 54
2 29 21
2 35 45
2 3 15
2 56 47
2 46 27
2 20 30
2 51 17
2 42 18
2 7 58
2 20 16
2 46 53
2 3 2
2 46 9
2 38 1
2 10 8
2 54 47
2 60 12
2 6 27
2 10 30
2 28 28
2 44 14
2 44 58
2 1 45
2 47 6
2 24 11
2 35 30
2 26 16
2 45 9
2 12 56
2 41 33
2 25 26
2 16 46
2 53 30
2 52 33
2 56 58
2 7 47
2 16 24
2 50 10
2 21 2
2 8 22
2 35 40
2 10 60
2 3 8
2 16 11
2 57 47
2 38 12
2 16 53
2 54 52
2 42 4
2 9 25
2 43 59
2 10 28
2 56 9
2 19 19
2 52 29
2 54 24
2 59 36
2 45 59
2 34 53
2 3 41
2 57 36
2 31 50
2 19 54
2 57 13
2 46 42
2 17 53
2 17 34
2 46 16
2 37 31
2 53 13
