60 50
1 0 1
16 41 1
21 13 0
24 14 1
30 7 1
32 2 1
35 26 0
47 3 0
61 48 0
63 48 0
79 9 0
91 24 1
104 41 1
120 46 1
132 12 1
146 10 1
158 30 0
166 9 0
184 46 1
188 40 1
207 18 1
218 30 0
225 25 0
230 11 0
236 15 1
247 14 0
249 41 0
259 31 0
274 39 0
281 27 1
290 40 1
297 5 1
316 47 0
326 29 1
342 34 0
347 33 1
354 20 0
356 32 0
369 48 1
387 41 1
400 26 0
402 17 1
410 38 0
422 48 0
433 37 0
440 1 1
452 25 1
470 38 1
474 1 1
484 8 1
493 4 0
500 46 1
509 19 1
512 39 0
532 38 1
541 16 1
543 26 0
555 16 0
556 40 1
565 0 1
