120 20
1 0 1
16 15 1
21 3 0
24 12 1
30 7 1
32 17 1
35 2 0
47 13 0
61 8 0
63 2 0
79 14 0
91 6 1
104 18 1
120 15 1
132 11 1
146 10 1
158 1 0
166 19 0
184 12 1
188 14 1
207 5 1
218 19 0
225 16 0
230 1 0
236 7 1
247 18 0
249 17 0
259 8 0
274 4 0
281 5 1
290 16 1
297 19 1
316 7 0
326 12 1
342 4 0
347 13 1
354 1 0
356 18 0
369 1 1
387 13 1
400 9 0
402 17 1
410 1 0
422 7 0
433 13 0
440 11 1
452 15 1
470 14 1
474 12 1
484 12 1
493 1 0
500 16 1
509 8 1
512 3 0
532 18 1
541 5 1
543 12 0
555 19 0
556 18 1
565 1 0
570 17 0
584 5 0
603 4 0
611 12 0
625 6 1
633 9 0
651 14 0
661 17 1
673 5 1
693 17 0
697 12 0
702 6 1
705 4 1
719 18 1
727 17 1
736 7 0
755 4 0
774 6 1
793 4 1
806 6 0
819 16 1
830 18 0
842 18 0
859 17 0
874 10 1
883 18 0
890 9 1
900 3 0
917 13 0
920 13 1
940 5 0
953 13 1
966 17 0
970 4 1
979 7 1
995 8 0
1001 15 1
1010 1 1
1028 10 0
1038 8 1
1048 8 1
1057 3 1
1073 15 1
1075 13 1
1076 2 1
1096 17 1
1113 6 1
1123 15 0
1133 4 1
1151 11 0
1157 17 0
1173 9 0
1175 5 1
1182 9 1
1198 7 1
1211 17 0
1217 1 0
1219 8 0
1222 7 0
1239 0 0
