999 99
1 0 1
16 41 1
21 13 0
24 63 1
30 56 1
32 2 1
35 26 0
47 3 0
61 97 0
63 97 0
79 58 0
91 73 1
104 90 1
120 95 1
132 61 1
146 59 1
158 30 0
166 9 0
184 46 1
188 40 1
207 67 1
218 79 0
225 25 0
230 11 0
236 15 1
247 63 0
249 90 0
259 80 0
274 39 0
281 27 1
290 89 1
297 54 1
316 47 0
326 78 1
342 34 0
347 33 1
354 20 0
356 32 0
369 97 1
387 90 1
400 75 0
402 17 1
410 38 0
422 97 0
433 86 0
440 1 1
452 74 1
470 38 1
474 50 1
484 57 1
493 53 0
500 95 1
509 19 1
512 88 0
532 87 1
541 16 1
543 75 0
555 65 0
556 89 1
565 72 0
570 50 0
584 40 0
603 41 0
611 76 0
625 51 1
633 70 0
651 78 0
661 71 1
673 21 1
693 1 0
697 51 0
702 74 1
705 60 1
719 36 1
727 13 1
736 15 0
755 1 0
774 92 1
793 80 1
806 5 0
819 61 1
830 62 0
842 20 0
859 46 0
874 67 1
883 9 0
890 60 1
900 53 0
917 28 0
920 32 1
940 30 0
953 86 1
966 53 0
970 18 1
979 74 1
995 58 0
1001 75 1
1010 67 1
1028 33 0
1038 97 1
1048 83 1
1057 77 1
1073 5 1
1075 7 1
1076 61 1
1096 76 1
1113 28 1
1123 92 0
1133 96 1
1151 33 0
1157 87 0
1173 59 0
1175 55 1
1182 14 1
1198 22 1
1211 29 0
1217 2 0
1219 57 0
1222 90 0
1239 35 1
1241 48 0
1255 79 0
1275 29 1
1289 33 0
1300 42 1
1307 82 0
1310 13 0
1318 8 0
1330 11 1
1348 5 0
1353 33 0
1366 70 1
1377 40 1
1396 44 1
1407 98 0
1420 70 0
1421 10 1
1424 82 1
1430 74 0
1434 83 1
1436 36 0
1442 56 1
1454 65 0
1457 25 0
1458 78 0
1472 7 0
1483 40 1
1495 85 0
1503 34 0
1504 73 1
1509 90 1
1526 37 0
1529 26 0
1548 54 1
1553 39 0
1573 25 0
1581 93 0
1592 54 0
1608 71 1
1612 23 0
1622 43 0
1628 58 1
1643 78 1
1653 79 1
1654 43 0
1658 97 1
1660 4 1
1665 29 0
1682 33 0
1694 98 1
1702 84 0
1713 29 0
1717 41 1
1720 12 0
1734 45 0
1740 72 1
1741 89 1
1745 21 1
1750 10 0
1764 90 1
1775 55 0
1789 43 1
1790 46 0
1806 17 0
1817 8 1
1834 89 0
1852 1 1
1870 46 1
1872 59 0
1890 19 1
1907 22 1
1911 22 1
1917 92 0
1934 64 1
1937 57 0
1952 19 1
1962 91 1
1970 34 1
1986 72 0
2002 3 1
2005 39 1
2007 86 1
2013 86 0
2020 85 1
2024 37 0
2044 64 1
2059 70 0
2076 34 0
2082 5 0
2084 7 1
2086 60 1
2089 95 1
2107 41 0
2120 20 0
2134 45 1
2150 81 0
2161 38 0
2174 22 1
2186 49 0
2192 79 1
2202 21 1
2216 9 1
2217 93 0
2233 38 0
2239 79 1
2243 8 1
2252 89 1
2262 59 1
2270 98 1
2280 77 1
2295 22 1
2311 60 1
2324 51 1
2337 80 0
2346 98 0
2362 69 0
2373 16 1
2378 14 1
2382 23 1
2393 24 1
2394 13 0
2414 40 1
2419 67 0
2430 20 1
2450 10 0
2469 76 0
2478 32 0
2492 2 1
2505 5 0
2515 73 1
2521 66 0
2527 19 1
2536 95 0
2538 2 0
2551 7 1
2562 70 1
2566 18 1
2567 20 1
2573 29 1
2581 31 1
2599 66 1
2609 76 0
2612 21 0
2614 93 0
2623 35 0
2633 6 0
2634 63 1
2651 8 1
2658 94 0
2672 52 0
2681 30 1
2699 71 0
2715 93 0
2727 54 1
2729 10 0
2734 10 0
2737 40 1
2740 33 0
2753 43 0
2767 28 0
2773 47 0
2789 8 1
2806 37 1
2821 17 0
2834 25 0
2837 82 1
2849 3 1
2855 52 1
2862 91 0
2865 75 1
2879 53 0
2888 11 1
2903 36 0
2907 47 0
2912 68 1
2922 19 0
2923 53 0
2934 48 1
2939 46 0
2943 58 0
2945 70 0
2948 32 0
2949 13 1
2961 64 0
2981 95 1
2993 16 1
2995 45 0
3001 30 0
3011 81 0
3029 41 1
3044 63 1
3064 26 1
3074 46 1
3093 1 1
3098 26 1
3114 74 0
3134 29 0
3137 93 1
3148 83 0
3149 24 1
3151 84 1
3162 27 1
3171 66 0
3188 74 1
3197 6 0
3201 98 0
3206 83 0
3218 24 0
3230 64 1
3244 86 0
3250 73 1
3261 51 1
3275 81 0
3292 98 1
3301 24 0
3303 76 0
3320 69 0
3327 80 1
3332 67 0
3334 1 1
3339 8 1
3342 82 0
3344 14 0
3348 92 0
3357 9 0
3365 4 1
3378 67 0
3393 56 0
3410 41 1
3427 47 0
3433 9 0
3445 91 1
3460 74 0
3463 11 1
3476 84 1
3495 62 0
3502 20 0
3509 29 0
3523 7 0
3530 67 1
3536 64 0
3539 36 0
3550 89 0
3569 24 0
3578 65 0
3594 68 0
3602 91 1
3621 4 0
3633 63 0
3643 70 0
3653 21 0
3654 56 0
3670 96 0
3672 3 0
3679 91 0
3688 68 0
3692 82 1
3694 84 1
3703 5 0
3709 57 1
3712 50 0
3722 26 0
3726 29 1
3732 33 1
3749 12 0
3763 91 0
3768 36 1
3784 56 1
3789 70 1
3794 73 0
3803 74 1
3816 48 0
3831 77 0
3848 27 1
3849 69 1
3853 76 1
3863 90 1
3869 40 0
3880 48 1
3885 53 1
3900 84 0
3916 68 1
3918 9 0
3937 62 0
3944 91 0
3959 58 0
3972 67 1
3988 81 0
3993 7 1
3994 83 0
3996 55 1
4014 88 1
4030 57 0
4034 69 1
4047 11 1
4056 33 0
4064 7 1
4073 74 1
4088 11 0
4108 77 1
4115 33 0
4123 53 1
4136 79 0
4144 24 1
4147 30 0
4151 97 1
4154 67 0
4155 46 0
4172 87 1
4177 19 1
4187 80 0
4205 31 0
4217 53 1
4226 84 0
4238 16 0
4242 52 0
4248 3 1
4267 32 1
4281 60 0
4290 54 0
4300 21 0
4310 94 1
4318 74 1
4333 91 0
4344 10 0
4362 60 0
4365 57 1
4376 4 1
4380 36 1
4390 74 0
4401 57 0
4408 80 0
4417 66 0
4431 61 1
4438 97 0
4451 73 0
4453 41 1
4461 72 0
4463 46 0
4478 77 0
4480 94 0
4488 91 1
4504 94 1
4511 15 1
4512 3 0
4521 93 1
4522 5 1
4533 36 1
4546 35 0
4559 2 0
4574 43 0
4582 87 1
4591 31 1
4595 14 1
4597 92 0
4610 73 1
4622 73 1
4634 55 0
4645 22 1
4646 39 1
4651 9 1
4671 84 1
4690 45 1
4703 22 0
4718 77 1
4724 8 0
4730 78 0
4741 26 0
4761 4 1
4775 6 0
4793 9 0
4804 17 0
4824 35 1
4844 20 0
4857 91 0
4865 17 1
4869 83 1
4886 21 0
4898 8 1
4915 53 1
4919 95 0
4932 96 0
4946 21 0
4947 36 0
4967 47 0
4986 83 1
4991 87 1
4998 47 1
5001 64 1
5020 52 1
5036 45 0
5055 85 1
5074 40 0
5082 14 1
5098 33 0
5112 26 0
5118 56 0
5131 72 1
5146 75 1
5158 94 0
5167 66 0
5172 81 1
5190 28 0
5205 14 1
5218 13 1
5230 16 1
5248 61 0
5265 26 1
5272 37 1
5276 65 0
5294 28 1
5308 50 0
5327 23 0
5339 98 1
5350 86 1
5361 74 1
5367 67 0
5375 91 0
5383 5 0
5394 2 1
5402 42 1
5404 71 1
5412 3 0
5429 84 1
5432 31 0
5448 69 0
5449 50 1
5458 58 1
5470 75 1
5488 57 0
5490 49 1
5492 54 1
5497 91 1
5514 11 1
5533 21 1
5536 52 1
5545 20 0
5553 65 0
5572 81 1
5574 88 1
5578 33 1
5580 20 1
5595 81 1
5597 74 1
5608 24 1
5621 80 1
5634 51 1
5642 39 1
5648 33 0
5658 11 1
5670 55 1
5677 21 0
5684 26 0
5701 38 0
5716 46 0
5726 51 1
5745 58 1
5752 59 0
5759 57 1
5778 87 1
5784 81 1
5785 33 1
5799 74 1
5818 53 1
5826 58 0
5833 4 0
5841 47 1
5854 88 0
5868 90 1
5880 63 1
5887 27 0
5901 3 0
5919 51 0
5935 60 1
5937 60 0
5945 80 1
5963 94 0
5971 84 1
5976 91 1
5982 38 0
5984 71 0
6001 12 1
6002 9 0
6014 92 0
6026 71 1
6035 87 1
6049 64 1
6069 96 0
6085 62 0
6086 82 0
6103 32 1
6115 15 1
6132 17 0
6138 53 1
6141 52 0
6142 73 1
6145 23 0
6146 23 0
6160 97 0
6175 78 1
6176 12 0
6177 22 1
6184 26 0
6186 19 1
6203 56 1
6216 7 1
6219 54 0
6221 87 0
6230 49 0
6248 13 0
6259 4 1
6269 42 1
6270 28 1
6276 96 1
6278 27 1
6292 82 1
6295 88 1
6296 37 0
6301 96 1
6314 49 1
6325 12 1
6340 26 0
6357 58 0
6377 79 0
6388 68 1
6390 51 1
6400 44 0
6420 9 0
6436 66 0
6450 31 1
6470 20 0
6473 52 1
6479 48 1
6489 97 1
6507 63 1
6525 9 0
6530 23 1
6539 61 1
6543 65 0
6545 22 1
6558 74 1
6560 20 1
6566 76 1
6577 6 1
6580 61 1
6596 20 1
6615 90 0
6624 13 0
6632 40 0
6637 45 1
6652 7 1
6658 87 0
6660 77 1
6664 15 0
6671 88 1
6677 91 0
6687 95 1
6703 96 1
6714 97 0
6732 73 0
6745 4 1
6760 56 0
6767 51 1
6770 8 1
6783 87 1
6803 56 1
6820 18 0
6838 95 1
6856 56 1
6873 60 0
6875 72 0
6892 73 1
6900 17 0
6920 37 0
6922 20 1
6933 43 0
6945 38 1
6956 6 1
6970 12 1
6974 56 0
6994 30 1
7003 83 1
7023 18 1
7037 49 0
7056 35 1
7076 61 1
7080 92 0
7084 98 0
7092 21 1
7100 17 1
7118 88 0
7135 37 0
7151 21 0
7169 15 0
7179 50 0
7183 45 1
7190 93 0
7199 70 1
7207 86 1
7217 57 1
7225 25 1
7245 34 0
7249 61 1
7260 13 0
7268 29 1
7280 73 1
7296 71 1
7312 9 1
7316 57 1
7327 70 0
7339 82 1
7355 45 1
7356 21 0
7362 4 1
7376 5 1
7387 84 0
7399 12 0
7418 82 0
7426 1 0
7446 19 1
7457 7 0
7460 40 1
7469 14 0
7484 82 0
7503 25 1
7505 84 1
7511 69 1
7516 35 1
7522 82 0
7525 70 0
7535 59 1
7548 29 1
7559 89 0
7569 7 1
7573 51 1
7584 38 1
7596 88 0
7615 48 0
7635 26 1
7638 23 1
7653 51 0
7654 58 0
7666 63 1
7683 85 0
7684 14 0
7703 36 1
7721 42 0
7724 39 0
7735 11 1
7737 45 0
7755 64 0
7774 96 1
7780 2 0
7800 10 1
7811 93 1
7821 25 0
7834 69 1
7850 47 1
7861 53 1
7873 51 1
7877 83 1
7895 80 0
7910 58 0
7914 18 0
7917 62 1
7929 98 0
7947 75 1
7954 82 1
7974 18 0
7986 34 1
7987 60 1
7991 47 0
7993 78 1
8001 38 1
8021 59 1
8040 19 0
8042 65 1
8043 13 1
8046 91 0
8065 98 1
8080 66 1
8097 52 0
8116 27 0
8133 94 1
8145 3 0
8164 48 1
8170 41 1
8185 20 1
8194 30 0
8208 96 1
8212 65 1
8227 71 1
8246 10 0
8266 84 1
8278 82 1
8297 68 0
8317 34 1
8329 25 1
8344 76 1
8361 26 0
8368 84 0
8372 65 0
8380 53 1
8391 40 0
8402 38 1
8407 16 0
8423 17 0
8433 59 1
8443 80 0
8462 55 1
8469 2 1
8476 51 0
8487 75 1
8489 97 1
8499 54 1
8505 67 0
8512 52 1
8521 23 1
8524 63 1
8537 49 1
8546 81 1
8565 6 1
8571 97 1
8590 40 1
8591 90 1
8606 8 1
8623 67 1
8641 1 0
8652 71 1
8653 58 1
8656 62 0
8670 9 1
8689 8 0
8707 69 1
8715 69 1
8727 8 1
8746 54 1
8761 50 1
8774 88 0
8787 54 0
8806 46 0
8815 94 1
8821 45 1
8840 57 1
8857 39 1
8876 4 0
8880 12 1
8885 12 0
8887 51 0
8896 8 0
8913 46 1
8927 19 0
8947 38 0
8951 29 1
8971 66 1
8983 79 1
8999 37 1
9001 12 1
9018 62 1
9019 27 1
9021 70 0
9029 39 0
9034 25 1
9040 45 0
9043 94 0
9053 81 1
9059 1 0
9073 76 0
9079 84 1
9097 65 0
9108 35 1
9110 54 0
9121 61 0
9128 71 1
9133 58 0
9148 74 0
9156 48 0
9163 87 0
9164 40 0
9175 89 1
9192 35 0
9211 61 1
9231 47 0
9239 7 0
9241 41 0
9244 54 0
9251 1 1
9265 69 1
9279 9 0
9285 49 0
9286 14 0
9290 73 1
9304 30 1
9319 32 0
9321 23 1
9341 82 0
9352 57 1
9360 43 1
9362 84 0
9364 27 1
9377 58 0
9391 45 0
9408 20 1
9415 16 1
9424 43 1
9434 66 1
9442 61 1
9456 71 0
9476 69 1
9491 98 0
9495 53 1
9503 7 0
9515 98 0
9523 49 1
9533 98 0
9541 63 0
9552 64 0
9555 32 0
9569 10 1
9589 5 1
9599 43 1
9605 9 0
9618 19 0
9632 27 1
9644 75 1
9661 29 0
9662 20 1
9672 11 0
9675 98 1
9676 78 1
9687 98 1
9704 31 0
9722 61 0
9734 39 0
9749 51 1
9754 60 0
9767 31 1
9784 10 1
9802 66 1
9808 41 0
9813 64 1
9818 11 0
9827 6 0
9831 95 0
9838 20 1
9857 54 0
9869 11 1
9871 38 1
9882 79 1
9894 71 1
9912 64 0
9928 70 0
9936 71 1
9946 58 1
9950 12 0
9954 84 1
9957 37 1
9959 84 0
9966 62 1
9984 82 0
10003 36 1
10019 85 1
10037 34 1
10049 1 0
10060 54 0
10071 50 0
10078 45 1
10090 51 0
10101 1 1
10121 48 1
10141 18 0
10142 33 1
10161 55 1
10168 58 0
10181 93 0
10196 70 0
10206 84 0
10226 94 1
10235 0 0
