1999 30
1 0 1
16 24 1
21 24 0
24 18 1
30 24 1
32 28 1
35 14 0
47 18 0
61 3 0
63 12 0
79 25 0
91 26 1
104 3 1
120 6 1
132 3 1
146 25 1
158 8 0
166 8 0
184 28 1
188 27 1
207 21 1
218 16 0
225 22 0
230 29 0
236 28 1
247 10 0
249 5 0
259 9 0
274 23 0
281 11 1
290 9 1
297 14 1
316 24 0
326 12 1
342 29 0
347 13 1
354 6 0
356 7 0
369 7 1
387 1 1
400 4 0
402 19 1
410 21 0
422 18 0
433 6 0
440 9 1
452 28 1
470 21 1
474 11 1
484 15 1
493 14 0
500 10 1
509 2 1
512 3 0
532 17 1
541 17 1
543 7 0
555 10 0
556 15 1
565 29 0
570 17 0
584 28 0
603 28 0
611 4 0
625 28 1
633 15 0
651 20 0
661 19 1
673 11 1
693 5 0
697 19 0
702 14 1
705 6 1
719 18 1
727 25 1
736 29 0
755 20 0
774 28 1
793 25 1
806 17 0
819 7 1
830 20 0
842 9 0
859 28 0
874 29 1
883 27 0
890 26 1
900 17 0
917 16 0
920 5 1
940 20 0
953 1 1
966 20 0
970 16 1
979 4 1
995 10 0
1001 26 1
1010 20 1
1028 2 0
1038 9 1
1048 25 1
1057 12 1
1073 13 1
1075 1 1
1076 27 1
1096 12 1
1113 13 1
1123 9 0
1133 20 1
1151 1 0
1157 13 0
1173 12 0
1175 26 1
1182 26 1
1198 11 1
1211 21 0
1217 22 0
1219 13 0
1222 18 0
1239 10 1
1241 26 0
1255 27 0
1275 19 1
1289 15 0
1300 19 1
1307 20 0
1310 23 0
1318 17 0
1330 24 1
1348 7 0
1353 16 0
1366 5 1
1377 6 1
1396 29 1
1407 24 0
1420 8 0
1421 11 1
1424 11 1
1430 7 0
1434 16 1
1436 3 0
1442 15 1
1454 25 0
1457 25 0
1458 19 0
1472 3 0
1483 4 1
1495 9 0
1503 7 0
1504 7 1
1509 6 1
1526 3 0
1529 1 0
1548 3 1
1553 4 0
1573 11 0
1581 2 0
1592 2 0
1608 7 1
1612 23 0
1622 24 0
1628 8 1
1643 16 1
1653 29 1
1654 1 0
1658 5 1
1660 17 1
1665 25 0
1682 14 0
1694 3 1
1702 13 0
1713 19 0
1717 11 1
1720 26 0
1734 22 0
1740 16 1
1741 17 1
1745 1 1
1750 11 0
1764 11 1
1775 19 0
1789 9 1
1790 24 0
1806 22 0
1817 3 1
1834 17 0
1852 1 1
1870 14 1
1872 21 0
1890 21 1
1907 15 1
1911 2 1
1917 6 0
1934 15 1
1937 18 0
1952 8 1
1962 29 1
1970 19 1
1986 5 0
2002 5 1
2005 4 1
2007 21 1
2013 3 0
2020 6 1
2024 13 0
2044 24 1
2059 14 0
2076 22 0
2082 3 0
2084 11 1
2086 20 1
2089 8 1
2107 9 0
2120 29 0
2134 7 1
2150 5 0
2161 3 0
2174 14 1
2186 2 0
2192 9 1
2202 7 1
2216 1 1
2217 5 0
2233 2 0
2239 6 1
2243 2 1
2252 3 1
2262 6 1
2270 1 1
2280 8 1
2295 12 1
2311 13 1
2324 15 1
2337 13 0
2346 14 0
2362 24 0
2373 24 1
2378 11 1
2382 23 1
2393 16 1
2394 14 0
2414 5 1
2419 6 0
2430 5 1
2450 14 0
2469 25 0
2478 14 0
2492 27 1
2505 2 0
2515 9 1
2521 15 0
2527 10 1
2536 15 0
2538 20 0
2551 9 1
2562 10 1
2566 11 1
2567 29 1
2573 29 1
2581 1 1
2599 22 1
2609 13 0
2612 29 0
2614 19 0
2623 24 0
2633 26 0
2634 24 1
2651 20 1
2658 19 0
2672 23 0
2681 1 1
2699 1 0
2715 3 0
2727 1 1
2729 17 0
2734 4 0
2737 14 1
2740 22 0
2753 11 0
2767 12 0
2773 8 0
2789 21 1
2806 5 1
2821 21 0
2834 12 0
2837 22 1
2849 19 1
2855 11 1
2862 29 0
2865 1 1
2879 15 0
2888 13 1
2903 6 0
2907 18 0
2912 22 1
2922 17 0
2923 4 0
2934 28 1
2939 14 0
2943 27 0
2945 12 0
2948 24 0
2949 9 1
2961 27 0
2981 14 1
2993 18 1
2995 28 0
3001 26 0
3011 21 0
3029 2 1
3044 10 1
3064 27 1
3074 27 1
3093 27 1
3098 9 1
3114 15 0
3134 24 0
3137 12 1
3148 9 0
3149 4 1
3151 20 1
3162 2 1
3171 24 0
3188 9 1
3197 8 0
3201 20 0
3206 13 0
3218 1 0
3230 24 1
3244 28 0
3250 20 1
3261 18 1
3275 18 0
3292 12 1
3301 29 0
3303 25 0
3320 6 0
3327 1 1
3332 7 0
3334 5 1
3339 20 1
3342 4 0
3344 5 0
3348 11 0
3357 10 0
3365 6 1
3378 25 0
3393 14 0
3410 24 1
3427 8 0
3433 6 0
3445 25 1
3460 26 0
3463 9 1
3476 11 1
3495 5 0
3502 28 0
3509 27 0
3523 8 0
3530 7 1
3536 5 0
3539 10 0
3550 3 0
3569 7 0
3578 21 0
3594 23 0
3602 7 1
3621 4 0
3633 21 0
3643 19 0
3653 16 0
3654 10 0
3670 28 0
3672 29 0
3679 15 0
3688 24 0
3692 25 1
3694 12 1
3703 11 0
3709 11 1
3712 10 0
3722 12 0
3726 18 1
3732 7 1
3749 10 0
3763 10 0
3768 11 1
3784 12 1
3789 11 1
3794 24 0
3803 26 1
3816 17 0
3831 17 0
3848 4 1
3849 1 1
3853 16 1
3863 10 1
3869 17 0
3880 21 1
3885 3 1
3900 25 0
3916 4 1
3918 27 0
3937 19 0
3944 4 0
3959 22 0
3972 7 1
3988 23 0
3993 26 1
3994 11 0
3996 23 1
4014 17 1
4030 16 0
4034 1 1
4047 15 1
4056 26 0
4064 20 1
4073 27 1
4088 14 0
4108 2 1
4115 18 0
4123 3 1
4136 20 0
4144 5 1
4147 13 0
4151 8 1
4154 8 0
4155 24 0
4172 3 1
4177 20 1
4187 15 0
4205 20 0
4217 7 1
4226 14 0
4238 26 0
4242 8 0
4248 26 1
4267 23 1
4281 27 0
4290 24 0
4300 28 0
4310 15 1
4318 24 1
4333 11 0
4344 20 0
4362 16 0
4365 10 1
4376 8 1
4380 19 1
4390 8 0
4401 24 0
4408 5 0
4417 26 0
4431 1 1
4438 17 0
4451 24 0
4453 13 1
4461 13 0
4463 7 0
4478 10 0
4480 22 0
4488 8 1
4504 15 1
4511 24 1
4512 20 0
4521 29 1
4522 10 1
4533 29 1
4546 25 0
4559 2 0
4574 26 0
4582 4 1
4591 17 1
4595 13 1
4597 16 0
4610 25 1
4622 28 1
4634 28 0
4645 4 1
4646 17 1
4651 6 1
4671 22 1
4690 11 1
4703 14 0
4718 14 1
4724 28 0
4730 24 0
4741 7 0
4761 29 1
4775 10 0
4793 23 0
4804 29 0
4824 3 1
4844 28 0
4857 28 0
4865 1 1
4869 1 1
4886 11 0
4898 25 1
4915 15 1
4919 29 0
4932 16 0
4946 21 0
4947 26 0
4967 11 0
4986 5 1
4991 20 1
4998 29 1
5001 20 1
5020 13 1
5036 18 0
5055 29 1
5074 28 0
5082 8 1
5098 11 0
5112 20 0
5118 20 0
5131 21 1
5146 19 1
5158 29 0
5167 26 0
5172 4 1
5190 14 0
5205 16 1
5218 27 1
5230 14 1
5248 22 0
5265 26 1
5272 4 1
5276 14 0
5294 21 1
5308 11 0
5327 1 0
5339 19 1
5350 19 1
5361 2 1
5367 1 0
5375 28 0
5383 16 0
5394 10 1
5402 7 1
5404 14 1
5412 23 0
5429 8 1
5432 1 0
5448 28 0
5449 22 1
5458 5 1
5470 25 1
5488 9 0
5490 13 1
5492 9 1
5497 20 1
5514 6 1
5533 11 1
5536 22 1
5545 5 0
5553 29 0
5572 13 1
5574 19 1
5578 4 1
5580 17 1
5595 14 1
5597 25 1
5608 26 1
5621 7 1
5634 21 1
5642 8 1
5648 9 0
5658 12 1
5670 2 1
5677 15 0
5684 28 0
5701 23 0
5716 15 0
5726 5 1
5745 13 1
5752 2 0
5759 3 1
5778 2 1
5784 16 1
5785 5 1
5799 11 1
5818 14 1
5826 7 0
5833 8 0
5841 3 1
5854 25 0
5868 21 1
5880 2 1
5887 26 0
5901 13 0
5919 24 0
5935 8 1
5937 15 0
5945 3 1
5963 19 0
5971 6 1
5976 5 1
5982 4 0
5984 1 0
6001 9 1
6002 15 0
6014 26 0
6026 15 1
6035 18 1
6049 29 1
6069 3 0
6085 6 0
6086 11 0
6103 12 1
6115 14 1
6132 6 0
6138 1 1
6141 5 0
6142 10 1
6145 11 0
6146 13 0
6160 27 0
6175 8 1
6176 20 0
6177 12 1
6184 24 0
6186 1 1
6203 15 1
6216 12 1
6219 17 0
6221 1 0
6230 6 0
6248 29 0
6259 1 1
6269 1 1
6270 27 1
6276 26 1
6278 28 1
6292 14 1
6295 9 1
6296 10 0
6301 5 1
6314 15 1
6325 13 1
6340 28 0
6357 9 0
6377 8 0
6388 11 1
6390 22 1
6400 2 0
6420 19 0
6436 27 0
6450 1 1
6470 15 0
6473 29 1
6479 5 1
6489 3 1
6507 7 1
6525 9 0
6530 7 1
6539 4 1
6543 6 0
6545 13 1
6558 23 1
6560 5 1
6566 22 1
6577 3 1
6580 29 1
6596 23 1
6615 26 0
6624 11 0
6632 2 0
6637 19 1
6652 13 1
6658 11 0
6660 11 1
6664 5 0
6671 29 1
6677 4 0
6687 21 1
6703 24 1
6714 25 0
6732 28 0
6745 28 1
6760 21 0
6767 7 1
6770 26 1
6783 6 1
6803 14 1
6820 27 0
6838 20 1
6856 8 1
6873 2 0
6875 7 0
6892 28 1
6900 15 0
6920 24 0
6922 17 1
6933 7 0
6945 10 1
6956 21 1
6970 12 1
6974 7 0
6994 14 1
7003 21 1
7023 23 1
7037 22 0
7056 5 1
7076 18 1
7080 3 0
7084 13 0
7092 29 1
7100 24 1
7118 28 0
7135 23 0
7151 11 0
7169 15 0
7179 26 0
7183 17 1
7190 5 0
7199 11 1
7207 4 1
7217 16 1
7225 24 1
7245 26 0
7249 5 1
7260 24 0
7268 18 1
7280 6 1
7296 1 1
7312 12 1
7316 25 1
7327 24 0
7339 7 1
7355 22 1
7356 4 0
7362 25 1
7376 22 1
7387 8 0
7399 8 0
7418 8 0
7426 4 0
7446 15 1
7457 27 0
7460 18 1
7469 8 0
7484 7 0
7503 12 1
7505 21 1
7511 2 1
7516 17 1
7522 6 0
7525 21 0
7535 22 1
7548 1 1
7559 12 0
7569 25 1
7573 7 1
7584 7 1
7596 12 0
7615 28 0
7635 11 1
7638 1 1
7653 20 0
7654 17 0
7666 16 1
7683 7 0
7684 29 0
7703 19 1
7721 13 0
7724 17 0
7735 28 1
7737 14 0
7755 21 0
7774 16 1
7780 8 0
7800 16 1
7811 8 1
7821 11 0
7834 29 1
7850 25 1
7861 18 1
7873 7 1
7877 21 1
7895 27 0
7910 2 0
7914 4 0
7917 7 1
7929 9 0
7947 29 1
7954 12 1
7974 5 0
7986 25 1
7987 13 1
7991 19 0
7993 2 1
8001 24 1
8021 6 1
8040 29 0
8042 26 1
8043 8 1
8046 15 0
8065 2 1
8080 22 1
8097 22 0
8116 15 0
8133 9 1
8145 28 0
8164 6 1
8170 2 1
8185 29 1
8194 14 0
8208 29 1
8212 8 1
8227 19 1
8246 4 0
8266 19 1
8278 3 1
8297 17 0
8317 27 1
8329 1 1
8344 19 1
8361 26 0
8368 11 0
8372 9 0
8380 15 1
8391 14 0
8402 5 1
8407 15 0
8423 14 0
8433 28 1
8443 22 0
8462 27 1
8469 5 1
8476 23 0
8487 3 1
8489 1 1
8499 10 1
8505 17 0
8512 29 1
8521 12 1
8524 6 1
8537 21 1
8546 6 1
8565 9 1
8571 28 1
8590 22 1
8591 23 1
8606 21 1
8623 8 1
8641 2 0
8652 28 1
8653 3 1
8656 28 0
8670 15 1
8689 17 0
8707 22 1
8715 14 1
8727 17 1
8746 8 1
8761 3 1
8774 9 0
8787 28 0
8806 15 0
8815 6 1
8821 9 1
8840 26 1
8857 16 1
8876 17 0
8880 25 1
8885 27 0
8887 8 0
8896 11 0
8913 29 1
8927 28 0
8947 10 0
8951 8 1
8971 17 1
8983 6 1
8999 11 1
9001 18 1
9018 23 1
9019 26 1
9021 27 0
9029 25 0
9034 8 1
9040 17 0
9043 5 0
9053 2 1
9059 24 0
9073 22 0
9079 26 1
9097 10 0
9108 4 1
9110 19 0
9121 11 0
9128 3 1
9133 7 0
9148 3 0
9156 24 0
9163 26 0
9164 3 0
9175 21 1
9192 28 0
9211 19 1
9231 3 0
9239 3 0
9241 8 0
9244 24 0
9251 10 1
9265 19 1
9279 10 0
9285 22 0
9286 6 0
9290 9 1
9304 14 1
9319 29 0
9321 15 1
9341 12 0
9352 25 1
9360 11 1
9362 19 0
9364 22 1
9377 8 0
9391 5 0
9408 1 1
9415 15 1
9424 11 1
9434 24 1
9442 24 1
9456 2 0
9476 14 1
9491 23 0
9495 24 1
9503 1 0
9515 7 0
9523 2 1
9533 26 0
9541 3 0
9552 17 0
9555 5 0
9569 27 1
9589 12 1
9599 14 1
9605 3 0
9618 23 0
9632 8 1
9644 11 1
9661 16 0
9662 4 1
9672 2 0
9675 8 1
9676 5 1
9687 13 1
9704 27 0
9722 1 0
9734 26 0
9749 17 1
9754 25 0
9767 18 1
9784 29 1
9802 20 1
9808 8 0
9813 11 1
9818 13 0
9827 7 0
9831 27 0
9838 5 1
9857 19 0
9869 5 1
9871 27 1
9882 21 1
9894 20 1
9912 27 0
9928 21 0
9936 11 1
9946 25 1
9950 6 0
9954 22 1
9957 11 1
9959 24 0
9966 5 1
9984 13 0
10003 6 1
10019 11 1
10037 14 1
10049 20 0
10060 17 0
10071 9 0
10078 29 1
10090 20 0
10101 14 1
10121 12 1
10141 20 0
10142 24 1
10161 9 1
10168 9 0
10181 3 0
10196 2 0
10206 3 0
10226 28 1
10235 11 1
10241 9 1
10243 9 0
10246 7 0
10265 3 1
10273 14 1
10277 25 1
10284 16 1
10302 27 0
10316 11 0
10330 9 1
10337 13 0
10352 4 0
10365 8 1
10381 10 0
10394 25 0
10408 9 0
10418 3 1
10425 19 0
10428 5 0
10442 29 0
10457 29 1
10472 6 1
10484 6 1
10489 17 1
10492 27 0
10502 5 0
10507 8 0
10523 26 1
10524 7 1
10542 9 0
10545 21 0
10564 17 0
10580 17 1
10596 29 1
10599 28 1
10611 1 0
10612 16 1
10614 22 0
10618 29 1
10630 20 0
10646 16 0
10661 3 0
10676 10 1
10682 8 0
10685 26 1
10693 18 1
10702 6 0
10713 10 1
10727 1 0
10732 26 1
10737 27 0
10744 23 1
10748 11 1
10749 5 0
10769 1 0
10779 16 0
10793 11 1
10800 24 1
10818 10 1
10831 13 0
10840 19 1
10849 7 1
10858 28 1
10872 10 1
10875 8 0
10892 11 1
10896 6 1
10910 22 0
10929 14 0
10943 1 0
10952 12 1
10958 1 1
10971 17 0
10984 22 1
10991 22 0
11003 6 1
11007 25 1
11023 27 1
11026 3 1
11041 13 1
11052 10 0
11071 3 0
11083 2 0
11091 8 0
11096 12 1
11101 23 0
11109 15 1
11116 4 1
11117 26 0
11137 9 0
11155 26 0
11156 7 1
11160 20 0
11176 8 0
11185 3 1
11204 21 1
11208 12 0
11226 11 1
11233 21 0
11237 29 1
11238 24 0
11246 16 0
11260 7 1
11275 26 0
11286 16 1
11293 7 1
11298 8 1
11302 9 1
11310 3 0
11330 8 1
11345 18 0
11353 26 0
11367 14 1
11371 29 1
11391 12 1
11400 27 0
11411 12 0
11426 18 1
11443 25 0
11450 25 0
11469 27 0
11475 22 0
11484 21 1
11504 11 0
11522 8 1
11530 1 0
11538 25 0
11556 13 0
11559 29 0
11568 20 0
11571 20 0
11590 27 1
11595 21 0
11615 13 0
11631 5 0
11643 1 0
11647 12 1
11658 21 1
11677 21 0
11684 8 0
11702 20 0
11711 18 0
11725 1 1
11735 24 1
11750 23 0
11754 12 1
11768 9 0
11779 19 0
11793 17 1
11808 6 1
11818 16 1
11832 14 1
11845 26 0
11855 5 1
11867 21 0
11879 15 1
11898 11 1
11901 27 0
11905 8 0
11915 21 1
11927 22 0
11938 10 0
11950 9 0
11964 7 0
11969 7 1
11975 21 1
11981 10 1
11989 12 0
12006 22 1
12022 11 0
12031 12 1
12043 20 0
12054 7 0
12067 4 0
12078 29 0
12088 17 0
12106 15 0
12117 9 0
12129 6 1
12131 1 1
12144 24 0
12153 4 1
12172 8 1
12177 13 0
12180 21 0
12182 25 0
12200 14 1
12208 22 0
12214 15 0
12221 22 1
12233 17 1
12245 12 0
12260 8 1
12277 5 1
12283 9 0
12301 8 0
12319 7 1
12326 15 1
12330 7 0
12338 21 0
12352 8 0
12362 9 1
12371 20 0
12391 11 1
12406 15 1
12412 1 0
12426 17 0
12430 11 1
12448 17 0
12453 20 1
12462 29 0
12471 3 0
12489 27 1
12491 29 1
12508 2 0
12516 20 0
12517 17 1
12533 1 1
12548 14 1
12562 24 0
12567 9 1
12577 2 0
12582 11 0
12585 25 1
12588 27 0
12589 6 1
12607 20 0
12625 27 0
12637 13 1
12654 5 1
12665 14 1
12673 12 0
12679 7 1
12688 27 0
12697 13 0
12715 26 1
12729 21 1
12736 14 0
12751 2 1
12758 24 0
12778 22 0
12780 18 0
12794 19 0
12811 15 1
12822 14 0
12838 23 1
12845 11 0
12863 23 1
12873 29 0
12891 1 0
12902 20 1
12921 4 0
12931 26 1
12937 22 0
12954 21 0
12962 29 0
12967 29 1
12972 20 0
12983 21 1
12990 18 0
12996 9 0
13013 23 0
13031 1 1
13046 4 1
13057 21 0
13074 15 0
13082 26 0
13089 8 0
13109 5 1
13116 21 0
13123 2 0
13126 7 1
13139 22 0
13157 4 0
13170 24 1
13171 18 1
13188 24 1
13208 2 0
13221 23 0
13241 25 0
13249 21 1
13263 5 1
13266 13 0
13268 13 0
13278 15 0
13288 17 0
13307 27 1
13326 11 1
13343 11 1
13347 17 1
13361 1 0
13378 11 1
13388 4 1
13400 24 1
13405 11 0
13410 10 1
13425 24 1
13440 13 1
13443 8 0
13461 9 1
13473 23 0
13481 5 1
13486 11 1
13488 8 0
13503 26 1
13516 15 0
13533 5 1
13535 4 0
13551 7 0
13558 25 0
13565 9 0
13566 16 0
13583 1 1
13602 29 1
13608 10 1
13628 8 1
13645 1 0
13650 12 1
13653 11 1
13660 1 1
13667 29 1
13680 2 0
13694 15 1
13705 24 0
13711 29 0
13727 21 1
13740 2 0
13751 29 0
13762 8 1
13775 9 1
13792 14 0
13797 1 0
13808 11 0
13825 7 0
13843 9 0
13860 9 1
13862 14 0
13865 28 1
13884 22 1
13900 10 0
13908 21 1
13912 28 0
13926 9 0
13936 5 1
13954 3 1
13974 25 0
13987 8 1
13999 15 1
14013 2 0
14030 9 1
14040 3 0
14052 15 0
14055 10 1
14073 17 0
14076 14 0
14082 29 1
14089 27 1
14092 23 0
14097 5 1
14098 18 0
14101 18 1
14113 15 1
14119 16 0
14128 9 1
14137 19 0
14155 13 1
14168 14 0
14171 6 1
14191 15 0
14192 21 0
14205 2 1
14211 7 1
14219 4 0
14229 15 1
14238 11 1
14245 12 1
14252 28 1
14267 14 0
14274 14 1
14289 24 0
14308 8 1
14313 4 1
14331 6 1
14335 5 1
14355 2 1
14369 12 0
14382 11 1
14391 18 0
14404 16 1
14420 20 1
14421 24 0
14436 7 1
14447 9 1
14455 23 0
14466 25 1
14486 14 0
14500 2 1
14503 10 0
14505 17 1
14511 16 0
14518 24 1
14523 8 1
14524 22 0
14528 9 1
14537 1 1
14544 16 0
14561 13 1
14564 20 0
14567 13 1
14578 10 0
14594 12 0
14610 8 0
14612 29 0
14625 28 0
14631 8 0
14635 18 1
14647 10 0
14660 24 1
14669 5 0
14686 29 1
14690 16 1
14697 28 1
14715 21 0
14726 14 1
14736 16 0
14750 19 0
14752 2 0
14758 13 1
14772 22 1
14776 12 0
14785 27 0
14787 10 0
14804 4 1
14821 26 1
14840 23 0
14847 16 0
14855 29 0
14861 4 0
14881 21 1
14892 26 0
14912 3 0
14924 7 0
14936 29 1
14952 15 1
14968 10 0
14985 2 1
14992 1 1
14995 6 0
15012 6 1
15031 12 0
15037 27 0
15038 27 0
15053 4 0
15072 7 1
15083 18 1
15103 20 0
15121 12 1
15133 27 1
15142 7 0
15156 18 0
15164 26 0
15173 12 1
15180 24 1
15192 3 1
15204 25 0
15211 5 0
15220 15 1
15231 18 0
15250 6 1
15264 13 1
15272 22 1
15286 17 0
15294 11 1
15308 27 1
15324 11 0
15335 22 1
15352 10 1
15365 16 1
15372 22 1
15378 23 0
15386 17 1
15406 19 0
15422 8 0
15436 22 0
15456 18 0
15466 8 0
15486 28 1
15502 14 1
15511 18 0
15523 10 0
15539 17 0
15556 3 1
15562 10 1
15580 2 0
15599 9 0
15615 29 1
15627 11 0
15628 18 0
15637 20 0
15656 17 1
15658 22 0
15675 20 0
15688 15 1
15689 22 0
15697 18 1
15702 5 0
15709 2 1
15725 27 1
15738 22 1
15739 21 0
15748 23 1
15760 26 1
15769 5 1
15789 3 0
15805 24 0
15813 12 0
15814 27 0
15833 23 1
15838 2 0
15849 6 0
15869 26 0
15874 21 1
15884 25 1
15891 12 1
15901 21 1
15916 5 0
15933 6 0
15950 24 0
15957 23 1
15966 25 0
15969 3 1
15985 8 0
15988 18 0
15998 9 0
16011 3 0
16018 28 0
16034 23 1
16047 26 1
16065 22 0
16069 10 1
16072 6 1
16086 24 1
16100 26 1
16115 12 1
16118 14 1
16125 12 1
16134 26 0
16152 15 0
16167 24 0
16185 19 1
16196 25 1
16210 23 1
16213 22 0
16223 2 1
16238 27 0
16245 21 0
16258 18 1
16262 17 0
16276 4 1
16296 24 0
16316 29 1
16333 17 1
16346 5 0
16363 26 1
16379 12 0
16392 17 0
16402 29 0
16407 13 0
16414 23 1
16429 29 0
16448 17 0
16466 25 0
16471 29 0
16477 9 0
16482 4 1
16493 26 0
16509 23 1
16519 10 1
16522 21 0
16535 29 1
16537 28 1
16548 25 1
16557 13 0
16558 21 0
16559 13 0
16564 9 1
16575 1 0
16576 21 0
16583 9 1
16597 3 1
16614 22 1
16622 22 0
16628 21 0
16648 16 0
16665 12 0
16684 10 1
16694 20 0
16704 1 0
16712 3 1
16714 26 0
16721 9 1
16726 15 0
16730 28 0
16737 1 1
16750 14 1
16764 18 0
16782 28 0
16791 16 0
16797 10 0
16812 18 1
16815 5 1
16831 18 1
16836 24 0
16842 7 0
16850 11 1
16853 1 1
16869 1 1
16878 14 0
16889 22 0
16891 21 1
16898 29 1
16913 26 0
16931 3 0
16941 6 1
16947 13 0
16957 13 0
16968 18 1
16982 29 1
17000 21 1
17014 29 0
17031 12 0
17046 20 0
17060 22 0
17068 13 1
17073 18 0
17079 27 0
17087 20 0
17098 9 1
17099 3 0
17112 2 0
17122 29 1
17141 2 1
17157 6 0
17169 13 0
17187 15 1
17194 26 0
17213 10 1
17222 4 0
17224 12 0
17230 19 1
17248 28 0
17262 16 1
17276 15 1
17292 28 0
17294 15 1
17299 27 1
17311 18 0
17318 7 1
17319 5 1
17328 25 1
17329 23 0
17348 5 0
17355 12 1
17359 17 0
17376 19 1
17393 2 0
17413 18 0
17429 5 1
17431 11 1
17446 25 0
17461 12 1
17479 17 0
17495 17 0
17514 15 1
17528 7 1
17536 10 0
17547 8 1
17558 25 0
17576 13 1
17590 8 1
17602 10 1
17614 1 1
17626 25 0
17634 15 0
17651 20 1
17669 9 1
17673 21 1
17683 17 1
17699 11 1
17705 24 1
17710 14 1
17726 14 1
17732 23 1
17750 2 0
17755 25 0
17771 3 0
17775 26 0
17781 12 0
17800 5 0
17809 24 1
17827 8 0
17847 28 0
17858 9 0
17863 1 0
17866 19 0
17875 3 0
17892 25 0
17901 18 1
17914 23 0
17934 9 1
17951 4 1
17958 6 0
17964 11 0
17979 23 1
17989 27 1
18006 22 0
18008 3 1
18024 5 0
18044 19 0
18045 10 1
18062 20 0
18067 6 1
18073 12 1
18082 26 0
18089 13 1
18100 14 1
18120 23 0
18128 5 0
18147 16 0
18160 23 0
18178 3 1
18194 23 1
18204 26 1
18212 8 0
18221 12 1
18234 22 0
18243 16 0
18246 19 1
18248 5 1
18258 2 1
18270 26 1
18277 14 0
18294 3 1
18302 5 1
18309 20 0
18312 8 1
18323 29 1
18327 19 1
18340 1 1
18353 24 1
18355 17 0
18364 19 1
18369 10 1
18381 11 1
18386 3 0
18391 26 1
18405 12 0
18408 3 1
18427 17 0
18446 9 1
18448 9 0
18452 15 1
18459 8 1
18460 8 1
18472 10 0
18473 17 1
18483 22 0
18486 21 0
18502 17 0
18505 12 0
18521 13 1
18525 6 1
18533 28 1
18538 17 0
18547 9 0
18567 25 1
18568 20 0
18580 22 0
18583 6 0
18597 10 0
18601 23 1
18612 13 0
18615 5 0
18634 27 1
18636 1 0
18645 16 0
18662 28 0
18681 17 0
18694 29 1
18702 22 1
18712 28 0
18722 18 1
18738 24 0
18751 1 0
18755 29 0
18757 5 0
18770 27 0
18784 22 1
18785 13 0
18796 10 0
18801 18 1
18812 11 0
18828 8 0
18839 3 1
18855 8 0
18859 1 0
18872 5 0
18887 26 0
18893 3 1
18895 22 0
18901 29 1
18904 13 1
18918 8 1
18927 13 0
18937 7 0
18943 23 0
18948 1 0
18949 24 1
18959 24 1
18960 24 0
18961 15 1
18969 8 1
18970 23 0
18990 24 1
18996 10 1
18998 20 0
19006 24 1
19010 26 0
19015 15 0
19030 18 1
19048 3 1
19056 19 0
19076 16 0
19078 26 1
19079 16 0
19097 4 0
19102 2 1
19104 7 1
19106 6 1
19109 1 0
19124 25 1
19129 17 0
19146 1 0
19156 4 1
19166 13 0
19168 8 0
19176 4 0
19179 21 0
19192 20 0
19212 13 1
19216 21 0
19231 28 1
19232 25 0
19233 19 1
19238 17 1
19244 7 0
19252 2 0
19261 28 0
19281 22 1
19291 13 1
19302 22 1
19313 6 0
19327 20 1
19329 14 1
19341 1 1
19360 3 0
19379 16 0
19397 19 1
19400 5 1
19401 19 1
19416 17 1
19429 27 1
19441 15 1
19443 27 0
19462 15 0
19477 10 1
19478 23 1
19482 13 0
19502 9 1
19515 14 0
19531 1 0
19541 22 1
19557 1 1
19567 25 1
19582 29 1
19595 23 0
19612 21 1
19624 13 0
19630 2 1
19639 17 0
19658 28 0
19664 12 1
19677 6 1
19685 10 1
19701 8 1
19711 23 1
19714 16 1
19730 12 1
19736 23 1
19746 6 0
19760 11 0
19779 21 1
19795 13 1
19807 16 1
19820 15 0
19839 8 0
19848 21 1
19856 7 1
19871 23 1
19877 9 0
19879 17 1
19892 20 0
19900 27 1
19920 1 1
19933 15 1
19947 1 0
19960 17 1
19967 23 1
19977 8 0
19990 28 1
19994 4 0
20004 29 1
20017 29 0
20021 25 0
20034 7 1
20051 8 1
20067 14 0
20071 12 1
20074 9 1
20094 7 1
20109 3 1
20120 2 1
20134 6 1
20145 2 1
20151 13 0
20160 16 0
20169 28 0
20174 11 0
20192 12 1
20194 22 1
20205 23 0
20213 20 1
20215 8 0
20226 7 1
20233 27 0
20245 24 0
20252 5 0
20266 14 0
20286 26 0
20300 25 0
20319 15 0
20336 20 0
20341 25 0
20357 2 0
20359 20 0
20360 13 0
20372 29 1
20390 4 1
20393 4 0
20396 22 0
20409 11 1
20428 27 1
20441 24 0
20445 4 1
20456 2 1
20461 13 1
20481 11 0
20488 5 0
20502 26 0
20511 25 1
20517 14 1
20529 13 0
20540 21 0
20558 5 1
20567 22 1
20573 24 1
20576 18 1
20592 15 0
20607 9 0
20609 25 1
20613 12 0
20629 2 1
20649 27 0
20654 3 0
20664 21 0
20683 10 0
20694 5 0
20703 15 1
20721 14 0
20740 1 0
20756 8 1
20776 15 0
20777 21 1
20786 3 1
20794 6 0
20812 21 1
20816 1 0
20820 13 0
20830 17 1
20850 0 0
