80 80
1 0 1
16 36 1
21 24 0
24 54 1
30 56 1
32 18 1
35 9 0
47 69 0
61 56 0
63 73 0
79 76 0
91 5 1
104 72 1
120 20 1
132 39 1
146 4 1
158 51 0
166 74 0
184 51 1
188 25 1
207 72 1
218 26 0
225 35 0
230 55 0
236 12 1
247 25 0
249 62 0
259 63 0
274 34 0
281 30 1
290 39 1
297 27 1
316 3 0
326 31 1
342 58 0
347 56 1
354 74 0
356 69 0
369 30 1
387 11 1
400 50 0
402 72 1
410 35 0
422 45 0
433 36 0
440 34 1
452 75 1
470 43 1
474 15 1
484 42 1
493 24 0
500 75 1
509 32 1
512 76 0
532 54 1
541 6 1
543 48 0
555 27 0
556 15 1
565 53 0
570 66 0
584 25 0
603 28 0
611 73 0
625 1 1
633 52 0
651 62 0
661 33 1
673 61 1
693 36 0
697 63 0
702 62 1
705 36 1
719 45 1
727 6 1
736 79 0
755 41 0
774 35 1
793 44 1
806 0 0
