1000 5 1000 1
735 1
86 2
611 3
19 4
685 5
945 1
426 2
945 3
978 1
584 1
775 3
180 1
568 3
173 1
39 1
291 5
577 1
908 4
129 2
552 3
965 1
704 5
225 4
836 4
759 3
974 5
109 5
568 2
377 5
524 5
159 5
199 4
93 5
271 2
981 5
939 4
577 1
890 2
387 4
907 3
137 2
361 1
531 4
353 5
886 4
894 1
851 2
486 3
897 3
1000 3
601 4
629 5
494 4
585 2
557 4
672 4
590 3
14 4
395 5
847 1
648 5
854 4
501 4
677 5
378 1
152 1
131 5
912 5
635 1
560 4
942 5
477 1
384 3
213 2
285 4
853 3
314 4
851 2
848 5
557 4
438 1
161 1
769 1
295 1
648 5
383 2
895 5
56 2
147 1
119 1
815 5
790 5
33 5
428 3
685 2
111 1
555 5
189 5
295 2
269 2
674 5
134 1
869 5
677 4
383 5
382 2
449 4
287 4
857 4
322 4
206 1
82 2
958 2
854 4
864 3
625 5
755 1
771 3
261 4
141 5
728 4
480 2
242 1
87 4
595 3
6 3
170 3
179 5
606 3
609 4
622 5
602 5
426 4
122 1
594 3
9 1
656 3
655 3
594 4
245 2
116 1
726 3
93 2
402 1
197 2
999 2
550 2
549 3
130 3
607 2
773 5
142 4
886 4
847 1
102 2
849 3
202 5
415 2
622 4
827 3
800 5
381 2
605 1
637 2
542 3
978 3
819 2
281 2
873 5
314 1
151 2
673 3
759 2
371 3
647 3
56 3
114 2
783 1
672 2
521 3
355 2
868 1
799 1
46 2
7 1
762 5
47 3
234 4
898 1
993 5
724 1
711 3
89 5
770 3
455 5
441 1
537 3
385 4
11 3
648 4
957 1
772 4
70 1
327 1
473 5
81 1
113 1
856 5
447 3
892 5
168 4
773 1
899 2
492 3
298 5
385 3
218 2
273 2
907 4
514 1
111 5
873 3
427 2
442 5
463 5
586 5
480 3
14 2
820 1
959 3
971 5
986 2
672 4
606 2
589 3
274 2
516 5
421 2
897 1
726 3
873 2
594 4
37 5
174 1
377 5
776 3
820 5
759 5
527 5
407 1
454 1
677 3
288 1
352 5
354 4
909 5
125 5
699 4
660 4
164 5
671 4
703 2
152 1
250 4
100 4
847 5
387 4
479 4
907 2
2 4
558 2
146 1
846 4
300 5
115 2
380 4
745 2
342 2
383 2
153 3
473 2
305 1
373 2
795 3
48 5
549 5
412 2
424 5
797 5
336 3
389 4
557 2
90 1
194 1
57 1
646 1
116 4
448 2
227 2
844 4
449 3
906 2
262 4
847 1
397 4
503 2
900 2
504 2
139 3
17 1
599 4
423 5
714 5
801 2
175 5
405 2
244 1
658 5
285 5
685 1
452 1
344 4
81 4
252 4
672 5
504 2
747 4
966 5
771 2
258 2
778 1
361 3
319 1
586 2
43 3
461 2
390 5
215 5
114 3
212 2
679 1
863 1
96 1
889 2
948 1
900 4
860 5
502 3
378 3
863 5
124 4
647 1
309 4
84 5
15 3
800 3
281 3
49 4
196 1
339 3
236 5
134 3
81 4
460 3
446 4
1000 3
470 2
959 2
381 1
875 5
860 2
803 5
886 2
752 4
254 4
475 5
481 3
284 3
233 4
465 1
295 1
598 1
34 2
67 5
512 2
457 5
475 1
882 2
75 3
15 4
549 1
321 4
694 2
395 2
432 4
729 2
507 4
745 4
46 5
394 2
521 3
346 1
570 5
297 2
379 5
226 2
747 4
896 1
410 1
654 4
162 5
219 5
227 4
231 5
316 2
28 2
933 2
418 5
812 4
834 3
760 1
38 3
55 3
966 1
33 4
511 3
60 4
132 1
541 2
983 3
502 5
764 1
247 2
789 1
225 2
624 1
510 3
72 3
431 2
890 5
432 2
409 5
50 2
94 5
21 5
167 4
758 4
334 4
355 3
300 3
428 3
125 1
760 3
378 3
770 3
929 5
474 1
770 3
68 5
137 2
397 4
235 2
811 1
531 1
284 4
981 3
83 3
187 3
494 4
128 2
274 2
284 5
186 1
796 3
574 2
931 2
589 3
385 2
366 3
801 2
769 4
226 1
223 3
514 4
352 5
828 4
304 1
739 4
40 5
579 2
286 1
804 5
591 3
1000 3
218 2
2 3
486 4
502 1
990 4
461 2
642 5
901 3
659 3
269 4
218 4
425 5
453 5
779 5
786 4
338 2
726 5
982 3
32 2
515 4
752 4
992 2
569 2
588 1
447 4
935 1
652 2
466 4
493 2
160 5
992 5
742 3
577 1
759 5
578 1
572 5
39 5
436 2
341 3
594 2
908 1
244 5
714 4
34 4
275 5
877 3
106 5
310 1
806 3
403 5
838 4
97 2
816 4
570 1
618 2
362 3
172 4
383 3
786 3
734 4
833 4
833 1
872 1
847 5
221 1
149 2
835 4
674 2
251 5
718 3
375 4
109 3
372 2
392 5
841 4
899 5
456 3
912 4
739 3
83 4
899 3
810 3
89 3
744 4
842 2
803 4
771 2
287 1
33 4
612 5
954 2
960 4
564 5
452 3
321 2
448 1
935 1
712 1
153 3
353 4
997 1
388 3
127 4
861 4
356 4
478 5
28 5
437 5
773 1
302 2
362 5
715 5
491 2
171 4
361 4
299 1
830 5
355 2
739 5
612 2
98 1
281 1
812 5
547 1
92 3
752 4
982 1
332 1
255 4
368 1
117 2
323 2
898 2
569 4
990 4
757 1
850 3
840 2
520 4
216 4
351 1
600 5
886 4
312 3
988 4
398 3
528 4
617 1
115 3
332 5
172 3
640 3
958 5
412 2
177 3
301 5
616 4
973 2
282 3
744 3
439 2
508 1
434 1
949 1
284 3
35 4
989 3
654 4
177 3
504 1
787 4
969 2
505 3
915 3
75 5
996 4
702 1
716 3
84 4
880 4
792 1
101 2
777 1
810 2
799 5
148 1
11 4
415 3
321 2
212 3
268 2
960 1
393 4
922 1
443 3
263 4
662 4
692 2
503 5
64 3
378 2
449 4
821 2
898 3
107 3
69 2
338 2
388 2
399 1
239 5
713 3
545 2
700 4
39 5
936 4
258 3
859 2
714 5
362 5
700 3
614 5
914 2
540 4
883 3
183 3
955 1
962 4
919 2
50 1
91 2
75 4
793 1
8 3
945 2
846 4
371 4
147 1
93 5
223 5
68 1
726 5
976 4
955 2
29 1
86 3
206 3
279 1
872 4
451 2
848 3
264 5
947 3
164 4
265 5
952 5
305 3
597 4
162 2
260 1
966 1
210 3
888 4
135 2
65 2
337 5
195 2
976 4
809 1
185 3
764 3
285 2
466 4
62 3
677 4
249 3
868 2
605 3
810 2
422 5
324 2
833 2
361 1
492 1
341 5
222 2
444 2
417 1
267 4
415 4
554 5
407 5
969 2
833 1
718 5
55 1
759 3
280 5
456 3
247 3
256 2
397 2
482 2
478 3
706 4
738 1
361 4
891 2
532 1
205 3
397 5
460 2
996 5
267 1
98 1
449 2
228 2
971 3
658 1
339 4
485 1
530 4
815 4
271 2
423 3
817 2
939 1
146 3
777 2
510 2
759 2
588 4
552 2
590 4
867 2
690 3
268 1
548 4
342 1
667 1
745 2
524 5
762 4
560 3
51 5
767 3
540 1
809 5
663 3
642 1
33 3
725 4
936 5
946 5
128 3
123 5
619 4
66 2
987 2
97 5
666 4
576 3
102 1
259 4
232 3
122 3
966 4
190 1
443 4
311 4
932 1
700 2
45 3
971 5
526 1
385 2
195 2
336 5
691 2
330 4
44 5
371 2
557 5
642 3
732 4
763 3
316 5
347 5
649 5
795 1
373 3
952 1
126 5
301 2
238 1
741 1
722 4
457 2
487 5
660 5
571 3
526 5
996 2
984 5
203 1
59 2
678 2
706 1
201 1
196 4
906 3
550 5
97 2
865 5
460 2
838 1
848 4
730 5
405 2
138 4
193 3
2 3
226 1
13 3
574 2
864 2
693 5
295 5
716 4
590 5
812 3
863 4
477 4
545 1
835 4
404 3
629 4
906 1
385 5
787 2
36 4
326 3
275 5
142 3
546 2
22 5
463 4
665 3
62 1
949 1
521 3
8 5
639 5
80 2
272 2
760 2
810 1
869 2
744 4
260 3
16 2
71 2
288 3
670 2
19 2
133 4
777 4
835 3
604 2
729 1
346 3
992 1
960 4
186 3
132 4
710 5
539 1
197 4
213 5
395 2
963 1
315 5
898 3
30 1
359 5
919 4
280 2
447 5
284 3
564 5
68 5
842 4
12 2
473 1
255 4
188 3
43 2
423 3
394 3
357 5
7 5
777 2
698 3
80 3
394 5
16 1
374 5
