1000 5 900 999
567 1
528 2
985 3
185 4
872 5
874 4
505 2
924 5
299 2
701 2
64 2
666 3
476 4
881 1
548 5
95 4
255 2
914 4
311 2
623 5
505 5
970 3
498 1
967 5
259 5
954 4
25 5
373 2
402 2
252 3
611 4
316 4
45 1
894 1
121 5
695 1
323 1
377 4
458 3
526 5
771 5
31 2
520 3
279 5
925 4
813 5
204 2
502 4
766 2
221 5
191 2
674 4
286 3
112 2
720 3
355 4
504 5
510 5
93 3
524 1
464 3
901 1
220 1
533 1
173 4
46 5
129 2
212 2
39 1
127 5
905 5
416 1
105 2
501 4
531 5
212 4
567 5
290 3
777 3
619 3
648 1
41 5
538 2
984 1
291 5
617 2
207 4
848 2
450 3
513 1
766 5
596 5
783 3
44 2
892 1
370 4
684 2
993 3
9 4
466 4
480 4
871 4
912 4
988 3
511 3
605 2
7 1
293 5
474 1
26 4
891 2
185 4
299 3
685 1
65 5
957 2
794 5
483 4
439 3
883 5
545 3
785 2
849 5
570 1
444 1
394 5
879 4
349 5
693 5
89 2
934 2
474 4
300 5
194 1
533 1
873 4
849 5
606 3
455 4
731 2
846 4
719 1
227 3
421 4
100 4
694 2
831 2
266 5
425 5
751 4
160 2
66 4
17 3
256 4
898 3
158 5
418 5
136 5
875 4
280 2
85 2
615 1
231 1
25 4
731 4
959 4
868 5
3 4
64 2
486 3
786 1
774 5
879 4
329 1
247 2
139 2
50 5
712 1
991 4
165 3
275 4
245 5
147 1
45 2
761 2
389 4
376 3
760 5
685 5
555 4
263 1
450 5
269 4
243 3
803 2
401 5
398 4
601 1
523 4
311 4
75 3
34 4
699 3
540 1
273 1
607 5
31 3
643 3
166 4
904 1
810 1
862 1
285 1
888 3
682 2
55 3
271 4
410 2
998 1
17 5
442 4
576 3
506 1
136 3
466 4
86 4
707 4
112 4
208 3
940 2
609 1
679 2
667 3
298 3
996 1
135 5
963 5
672 5
744 3
154 5
864 2
872 3
307 1
191 1
728 2
322 3
302 5
199 5
313 3
226 5
792 3
835 3
690 1
302 1
326 4
310 3
468 2
714 2
45 2
540 5
789 1
134 5
330 4
376 1
201 3
789 1
622 5
498 2
516 5
42 3
772 1
589 5
563 5
105 1
957 3
78 2
807 2
412 3
498 5
436 4
734 5
427 1
172 1
479 1
303 1
136 4
741 5
472 1
118 3
718 4
526 4
757 5
285 2
173 3
682 4
905 1
446 3
224 3
90 4
691 5
520 4
611 5
229 1
4 1
749 1
80 3
675 4
720 2
589 2
178 4
187 2
775 4
936 5
556 1
713 4
76 3
702 3
57 1
526 2
309 2
93 2
581 5
614 3
554 3
838 2
649 2
532 1
913 4
539 4
466 2
240 4
409 4
126 5
494 4
163 3
89 1
429 3
899 1
278 3
28 3
468 4
618 2
223 2
14 2
303 4
124 3
790 3
988 4
612 3
153 5
410 2
688 4
973 2
21 4
682 4
212 5
204 3
738 1
368 2
81 4
649 1
841 1
906 5
833 2
110 4
441 5
416 4
824 2
117 1
976 3
643 1
208 3
68 3
932 4
262 2
678 3
569 1
482 1
113 4
673 2
411 4
918 3
399 3
706 2
813 4
949 1
346 1
252 3
697 1
199 3
252 4
940 2
35 3
535 4
96 5
72 5
72 4
10 3
520 1
364 3
74 5
566 1
18 5
473 5
864 2
811 1
595 5
891 3
502 4
191 4
695 3
746 1
220 3
496 4
128 5
483 3
473 2
497 4
546 2
301 2
119 3
648 5
943 4
139 4
251 4
968 4
899 2
535 5
460 2
555 3
283 1
588 5
396 1
710 5
495 3
217 5
776 4
940 3
157 4
991 4
610 1
545 1
36 4
332 4
688 2
449 3
148 1
902 4
37 3
799 4
542 4
942 2
158 2
662 2
688 1
824 1
162 1
638 4
995 4
678 1
710 4
827 3
850 4
347 2
726 2
701 4
633 4
285 1
643 5
607 3
879 5
493 2
2 1
345 1
261 2
857 1
721 2
220 4
170 3
864 4
84 4
630 3
130 2
105 5
442 4
887 1
476 4
382 5
6 3
338 5
216 4
997 3
997 4
31 2
423 4
202 2
219 1
225 2
785 2
112 2
89 5
339 5
604 4
298 3
628 1
988 1
549 2
854 4
666 4
85 3
42 5
690 5
433 4
277 1
256 5
548 1
664 2
746 2
137 3
316 4
678 2
52 1
719 5
6 2
570 2
849 2
608 2
489 5
744 5
349 3
910 3
994 5
779 2
815 4
121 4
283 2
949 3
786 2
101 3
577 2
698 4
873 4
537 4
25 3
187 5
754 1
585 3
521 3
192 5
167 2
718 3
718 3
292 3
278 5
347 3
239 5
267 3
935 4
556 2
781 2
452 2
255 4
678 3
512 2
552 2
227 5
505 1
269 2
908 5
184 4
386 3
571 5
942 1
422 2
149 2
237 1
426 4
548 3
657 5
371 4
42 3
212 1
286 3
923 3
142 2
223 1
245 5
58 3
505 4
94 2
651 4
343 4
906 2
302 5
991 5
892 5
693 4
384 2
374 4
368 4
520 5
195 1
687 2
818 1
634 4
41 4
863 1
147 1
94 4
117 4
442 1
913 2
407 1
465 2
959 2
869 1
254 2
872 2
942 3
774 4
815 3
832 3
887 1
36 3
507 3
872 1
164 2
475 1
379 3
132 5
952 2
948 5
491 2
750 3
798 5
64 4
858 3
88 1
879 1
253 4
519 5
364 4
347 3
567 5
923 3
41 4
173 3
446 4
365 5
183 1
477 3
740 1
164 5
98 5
361 1
600 5
981 3
253 1
393 5
470 3
855 4
397 4
210 1
237 2
574 2
848 3
32 4
79 2
329 5
318 5
963 5
811 3
544 4
107 5
504 4
837 4
257 3
93 1
92 3
89 5
582 4
871 4
487 4
497 4
799 4
992 2
725 4
700 3
589 5
607 4
362 2
541 4
391 2
931 1
184 4
991 1
345 1
71 3
716 2
59 4
294 1
98 2
902 2
949 4
241 1
106 5
778 2
881 2
553 2
451 2
223 2
751 5
837 4
848 4
175 3
809 5
525 5
658 2
486 3
702 3
763 4
261 2
772 5
687 2
146 4
255 3
633 1
481 3
957 3
109 3
453 4
501 3
492 5
716 3
757 1
842 2
565 1
683 1
959 3
378 4
183 2
211 5
368 1
466 4
300 2
77 5
494 3
773 5
18 1
701 4
333 5
284 5
276 3
595 4
617 1
447 3
240 1
599 5
384 5
826 5
400 4
884 5
456 1
835 1
585 1
872 2
573 4
751 5
968 2
177 1
386 4
666 1
754 1
902 3
970 1
440 1
571 5
803 5
871 1
276 3
154 5
613 4
910 4
218 4
23 3
200 5
38 3
892 2
210 5
157 2
396 5
456 1
265 2
732 5
21 1
551 3
67 4
102 4
989 4
230 4
398 1
431 4
264 2
201 4
402 4
648 4
900 1
947 1
499 3
563 1
560 4
263 1
218 1
207 4
472 5
79 3
243 2
887 4
134 5
126 5
79 3
509 1
859 3
32 3
171 1
321 1
990 2
648 2
676 2
643 4
978 2
18 1
752 5
322 2
358 5
902 5
403 5
447 1
688 1
979 3
817 1
469 5
336 2
77 3
141 4
359 4
133 4
591 5
687 4
252 1
295 4
389 5
639 3
834 3
733 2
199 4
944 2
233 1
366 5
126 1
449 5
686 1
148 5
363 4
898 3
279 3
963 2
818 1
47 5
376 5
505 4
247 2
245 4
333 5
528 3
311 1
360 1
690 4
173 1
881 5
583 3
814 1
762 3
64 2
151 4
709 3
425 2
234 3
417 5
673 3
731 2
826 2
334 2
394 4
851 2
781 3
317 4
670 5
572 5
390 1
403 4
213 3
682 2
957 3
688 5
909 1
924 4
559 5
174 3
308 2
157 5
62 3
700 1
19 1
418 2
180 5
473 5
312 4
19 1
102 4
875 2
817 5
737 3
490 5
618 3
468 1
233 3
157 4
973 4
943 2
484 2
611 1
593 3
811 1
231 2
741 1
211 2
174 2
514 1
386 2
90 4
681 2
637 5
645 2
894 2
676 4
364 2
480 1
247 3
557 3
958 2
427 2
474 4
953 2
78 4
636 5
156 5
843 1
24 1
755 5
252 4
354 1
521 4
789 3
538 4
99 2
323 4
838 4
935 2
51 3
668 2
180 4
768 1
775 1
401 1
803 1
969 4
737 4
729 3
581 1
825 4
867 4
635 1
425 3
481 4
342 4
588 4
383 1
982 1
219 5
475 3
652 5
162 2
531 4
145 1
296 3
164 4
184 3
321 5
266 3
