1000 5 4 29850
779 1
826 2
795 3
419 4
660 5
438 5
741 2
779 3
956 4
615 1
127 3
791 1
954 4
988 3
403 2
837 4
343 4
837 1
901 3
405 4
10 2
698 5
491 4
357 4
674 5
670 2
222 2
142 5
217 2
263 1
127 1
49 2
212 1
43 5
190 1
529 2
803 4
181 4
485 3
408 1
468 5
464 5
313 5
843 4
498 1
331 4
731 5
917 5
305 4
83 4
293 4
630 2
591 2
578 4
295 5
608 1
711 3
782 5
584 2
518 5
262 5
664 2
507 5
401 3
711 3
993 4
665 2
9 3
327 3
749 5
442 3
45 3
188 5
502 1
677 2
235 2
149 5
333 4
511 3
130 4
325 1
150 3
306 2
370 5
237 5
342 4
684 5
739 1
712 4
99 4
930 3
329 5
968 4
552 1
559 5
557 3
240 1
760 3
158 2
212 5
659 5
933 4
869 4
171 5
762 1
720 5
38 4
143 3
261 4
25 2
19 5
696 2
406 2
394 3
335 3
895 5
88 2
151 5
155 1
663 4
472 5
417 5
445 4
860 4
909 3
29 3
48 3
441 4
850 1
396 2
658 2
302 5
391 4
180 4
30 3
220 4
529 4
911 5
814 2
536 3
654 1
39 2
178 5
183 4
79 3
436 5
521 1
347 5
153 5
843 3
706 5
534 5
295 5
875 5
290 4
672 4
130 4
568 3
618 2
795 5
973 5
511 2
405 2
492 4
239 2
122 3
490 5
453 2
306 5
171 4
952 4
112 2
100 1
312 4
524 5
804 3
595 5
984 3
85 5
769 2
842 2
371 2
804 3
652 5
175 1
611 5
375 5
472 5
8 2
855 3
340 2
109 5
89 2
462 1
607 1
652 4
130 5
722 1
970 5
797 3
354 5
217 2
484 2
310 5
72 2
895 1
689 3
388 5
590 4
943 2
746 3
698 1
32 5
780 1
905 2
992 2
179 1
172 1
202 4
520 1
102 4
753 3
981 2
189 4
151 4
831 5
125 2
114 2
568 5
921 5
329 4
618 3
833 2
668 5
842 2
930 2
335 2
409 4
112 4
258 5
351 4
325 4
830 4
112 5
323 3
716 1
480 3
691 3
809 2
355 2
989 5
192 3
357 1
614 5
430 1
698 3
408 5
29 4
58 3
125 1
655 3
540 4
737 3
421 3
417 1
194 4
374 4
763 2
911 3
872 2
14 4
1 2
894 5
570 1
21 4
569 2
799 3
170 2
256 2
309 4
475 3
895 2
844 5
212 5
505 5
605 2
988 4
463 4
285 5
539 4
275 3
501 3
359 3
17 3
361 1
251 5
852 3
615 1
409 1
380 2
585 1
356 5
478 1
504 5
218 5
379 4
750 3
474 5
545 2
838 1
362 5
938 5
970 4
360 1
170 1
531 5
763 2
607 1
191 2
459 1
968 3
758 5
856 2
240 1
900 3
575 2
133 1
167 3
193 1
983 3
44 3
630 1
194 5
116 3
669 1
180 2
463 3
428 3
736 4
40 1
428 5
663 1
754 2
532 5
725 4
711 3
615 3
947 3
237 3
460 4
904 5
386 5
947 5
236 4
690 5
305 3
681 3
953 3
871 2
982 1
755 2
735 2
614 1
755 3
317 3
169 2
593 1
387 1
109 5
991 5
726 3
104 5
825 4
335 4
403 1
708 5
617 3
10 2
466 5
548 1
985 3
581 4
263 2
54 5
97 2
309 4
577 3
397 2
841 3
267 4
378 5
893 1
62 5
383 3
993 2
770 4
907 3
766 4
203 3
378 4
79 1
412 2
572 2
494 1
988 3
830 5
561 5
220 3
712 2
397 1
778 2
804 1
488 5
778 3
400 2
342 5
730 3
227 1
85 4
755 2
747 2
171 4
684 3
1 2
682 3
5 2
990 1
337 2
50 3
686 4
898 4
113 4
240 1
883 4
229 2
466 2
376 1
168 2
440 4
782 5
955 4
417 2
382 2
845 2
594 5
189 3
897 1
629 2
166 3
122 4
244 4
971 4
181 3
162 5
839 4
936 2
84 1
417 4
761 1
699 3
391 4
656 3
538 2
99 5
809 2
637 5
270 2
111 3
888 4
249 4
529 1
812 5
368 1
609 3
572 5
824 2
115 2
622 3
555 5
610 5
73 3
99 2
750 3
799 1
686 3
232 4
105 3
166 2
828 1
383 1
283 1
741 3
877 2
895 3
916 1
195 5
261 3
175 2
950 4
822 5
48 2
307 2
770 1
338 3
102 1
66 3
233 1
826 3
287 3
225 2
379 3
484 4
460 5
67 5
499 5
215 3
560 2
591 3
496 3
594 1
954 2
459 2
248 2
593 4
633 1
487 5
747 5
535 1
521 3
35 5
328 4
734 5
975 1
853 2
77 5
174 2
47 5
899 1
698 5
643 2
427 5
307 5
811 5
105 3
694 3
716 1
484 3
225 1
998 2
708 5
457 4
737 1
396 2
39 5
599 5
514 5
464 2
414 5
71 5
317 3
78 4
521 3
404 4
558 2
54 2
843 3
644 3
447 4
646 4
699 5
337 1
237 2
745 1
2 4
331 4
406 5
174 3
809 2
837 1
454 4
858 1
486 4
790 3
409 4
834 5
811 2
686 5
539 4
406 5
830 1
363 4
614 2
994 1
796 4
160 2
211 2
971 3
865 3
439 5
516 5
637 2
661 4
634 5
227 5
636 5
954 3
984 3
463 2
406 4
307 1
495 2
58 2
554 2
26 1
534 4
611 4
967 5
904 2
220 3
988 1
717 5
37 5
852 3
973 5
627 2
446 5
969 3
675 4
115 1
693 5
542 2
586 5
558 5
75 4
571 5
480 2
330 5
707 3
946 2
836 2
960 3
113 3
200 5
715 2
832 2
76 4
133 3
90 1
383 3
909 3
895 2
884 4
965 3
505 1
810 2
265 5
515 3
239 4
851 5
36 3
946 3
237 2
905 5
160 5
105 3
43 5
174 1
323 2
296 2
606 5
990 2
663 1
317 5
440 4
105 2
369 1
600 2
825 4
454 2
760 4
335 3
629 3
838 4
149 3
407 3
328 5
622 3
378 4
817 1
813 4
693 1
171 4
691 3
772 5
922 1
818 2
794 3
512 2
254 5
517 1
845 2
736 2
339 5
975 2
206 5
624 3
148 3
269 3
86 5
976 1
317 1
274 1
335 5
248 1
984 1
420 2
128 1
31 3
172 4
432 5
854 1
518 1
393 4
772 1
306 3
958 2
331 4
609 5
902 4
676 2
529 2
501 3
708 1
662 4
193 2
38 4
489 1
96 1
287 3
963 4
942 2
905 4
714 4
202 5
234 2
727 3
744 1
762 1
120 2
784 2
914 5
833 3
196 5
540 2
694 5
71 5
782 5
763 2
648 5
514 4
81 3
426 3
151 2
854 4
576 5
967 1
576 1
924 3
428 4
999 3
854 1
819 5
549 4
144 5
896 5
45 4
360 5
674 5
205 3
308 3
382 2
591 3
38 1
793 1
501 4
266 5
649 1
401 4
561 3
469 2
848 1
709 4
229 1
405 5
44 5
720 5
57 1
250 5
100 3
940 2
931 5
910 3
868 3
651 4
840 5
434 1
499 5
643 5
1000 2
640 2
148 1
243 4
280 4
141 5
447 2
416 1
369 4
739 5
322 3
747 1
533 2
776 3
355 2
469 4
787 1
636 1
142 2
416 2
464 2
462 1
963 2
819 2
172 3
739 3
265 1
23 2
67 2
413 2
626 1
57 3
97 4
813 5
596 3
622 1
292 4
679 5
255 4
153 3
471 4
872 5
776 2
81 5
256 4
335 1
585 1
4 3
908 5
268 3
473 2
57 2
624 4
904 4
824 2
439 3
448 5
65 3
983 2
860 1
853 4
45 1
973 1
646 1
539 5
354 5
50 4
862 4
995 4
465 2
456 1
389 2
85 2
882 2
559 4
868 1
144 1
405 1
920 1
373 5
821 1
90 5
361 4
66 1
806 3
230 1
499 1
811 1
629 4
513 3
160 4
574 4
400 1
48 2
863 1
984 3
254 1
236 4
752 5
39 2
422 2
473 4
732 5
383 2
22 5
634 3
414 2
924 1
553 3
446 4
417 1
49 3
553 3
47 5
409 2
636 4
495 4
453 1
194 1
209 3
871 1
349 3
246 5
584 5
769 1
183 4
645 4
530 5
573 5
675 4
429 2
316 5
981 5
149 2
349 2
911 2
85 1
791 4
858 5
7 3
554 1
663 3
109 1
636 5
420 5
975 4
868 4
729 2
669 4
447 3
921 4
495 3
410 2
823 2
375 3
638 5
151 2
229 5
385 2
649 3
331 5
129 3
427 1
254 1
136 2
607 3
505 2
452 2
721 1
823 5
351 5
667 2
181 2
586 3
690 3
799 2
850 3
565 3
34 1
361 3
89 1
735 5
202 2
224 1
210 3
903 4
552 5
916 2
918 1
240 2
412 2
339 3
