1000 5 900 12987
235 1
383 2
430 3
153 4
545 5
339 5
208 3
541 4
828 3
734 5
695 2
14 3
731 5
826 2
168 3
318 2
763 1
883 5
579 4
992 2
195 1
176 4
577 5
92 1
596 1
8 3
393 3
849 2
887 4
248 3
80 3
552 1
799 4
949 4
165 2
811 1
594 5
303 3
201 1
239 4
93 4
362 3
872 2
702 4
21 5
786 4
164 3
3 2
570 4
626 4
844 2
728 5
68 4
708 5
809 5
626 5
943 1
983 5
651 5
529 3
82 5
727 2
762 1
996 1
459 4
890 2
747 2
208 4
935 3
475 1
373 4
604 1
158 4
926 3
926 4
489 2
57 2
640 3
17 4
539 3
167 1
14 2
598 1
885 5
293 2
625 2
874 3
810 1
7 2
763 1
315 1
783 2
273 5
687 3
992 3
941 2
38 5
973 4
794 5
436 5
627 5
17 1
881 5
183 2
850 5
444 5
908 3
943 2
830 2
216 4
313 2
189 5
628 1
794 1
51 1
425 3
107 3
772 4
254 5
122 1
957 4
18 1
130 3
242 4
92 3
652 5
309 2
50 1
582 3
894 3
828 3
481 4
933 1
8 5
720 2
95 5
144 2
601 5
498 5
533 5
597 5
70 5
904 5
176 5
719 5
101 3
795 5
495 1
33 3
981 1
913 1
453 2
605 2
259 1
613 1
59 5
799 3
641 3
327 5
651 5
395 5
447 4
276 4
976 4
226 4
755 5
357 4
401 3
974 4
777 3
339 4
199 4
63 2
59 4
88 5
405 1
716 4
882 2
933 1
370 3
974 2
692 5
122 5
291 5
387 5
916 2
538 3
720 4
612 3
104 5
80 2
282 5
266 2
322 5
619 4
236 4
880 3
689 2
743 5
118 4
836 2
406 3
934 5
649 5
274 1
507 1
725 3
928 1
273 1
212 3
481 1
857 3
308 4
207 1
270 4
871 1
645 5
452 3
25 1
579 3
581 5
904 4
420 3
279 2
775 4
820 5
276 2
182 4
355 1
410 3
716 1
664 3
596 5
508 2
551 2
49 5
295 2
685 1
988 3
904 2
950 4
417 3
949 2
737 1
439 5
789 1
625 4
599 5
110 5
591 3
857 4
166 5
343 1
436 4
66 2
682 2
460 5
432 2
239 5
195 5
425 4
664 5
97 5
404 5
162 2
32 5
164 4
888 3
375 4
869 5
263 5
442 5
613 1
657 1
763 2
786 3
575 1
592 3
764 5
472 3
345 3
862 4
832 2
111 2
757 1
137 5
445 5
616 4
950 4
7 2
860 3
513 5
911 3
262 5
343 3
380 3
797 4
304 3
40 5
792 1
537 1
463 1
703 5
88 4
509 1
970 2
425 2
671 1
681 1
751 4
804 2
729 1
333 5
278 2
392 4
595 2
931 3
239 3
154 4
496 1
855 4
785 2
418 4
925 3
182 3
990 3
488 4
900 5
255 2
413 4
764 2
47 2
480 4
134 4
798 1
799 1
140 4
737 2
891 3
80 2
198 4
907 2
606 5
293 5
724 4
743 1
223 5
248 2
216 2
309 5
863 1
645 1
200 1
111 4
409 3
948 5
14 3
897 4
170 2
641 2
660 3
655 1
37 5
971 5
534 1
111 1
308 5
564 2
969 3
406 4
435 2
15 4
790 2
157 4
241 2
727 5
408 2
312 3
312 3
811 1
859 4
281 1
593 1
419 3
392 2
585 5
675 3
354 4
525 3
747 4
52 4
406 4
793 5
727 2
117 2
926 2
531 3
695 2
297 5
343 2
505 1
74 2
821 5
293 2
859 1
847 1
232 4
776 1
379 1
664 5
892 2
851 2
31 3
917 2
453 1
599 3
162 4
957 4
449 2
604 2
519 1
309 1
181 4
179 1
440 2
370 3
199 3
219 5
529 4
914 2
523 3
804 3
192 1
565 3
523 5
328 4
115 3
947 2
842 4
468 5
609 2
464 5
240 5
791 1
578 2
397 1
51 1
286 1
711 2
976 1
450 5
961 5
914 3
343 1
223 3
662 1
528 1
978 3
288 1
254 4
593 1
764 3
194 1
90 2
757 4
343 3
666 1
169 3
692 3
210 3
768 2
625 3
804 3
584 4
345 3
134 5
242 4
212 1
822 1
729 1
41 3
490 2
577 5
999 3
927 2
255 1
876 5
841 3
636 5
571 2
151 5
21 2
289 5
324 3
207 4
641 4
739 2
363 5
318 1
148 3
818 3
854 1
921 5
845 3
520 1
248 2
290 5
669 4
353 2
256 1
338 2
103 1
155 3
728 5
481 1
225 3
424 3
855 3
355 1
745 2
83 5
94 4
980 3
171 1
514 3
654 1
719 4
92 2
373 2
255 3
394 2
553 3
837 3
773 2
562 3
911 2
739 3
890 3
949 1
119 4
797 3
516 4
593 4
226 1
391 2
38 3
644 2
459 1
905 3
547 3
575 3
685 4
403 4
596 3
112 4
233 5
717 3
925 2
829 3
977 3
737 1
886 5
125 1
211 4
7 1
771 5
381 1
799 5
194 2
953 5
245 2
67 5
18 2
573 5
712 3
823 5
709 2
357 1
203 1
547 3
427 4
8 1
602 2
311 2
667 4
136 1
886 3
841 2
544 1
932 5
663 1
547 1
847 3
12 3
131 4
524 4
941 5
870 1
739 2
666 2
177 4
561 2
391 3
139 5
678 4
363 1
994 1
210 1
956 3
645 4
411 4
837 4
215 1
232 4
923 1
133 1
471 4
307 5
95 1
937 4
882 1
376 5
714 1
375 2
94 4
444 1
495 2
636 2
655 3
731 5
243 1
131 1
237 4
966 1
501 1
947 5
286 3
824 1
800 3
828 4
946 4
331 3
800 5
210 2
708 4
598 1
623 5
964 1
673 3
222 4
197 5
426 3
796 3
894 2
261 5
819 3
642 3
84 3
434 4
654 5
703 2
122 5
360 5
61 5
949 5
656 4
294 2
24 2
200 5
311 2
773 3
347 4
154 2
127 1
879 2
662 5
792 5
949 3
304 4
495 4
229 5
193 1
435 2
898 3
956 3
688 4
488 2
292 3
149 4
822 4
921 1
228 4
440 1
652 5
927 5
854 2
178 3
732 3
747 4
678 5
641 3
773 1
758 5
17 2
386 4
519 1
769 5
224 4
720 3
521 3
258 5
392 3
11 4
830 2
657 2
941 2
558 4
319 1
872 3
937 2
22 5
819 5
678 4
494 1
752 3
323 5
597 3
591 3
569 2
124 5
484 5
504 3
779 1
858 3
22 1
559 4
655 5
45 4
841 4
753 5
714 1
706 4
318 4
787 4
697 2
813 4
723 3
335 1
243 1
204 4
288 3
813 1
927 4
987 4
731 4
271 1
956 5
428 2
844 2
417 1
265 1
445 2
467 4
300 5
280 2
672 5
642 4
284 4
265 1
409 5
758 4
642 2
624 2
232 1
16 2
500 5
9 5
374 5
593 2
262 5
897 5
445 4
283 3
837 1
864 4
68 2
836 1
884 1
434 2
120 1
64 4
39 2
489 3
752 3
252 4
944 1
752 2
51 2
188 5
556 2
317 2
589 5
251 2
646 1
932 4
799 1
978 3
158 5
696 4
98 2
193 2
391 3
550 1
368 4
135 2
363 2
373 1
304 2
445 1
369 1
380 2
26 2
685 1
181 4
641 1
922 3
794 2
798 3
13 3
56 3
534 4
353 4
817 2
419 4
321 4
478 2
276 5
768 3
362 1
185 1
986 1
879 5
688 5
444 4
675 2
932 2
600 2
404 3
474 5
480 4
377 3
165 3
830 1
146 3
436 5
325 4
601 5
837 4
485 3
874 5
456 1
289 3
170 4
488 1
71 1
207 1
501 4
234 4
217 1
657 3
714 2
70 1
56 5
177 3
854 2
323 5
621 2
587 1
598 2
431 2
341 4
143 5
36 5
233 4
677 1
513 5
440 4
646 3
856 4
924 4
713 3
639 3
279 2
442 4
722 4
421 4
218 5
929 5
891 3
762 5
900 1
904 3
889 2
870 3
510 1
464 1
162 4
401 1
698 1
998 3
732 3
881 3
813 2
558 1
990 4
794 4
740 5
42 1
207 5
830 2
293 5
632 5
325 5
150 5
337 1
350 5
388 1
473 5
87 2
322 2
183 3
511 1
601 1
81 5
877 1
64 3
471 2
816 3
850 4
44 2
662 3
173 5
918 2
306 3
890 1
704 1
352 3
200 1
228 2
56 5
865 3
270 1
861 2
953 5
162 3
876 1
285 3
939 5
5 2
461 4
295 4
450 2
512 5
535 5
202 2
822 1
392 4
601 1
937 1
955 1
199 4
36 2
973 4
322 3
973 2
228 3
124 3
401 5
665 1
740 2
597 4
74 4
724 3
627 1
652 1
38 5
704 5
542 3
477 1
341 2
602 1
73 2
521 3
501 3
116 1
817 2
818 4
762 4
358 2
281 2
