1000 5 900 7992
924 1
823 2
471 3
404 4
666 5
819 5
879 2
569 2
101 3
398 1
340 2
630 1
550 5
202 3
13 3
852 3
74 3
726 5
810 1
203 1
515 3
282 3
889 5
468 1
147 4
344 3
532 3
218 5
810 3
291 3
596 4
466 2
619 3
507 4
391 5
107 1
169 3
719 2
625 2
302 3
538 2
990 5
136 5
568 3
142 4
887 5
556 3
600 2
296 4
930 1
245 4
572 1
702 3
308 4
158 2
382 4
201 3
563 1
394 4
234 1
23 3
564 1
47 3
405 4
975 2
151 1
288 4
311 3
801 1
760 1
780 2
813 3
957 4
128 2
795 3
605 4
905 5
99 1
728 1
677 3
349 4
236 4
370 3
199 5
148 5
822 5
95 4
333 4
115 2
763 3
76 3
275 3
816 2
603 2
759 3
878 1
9 5
219 5
637 3
84 3
125 4
608 4
455 1
498 4
289 3
853 3
769 2
487 2
749 5
972 2
804 4
557 4
563 5
667 1
534 2
45 1
122 5
673 1
195 2
31 3
186 4
891 2
222 2
700 3
956 2
824 1
771 5
374 1
771 5
923 1
870 5
505 1
639 2
32 2
257 3
90 2
885 5
684 2
806 1
642 5
875 3
622 1
424 3
652 1
632 4
476 5
677 2
382 5
184 3
788 2
710 1
451 5
479 2
925 1
974 5
388 1
140 3
874 3
330 4
316 4
243 2
415 1
348 4
169 2
427 3
761 4
261 5
909 3
62 4
233 2
860 3
142 2
192 1
540 3
215 3
242 5
813 3
419 1
999 2
4 2
34 1
550 1
686 3
824 5
27 4
735 1
491 4
836 5
936 4
528 3
486 3
882 4
630 4
31 5
282 5
292 2
125 1
142 3
611 3
248 3
858 1
599 5
688 1
34 5
347 5
750 3
271 3
696 5
461 3
663 1
471 3
904 1
736 4
53 1
214 3
942 3
329 5
403 5
401 5
989 5
570 5
423 3
804 1
714 2
555 2
149 5
434 3
600 3
589 2
517 3
841 2
797 2
91 4
562 5
536 2
370 4
227 3
523 2
702 3
267 2
278 2
54 2
638 1
826 4
962 3
607 3
537 5
237 5
123 5
563 2
129 3
279 4
120 2
607 5
194 3
381 3
719 4
64 4
127 3
2 3
962 2
575 3
696 4
888 2
839 3
256 3
489 2
807 2
291 4
646 5
556 1
971 4
59 4
971 2
48 1
941 5
865 1
602 4
738 2
154 3
8 3
866 4
462 1
649 2
298 3
973 2
558 4
404 4
56 3
953 2
540 1
693 3
52 2
76 2
281 4
160 5
275 5
653 5
471 4
596 4
469 1
895 4
718 3
686 1
589 2
667 1
494 1
907 2
771 2
276 5
443 2
920 2
129 4
99 1
753 3
960 1
220 5
221 4
479 4
461 1
557 5
38 4
886 5
834 4
308 1
810 5
323 2
394 5
720 3
441 1
398 4
38 4
109 5
781 3
960 3
512 5
547 3
448 4
290 4
690 1
721 3
734 3
276 5
855 1
47 3
661 4
741 4
305 3
120 1
13 5
54 3
283 4
843 2
525 5
241 5
637 4
54 1
821 3
154 5
469 3
357 3
975 4
615 3
84 1
872 1
820 5
636 4
506 2
671 2
772 3
815 4
304 3
774 3
333 1
110 4
732 4
486 5
477 3
641 2
929 3
941 2
653 5
965 5
591 3
551 1
223 1
502 3
315 5
909 3
253 2
438 1
244 4
628 1
431 2
597 2
668 5
72 3
32 3
948 1
680 1
926 3
341 2
633 5
425 4
559 2
40 4
270 5
724 5
30 4
43 4
283 1
164 2
69 1
45 1
682 2
930 4
257 4
885 4
700 2
340 1
332 3
883 5
433 2
693 5
52 1
175 3
367 1
533 2
843 2
223 4
305 5
447 4
820 2
343 3
381 4
7 3
399 3
711 5
641 3
453 5
937 3
544 2
285 1
853 5
163 3
830 4
673 5
582 5
502 2
535 1
786 2
67 3
615 5
402 5
664 4
887 2
446 1
755 1
175 5
563 2
205 4
25 2
689 5
466 4
238 1
911 3
925 4
507 5
850 3
526 1
209 1
968 3
190 1
182 2
912 2
166 4
949 4
347 1
75 1
85 3
80 1
14 1
943 3
585 4
957 4
232 1
235 3
782 4
961 3
15 2
245 5
852 5
599 4
909 2
368 5
709 4
256 4
52 5
631 5
210 5
21 2
551 5
365 2
640 2
946 5
561 5
32 5
796 4
469 1
308 1
745 3
334 3
477 2
859 5
225 4
379 2
441 4
374 5
634 2
512 5
485 1
506 5
2 2
401 3
195 1
283 1
679 4
106 2
914 2
272 1
516 3
449 5
177 4
509 5
592 4
524 1
818 4
265 2
767 4
11 2
786 1
5 1
871 2
953 4
590 1
983 2
74 2
412 2
713 1
901 1
768 1
305 1
633 5
803 5
676 3
249 5
187 4
951 1
727 5
471 4
959 2
10 2
750 1
511 2
864 2
832 4
595 5
595 1
132 1
868 3
261 1
699 5
1000 1
81 2
740 1
659 5
313 2
7 4
588 1
398 5
504 3
962 3
406 2
228 3
970 3
624 4
156 1
69 1
449 3
217 5
411 2
745 3
926 5
473 5
576 2
433 2
377 4
267 5
543 4
62 1
157 4
994 3
578 5
207 2
521 3
849 4
935 5
754 4
785 5
470 1
508 3
51 4
813 5
294 4
469 1
48 2
330 3
303 3
946 1
138 1
793 5
602 5
883 4
922 3
161 3
792 2
501 2
404 4
485 3
593 1
470 2
449 1
279 4
177 4
289 2
240 2
371 4
376 1
389 4
461 3
945 3
106 3
339 4
725 5
918 2
977 4
769 4
529 3
351 3
308 5
426 4
107 4
699 5
424 1
455 2
183 1
492 5
732 4
94 4
216 4
532 5
523 5
590 3
191 4
132 3
934 1
782 5
276 4
404 2
952 4
884 5
242 1
314 5
398 2
912 4
165 4
545 1
138 5
951 2
538 2
435 5
440 5
749 1
604 5
117 3
779 4
209 3
891 4
491 4
299 3
667 4
164 5
167 4
345 4
137 5
68 4
424 3
891 1
157 5
558 3
107 2
177 5
919 5
421 1
741 2
990 4
84 3
909 2
400 2
357 3
271 4
427 4
410 3
895 4
339 5
518 2
702 3
650 2
679 3
785 2
238 3
553 4
385 5
499 4
36 1
176 4
366 4
97 4
139 1
40 3
98 5
135 5
113 1
688 2
374 1
693 4
221 4
183 3
839 4
261 3
186 5
630 1
748 5
868 5
331 1
887 1
817 5
362 3
653 5
104 4
962 2
969 2
592 5
919 4
735 1
379 1
104 4
19 2
76 5
488 3
550 3
533 3
601 1
180 3
871 5
52 2
167 3
941 4
990 1
137 3
847 3
366 3
827 2
704 3
662 5
233 1
745 5
605 3
485 2
352 4
444 2
263 4
225 4
748 3
697 5
465 3
271 1
160 1
534 5
719 2
139 3
171 5
313 2
851 2
497 1
747 5
16 4
238 1
848 1
852 2
814 4
95 4
782 3
979 2
149 5
699 5
509 4
710 3
56 4
477 2
373 4
986 2
552 2
283 3
813 4
647 4
476 2
893 2
540 2
928 2
297 2
983 2
266 4
618 2
423 1
738 2
218 1
759 3
18 4
67 1
924 1
684 2
491 2
986 4
1 2
961 5
753 2
565 5
599 3
679 3
132 4
759 3
550 2
510 5
523 3
23 2
7 2
80 2
999 2
647 4
594 2
178 3
988 3
381 2
505 1
924 4
336 3
720 5
706 1
6 1
688 1
457 5
416 3
867 5
962 5
885 4
868 1
124 2
393 4
417 5
553 4
700 3
492 4
485 1
822 2
763 4
973 1
254 4
224 1
747 2
936 5
392 4
155 3
632 5
208 1
272 2
38 3
921 2
672 1
442 4
435 3
605 3
841 2
85 1
701 4
148 4
468 1
306 5
702 2
227 1
21 3
480 2
876 1
569 4
777 1
709 5
721 4
184 1
480 1
799 1
314 4
238 2
182 5
738 2
608 3
267 1
944 5
311 1
909 1
610 4
185 3
259 3
940 1
591 3
650 2
607 4
81 3
188 2
621 2
155 3
89 3
44 3
633 1
912 4
851 1
248 5
270 2
103 2
860 3
993 2
745 1
455 1
930 5
931 5
116 2
601 1
128 1
618 4
463 1
602 2
200 4
122 4
873 5
275 3
361 4
274 1
553 1
394 5
193 4
463 1
288 2
449 4
995 1
400 5
777 2
102 3
157 3
336 2
540 5
155 3
600 4
14 5
562 5
863 4
506 2
47 5
38 2
76 3
184 1
678 3
235 4
531 5
636 1
978 3
824 1
872 4
905 3
230 5
987 3
848 1
86 2
702 3
92 1
925 2
193 4
52 3
429 2
340 2
48 1
413 5
