1000 5 20 29371
635 1
615 2
110 3
646 4
307 5
364 1
695 1
919 3
324 1
375 1
487 2
215 1
753 4
760 4
604 4
381 5
397 5
371 5
293 2
67 4
768 3
404 1
776 2
786 5
788 4
739 3
953 4
739 5
352 2
817 4
83 5
700 3
415 1
882 1
119 4
190 5
723 4
118 2
740 4
373 1
657 2
703 1
605 3
227 3
650 5
786 1
759 2
791 5
121 1
981 3
816 4
702 1
64 2
605 2
887 4
805 1
588 1
460 5
554 1
975 1
197 1
231 4
667 1
607 5
183 3
734 1
247 4
582 5
283 1
593 5
641 1
472 2
322 5
395 5
432 3
590 5
642 5
124 3
607 5
158 5
693 5
581 3
796 4
391 2
213 2
868 5
444 1
148 4
78 3
755 1
165 3
677 4
591 1
22 4
142 5
683 3
589 1
217 2
763 2
755 3
611 5
627 2
190 5
530 4
610 1
765 2
494 1
760 5
287 3
362 3
279 3
225 1
440 3
477 1
608 4
357 3
151 1
639 5
347 3
155 3
238 2
480 3
556 5
825 2
371 2
439 1
656 2
727 5
862 2
895 2
581 2
564 2
621 2
977 5
596 5
56 3
839 2
860 1
960 1
127 5
125 5
82 1
254 1
480 1
116 4
743 2
559 1
884 2
132 4
659 3
670 1
874 2
743 5
227 3
254 1
874 1
323 1
443 2
495 5
27 2
542 4
470 2
392 4
56 4
596 4
804 1
82 3
114 3
56 2
438 1
928 3
142 4
515 1
682 4
863 5
932 5
676 3
503 5
476 3
533 2
996 3
975 2
602 2
119 3
160 2
562 3
88 2
631 3
147 1
790 2
784 4
113 4
859 3
299 5
582 3
309 1
596 4
572 3
615 1
51 4
763 1
376 1
281 3
72 4
239 2
969 1
1 2
483 1
914 2
997 2
540 1
822 1
232 1
353 5
620 2
967 4
160 3
580 2
765 3
980 1
345 1
328 2
439 2
214 1
543 1
932 5
699 3
23 2
855 4
876 4
594 4
398 1
746 5
464 3
896 5
873 1
880 1
867 1
69 1
870 1
163 5
879 3
638 1
929 2
770 2
338 5
287 5
289 4
128 5
229 4
121 5
705 4
996 1
52 1
517 1
186 3
864 4
659 1
162 1
68 1
920 2
113 2
855 5
11 2
424 1
273 2
443 1
384 3
471 4
808 1
586 3
469 2
560 1
204 2
80 4
414 3
973 1
731 3
484 5
578 3
577 2
831 1
341 3
444 4
718 5
303 2
223 2
246 3
830 3
997 1
780 5
394 1
52 2
163 4
338 4
537 3
213 2
463 4
244 3
285 3
531 1
265 5
876 5
686 4
142 5
142 5
161 5
295 3
840 3
806 3
164 4
203 3
817 5
533 1
547 3
603 2
581 5
204 2
848 4
495 3
98 4
704 3
475 3
377 3
175 5
277 4
793 3
265 2
690 3
852 5
619 3
515 2
242 2
796 1
526 5
872 5
534 1
716 2
22 5
685 1
837 2
643 3
826 3
326 1
314 4
633 4
419 2
953 4
620 5
811 5
747 4
691 5
995 1
560 3
863 1
818 1
786 3
771 2
185 2
1 4
732 4
23 4
69 1
278 3
559 4
139 1
962 4
582 2
600 3
222 2
196 5
881 4
938 4
452 1
375 2
125 5
829 5
574 3
297 5
146 5
542 4
851 2
496 5
800 4
727 5
368 4
459 3
568 5
851 2
847 3
315 3
463 3
170 1
523 4
457 3
619 4
146 4
479 3
369 3
403 1
118 5
111 2
309 2
714 1
515 2
867 4
554 2
402 3
155 4
747 4
604 2
565 5
77 4
241 3
507 5
55 3
995 4
814 2
559 3
354 3
47 5
290 4
178 5
298 2
973 4
178 5
550 2
739 2
885 1
216 4
9 3
194 5
746 1
967 5
737 5
918 2
733 4
893 1
459 1
359 3
230 4
119 3
96 2
20 2
596 2
342 2
11 1
872 2
269 3
563 5
833 2
182 2
722 1
976 2
170 3
734 3
300 1
276 1
254 4
280 5
758 3
176 5
381 5
212 4
349 3
133 1
684 3
930 3
358 1
225 3
720 2
679 5
192 4
490 4
907 5
182 2
315 2
804 2
759 5
961 1
470 3
281 2
227 4
880 4
173 4
592 1
238 1
79 3
912 1
608 4
22 2
940 5
131 5
601 2
458 4
285 4
815 4
427 2
135 5
26 5
288 2
630 5
752 3
156 2
309 2
548 1
544 2
850 1
439 4
495 2
181 2
799 4
998 5
629 5
766 4
805 3
464 4
169 5
867 3
468 3
533 1
263 1
89 1
400 5
408 5
676 2
610 1
209 1
320 2
770 4
442 5
96 5
805 1
552 3
805 3
285 5
474 1
524 4
592 5
711 3
88 2
228 1
44 1
862 1
355 2
835 2
553 2
834 5
661 1
136 2
930 1
991 5
935 3
957 4
625 4
119 5
104 5
891 1
877 5
147 4
665 5
658 3
894 4
19 5
871 5
456 2
221 4
78 3
552 4
837 2
891 4
228 3
669 2
383 5
528 2
782 1
599 1
605 5
593 3
322 4
14 2
983 4
855 4
6 2
558 4
450 1
798 3
878 1
512 1
573 3
764 1
342 1
178 2
311 1
116 4
490 5
864 5
281 2
404 1
851 1
393 5
861 3
677 1
123 3
515 1
594 1
727 4
796 2
284 2
969 2
414 2
502 3
504 2
639 5
395 3
620 4
592 1
347 5
80 4
611 1
21 4
321 5
434 2
19 5
531 3
500 3
405 3
940 4
445 1
907 2
373 2
25 5
460 5
794 4
61 2
580 1
562 1
567 5
769 4
811 3
888 4
173 2
48 1
850 1
897 3
970 2
316 4
648 1
884 5
277 4
129 4
222 5
879 5
626 4
424 4
36 2
838 5
166 4
656 4
468 2
540 5
288 3
505 4
674 5
220 3
511 1
249 4
477 5
726 1
452 5
627 5
151 4
148 4
872 2
694 1
864 4
909 4
853 4
584 1
428 1
486 4
870 4
799 5
633 4
788 4
178 2
487 4
69 2
154 4
730 3
110 3
942 2
508 5
925 5
545 5
472 3
480 1
223 4
416 5
100 2
961 2
485 2
45 1
937 4
659 4
482 3
387 2
720 5
15 3
166 1
975 3
314 2
175 5
613 5
574 4
955 5
794 3
906 4
233 4
195 4
50 4
285 4
710 3
78 2
123 3
766 4
94 1
709 3
464 2
768 2
6 1
909 3
342 4
947 4
190 4
764 2
247 3
133 3
305 4
948 2
225 4
879 2
67 3
376 4
133 5
932 4
486 3
279 5
257 5
605 2
950 4
250 1
209 2
638 2
991 4
354 3
441 5
769 3
468 2
207 4
74 1
695 3
411 3
122 4
253 1
151 5
719 5
533 3
902 3
536 3
549 1
62 1
16 4
111 3
162 4
900 3
752 4
86 3
361 3
484 1
498 4
535 2
60 5
152 1
296 2
7 1
464 4
827 3
379 1
623 4
561 3
226 4
172 2
477 2
382 1
139 5
210 1
737 3
916 4
193 3
507 1
585 1
203 1
746 5
792 2
522 2
665 3
562 3
29 2
679 3
562 2
356 5
66 1
217 5
201 5
888 4
614 1
1000 4
232 3
608 2
317 4
390 1
671 1
500 5
51 5
121 2
772 5
584 1
693 3
595 1
203 3
914 2
903 3
454 1
565 3
244 5
573 3
353 2
744 1
148 5
59 4
685 5
847 2
698 4
628 4
722 4
355 1
705 1
832 3
623 1
697 3
509 1
121 1
838 5
253 4
767 4
674 2
918 3
239 4
657 1
686 3
232 4
674 5
892 5
242 3
544 1
600 4
154 5
252 1
389 4
403 1
772 4
491 5
989 5
983 4
845 1
694 2
959 3
119 3
242 3
97 4
687 2
275 4
1000 4
19 1
207 1
548 2
666 1
710 3
27 4
184 4
718 5
664 1
508 5
250 5
771 4
694 4
148 2
153 4
262 5
807 2
227 1
391 5
388 1
244 5
174 1
758 2
691 4
548 2
331 4
249 2
727 2
867 4
102 5
45 1
686 5
684 5
573 5
816 4
324 2
409 2
493 1
55 2
9 5
665 5
431 1
83 1
906 5
766 1
62 5
761 4
155 4
845 1
114 5
136 5
556 1
75 2
638 3
456 2
275 1
494 4
616 2
121 4
936 2
814 5
607 5
878 3
373 4
571 2
369 3
660 3
328 4
56 1
608 5
867 4
735 3
141 2
539 1
179 4
718 4
500 1
920 1
897 3
342 4
256 1
91 1
156 2
97 1
199 3
882 5
86 4
633 2
311 5
225 5
63 4
431 5
802 5
643 2
629 3
273 1
567 5
314 4
963 1
621 5
245 3
276 5
667 1
838 4
657 5
5 5
974 2
318 2
314 4
189 5
235 3
750 1
562 5
515 3
847 2
448 2
