1000 5 900 12987
429 1
114 2
410 3
703 4
794 5
255 4
109 3
549 5
909 1
373 5
167 1
108 3
239 2
923 2
626 1
123 4
397 5
104 4
587 1
444 1
956 3
934 4
373 3
896 4
830 5
611 2
622 2
623 3
808 4
825 4
11 3
937 3
172 5
933 1
234 5
688 4
202 3
438 4
824 1
562 2
773 2
286 3
909 3
588 4
789 2
182 2
405 5
583 1
93 5
323 2
273 3
8 4
460 5
122 3
601 5
66 5
508 2
277 3
514 4
648 3
643 1
913 3
967 2
116 2
461 2
389 2
71 2
76 4
476 4
891 5
285 1
792 5
85 5
97 5
785 5
616 2
182 2
688 1
306 2
671 1
49 4
477 5
754 5
590 4
575 2
433 2
846 3
912 2
17 2
882 2
692 5
249 1
489 2
86 5
322 2
891 5
943 2
587 2
763 3
904 5
553 4
960 3
954 4
838 5
461 5
310 2
717 2
748 2
968 5
157 1
813 3
226 5
757 1
773 1
271 1
395 4
885 5
955 4
474 3
896 3
495 2
301 5
173 1
502 3
281 3
686 1
996 4
40 5
514 3
796 2
27 4
93 3
942 5
297 5
547 3
828 5
536 1
306 2
430 1
230 3
438 1
853 4
687 1
754 1
139 3
145 3
22 2
867 4
222 3
213 5
620 5
426 2
224 3
434 2
27 3
292 5
203 2
867 3
941 5
593 5
47 2
798 3
791 3
308 3
567 1
876 1
749 1
422 2
225 1
184 1
739 1
399 2
655 3
596 1
410 4
687 3
917 2
132 3
180 1
234 5
698 4
648 5
647 1
528 1
914 1
810 5
729 2
565 5
544 1
939 3
948 4
171 5
708 4
984 4
846 5
712 1
356 1
830 5
749 5
387 4
460 4
22 3
766 3
617 1
293 4
337 5
391 4
17 4
402 2
624 4
423 5
854 3
402 5
131 2
573 1
398 2
239 5
428 3
803 3
844 3
578 3
213 2
341 1
466 4
841 1
905 5
37 2
595 1
143 5
269 4
846 5
887 2
641 2
475 2
160 3
422 4
645 2
608 4
4 4
914 4
208 5
446 3
733 4
691 5
915 5
70 5
378 5
564 5
633 1
882 2
932 5
829 2
452 3
133 2
380 4
917 4
319 3
919 3
771 1
4 2
250 3
81 3
513 1
787 3
903 4
514 5
559 1
630 3
62 4
231 4
232 2
571 3
68 5
279 5
124 4
663 3
308 2
647 3
306 2
58 1
883 3
265 2
46 2
694 4
11 4
932 1
548 1
663 5
968 3
329 5
380 1
53 3
837 3
880 2
470 1
620 2
250 2
750 5
684 2
738 2
956 4
670 3
889 4
868 3
796 1
644 4
71 1
897 3
749 1
312 1
736 4
360 1
715 2
35 2
544 2
567 1
726 2
913 2
961 3
895 4
954 3
781 4
688 1
374 2
451 4
701 5
759 3
505 3
511 4
411 4
723 4
985 5
51 3
337 4
857 1
828 5
471 3
344 4
835 3
680 2
193 3
75 2
881 2
862 3
733 2
461 1
417 4
341 2
896 1
90 4
476 3
667 1
133 2
453 4
395 1
713 1
558 1
39 1
598 3
547 3
232 5
124 5
818 4
763 1
537 4
401 2
679 3
127 1
677 3
629 2
406 1
43 3
116 2
603 4
610 2
980 3
471 5
155 3
205 1
568 1
364 5
290 1
28 2
433 2
173 2
522 2
835 3
52 2
618 1
808 5
844 5
391 1
921 4
473 1
800 2
597 1
433 5
20 1
776 1
736 3
786 3
998 3
572 5
975 3
248 1
657 4
264 4
990 1
633 3
783 5
694 3
811 5
797 3
641 2
358 4
107 5
204 1
553 4
657 5
764 5
519 1
157 5
15 3
802 4
535 5
201 2
317 5
690 2
330 3
150 2
565 3
685 3
386 4
6 1
462 2
330 5
669 4
530 1
980 1
750 1
748 4
164 2
904 3
686 2
210 2
947 4
610 1
981 2
780 2
879 5
515 3
542 5
31 5
561 2
729 1
393 3
735 5
724 4
524 2
896 3
66 5
117 4
598 2
372 1
361 5
432 2
577 3
245 1
937 4
134 4
176 4
220 3
115 1
149 1
794 5
491 4
460 1
456 4
774 5
823 2
545 5
240 3
793 1
347 2
293 4
165 5
558 5
614 2
135 3
903 2
201 5
265 1
697 4
129 2
922 1
743 4
824 4
713 4
714 5
669 4
192 1
302 3
994 5
663 3
330 4
252 1
953 3
274 1
210 1
736 1
891 4
76 3
611 3
639 1
180 5
210 1
41 5
462 4
34 5
639 2
824 5
868 5
910 3
855 2
877 3
996 2
424 3
24 1
127 2
94 4
69 3
657 3
697 1
111 2
665 1
349 4
217 4
808 3
467 5
22 4
710 4
186 5
144 3
53 1
518 2
956 3
417 1
76 3
650 1
393 3
236 3
705 5
935 3
347 5
276 1
745 4
808 3
592 2
902 5
419 2
578 1
258 2
909 2
148 1
517 5
828 2
722 4
614 3
738 4
994 4
614 5
255 4
96 2
131 2
243 1
790 5
880 2
697 1
937 3
640 4
177 4
91 1
20 5
270 5
935 3
217 2
632 2
214 1
190 2
835 5
110 3
952 3
930 4
902 2
834 5
982 2
232 2
338 3
346 5
571 4
73 2
406 4
836 3
498 3
689 3
930 3
434 4
192 3
184 3
610 1
759 1
747 1
237 4
974 2
612 3
749 5
415 5
368 4
996 4
170 5
554 2
521 5
357 1
172 2
476 3
619 2
905 4
324 2
448 4
246 2
565 3
624 4
438 2
357 3
642 1
374 3
167 1
486 1
879 4
358 2
850 1
305 5
432 4
159 1
402 3
382 3
579 1
135 3
18 4
91 1
779 1
849 2
773 1
822 4
939 1
583 2
497 4
965 1
919 3
970 5
717 1
545 3
695 3
534 4
847 4
532 3
27 1
964 4
875 5
308 4
43 4
331 3
615 3
691 4
935 4
931 5
944 1
981 3
611 2
541 5
301 3
798 5
924 1
356 2
327 4
218 5
669 1
699 5
307 2
510 5
198 1
474 2
172 4
859 2
861 1
954 4
508 1
113 5
845 5
300 3
596 3
293 1
256 1
458 2
675 5
841 1
295 5
708 2
993 4
634 2
327 4
462 4
871 1
709 3
815 4
466 3
57 4
301 3
78 3
685 3
207 1
899 2
523 1
166 2
654 4
553 4
813 1
929 2
608 2
538 5
488 2
917 2
872 2
598 3
397 2
654 4
769 3
5 5
596 1
877 1
234 2
809 1
66 3
117 3
89 3
310 1
925 5
784 1
571 3
314 2
823 3
765 3
196 3
249 4
767 2
751 5
901 3
269 3
320 5
664 3
934 5
722 3
978 1
711 5
567 5
407 3
467 4
776 2
910 2
174 2
859 5
515 1
995 4
290 1
401 3
710 2
363 4
147 4
379 4
312 1
238 5
883 2
457 3
127 5
730 1
777 1
686 5
74 3
120 3
754 1
825 5
550 4
137 3
593 4
190 2
996 3
557 4
48 4
778 4
658 5
299 3
861 5
653 1
939 1
868 2
384 1
843 5
486 4
71 2
934 2
924 5
537 2
638 1
277 4
442 1
372 5
473 3
586 2
639 4
864 5
521 2
97 5
644 1
917 4
582 2
775 1
317 1
392 2
175 2
395 4
227 5
597 3
229 4
998 5
970 3
474 1
574 1
451 4
672 1
515 4
235 5
709 3
821 3
967 4
205 3
145 2
552 1
149 2
449 1
380 2
571 3
582 3
155 5
856 2
836 2
442 3
764 4
513 3
707 4
635 2
539 4
813 1
598 3
846 3
362 2
864 1
374 3
80 4
922 3
182 1
737 2
437 2
103 3
490 1
127 2
954 4
770 5
149 2
220 3
221 1
492 3
92 5
99 3
273 3
127 4
830 3
495 1
231 3
682 1
114 3
355 1
721 4
176 1
22 1
274 1
942 2
134 4
462 3
854 5
432 3
260 2
322 3
803 5
835 2
115 1
826 2
340 2
886 5
466 4
170 1
886 3
188 1
647 1
632 4
867 5
94 5
430 2
512 4
266 2
918 4
976 3
849 3
621 3
497 4
185 4
696 2
672 5
826 3
116 1
268 2
134 1
390 2
86 1
800 2
670 5
324 1
272 5
129 4
702 2
444 1
514 4
289 2
549 4
891 3
551 3
396 5
313 1
442 5
688 3
783 2
858 2
66 3
176 5
481 4
739 5
881 4
961 1
566 3
692 1
15 5
568 2
236 2
235 1
804 2
540 1
214 5
782 4
811 2
809 2
269 5
139 2
157 4
293 4
992 2
612 4
9 1
127 2
712 3
631 5
895 5
23 1
429 4
793 1
219 1
561 3
194 5
91 5
920 2
276 5
813 4
729 5
195 2
770 1
655 5
1 1
34 3
805 3
606 1
698 3
950 4
