1000 50 40 959
977 1
292 2
237 3
875 4
918 5
831 6
172 7
991 8
538 9
187 10
946 11
378 12
176 13
91 14
828 15
498 16
910 17
33 18
574 19
609 20
870 21
385 22
452 23
551 24
66 25
337 26
968 27
49 28
30 29
778 30
21 31
621 32
968 33
207 34
94 35
314 36
297 37
726 38
318 39
82 40
454 41
612 42
367 43
896 44
671 45
372 46
752 47
993 48
771 49
106 50
71 30
625 25
679 11
330 13
727 36
767 28
715 13
521 39
277 5
878 5
104 14
327 48
900 14
818 48
240 46
30 20
106 23
123 15
965 20
420 18
728 11
406 39
533 25
466 41
406 15
654 14
649 49
415 24
717 39
474 35
312 8
471 31
597 20
708 28
513 40
148 13
143 17
251 27
460 19
120 25
290 39
219 8
796 34
636 45
753 1
345 49
473 22
279 11
304 30
205 39
398 11
327 23
953 9
290 44
641 7
205 39
114 24
912 13
172 11
612 28
799 3
252 5
770 35
159 2
729 24
201 18
693 11
293 42
201 36
836 19
425 29
652 40
715 42
719 31
74 31
75 45
738 17
928 23
325 27
688 6
665 46
407 31
987 34
931 32
313 28
775 22
11 26
67 30
389 39
148 14
407 40
362 50
526 40
459 26
80 16
798 15
531 28
356 48
136 24
196 33
208 48
1 32
45 49
366 35
921 30
958 46
361 28
624 34
537 36
268 29
231 37
704 24
700 15
575 12
998 31
425 19
107 47
217 10
972 32
312 31
99 3
254 3
660 23
659 12
890 15
847 33
257 38
728 35
699 12
398 18
842 11
569 36
226 22
630 19
929 18
406 2
431 6
493 36
95 20
434 8
952 6
759 48
67 32
43 9
496 13
726 50
972 44
573 1
74 26
53 44
972 36
413 24
180 4
900 24
64 6
29 45
15 5
45 10
282 43
70 30
785 26
834 12
44 4
105 42
405 50
143 43
166 46
8 20
632 7
820 32
229 23
962 36
935 31
275 38
534 15
756 14
920 6
878 27
213 26
743 13
213 46
745 3
436 4
80 18
583 20
978 15
484 50
161 49
648 22
35 19
821 29
420 38
173 20
143 22
682 30
523 9
16 17
873 36
196 6
32 14
271 36
647 5
359 48
599 15
709 25
137 16
30 23
148 11
331 36
101 41
939 8
831 28
76 40
262 6
174 46
434 32
500 9
955 26
281 24
973 49
918 21
886 36
989 29
922 8
938 9
263 23
127 48
940 18
303 9
483 26
807 28
793 4
686 2
576 32
180 25
949 43
819 16
51 2
866 46
692 7
707 22
302 10
535 38
847 10
5 28
35 44
861 8
956 25
757 39
468 35
212 7
975 44
160 36
659 33
32 39
795 32
304 17
47 29
46 3
264 32
864 47
326 28
774 29
68 11
927 5
953 33
978 26
739 28
297 50
877 43
372 16
171 36
426 38
854 14
770 1
962 31
991 4
249 45
717 6
945 10
581 23
99 29
323 11
68 20
629 48
309 41
782 19
904 14
409 42
601 44
531 2
747 25
921 23
187 50
186 26
124 42
475 19
618 5
440 13
222 10
704 16
51 32
783 36
408 45
608 42
638 6
430 43
875 16
347 17
926 9
392 37
264 3
573 22
617 42
600 23
272 3
976 9
964 13
481 15
7 17
476 28
284 17
991 27
145 10
848 4
40 8
220 20
564 31
374 17
79 10
118 39
635 39
717 4
257 19
524 27
633 3
364 14
982 50
115 50
909 34
827 9
419 10
977 28
248 20
682 11
457 30
136 12
223 42
854 32
880 9
783 43
643 4
722 14
680 36
281 45
15 40
846 41
862 23
378 23
208 41
722 49
920 10
776 50
624 17
862 30
824 16
402 42
317 11
413 3
506 9
723 8
178 38
319 7
750 22
523 45
331 17
564 24
881 29
174 29
341 32
540 12
481 3
923 42
501 39
290 8
689 13
351 13
138 25
950 50
275 41
704 4
31 50
722 7
101 46
159 17
911 41
456 23
585 46
722 28
278 34
181 19
967 17
71 22
971 41
477 28
856 45
38 27
743 9
158 39
782 28
345 44
259 35
362 26
405 5
876 6
939 14
40 29
359 2
343 48
289 47
826 4
662 5
4 12
795 4
858 43
172 29
622 8
268 30
260 33
886 3
334 16
411 32
1000 44
31 6
222 42
980 45
901 49
107 8
812 22
933 28
459 25
121 12
666 12
93 17
929 16
269 37
494 41
474 43
263 17
926 27
401 39
579 38
948 17
298 22
395 49
854 50
77 26
366 38
102 29
480 24
186 25
523 3
156 23
61 13
695 19
375 35
300 41
309 40
550 10
838 9
506 12
413 2
536 47
625 38
346 8
342 36
83 49
664 49
96 20
173 21
214 43
916 2
697 30
915 2
677 32
911 33
236 21
485 22
712 36
179 35
259 19
564 4
468 5
621 32
620 2
381 13
792 9
900 44
93 37
362 7
668 27
69 47
846 47
652 5
733 27
874 8
346 42
492 18
957 23
466 35
810 20
733 48
792 43
629 9
740 30
842 39
290 13
264 25
693 33
475 46
340 17
83 6
43 12
39 13
916 44
127 34
618 30
397 37
944 21
855 5
96 45
388 3
944 39
491 16
398 13
229 29
448 14
612 6
716 30
671 14
420 22
682 8
467 3
605 13
337 16
253 9
606 46
210 45
201 46
732 13
285 11
925 19
46 6
395 43
153 11
716 42
972 29
259 31
601 14
542 41
760 11
386 24
6 18
693 21
655 50
129 1
285 26
134 40
278 2
146 46
971 20
697 27
48 31
547 15
309 19
308 26
44 6
496 18
746 38
357 18
795 43
210 30
177 15
876 31
734 41
149 46
841 21
472 36
284 49
431 30
700 7
288 22
533 39
501 10
244 12
90 2
162 13
605 26
780 38
7 20
877 48
777 14
442 30
570 49
962 28
6 24
19 27
794 42
606 40
799 22
134 1
577 5
340 17
617 23
540 20
471 37
937 15
517 12
768 8
322 29
133 21
734 3
121 42
601 20
853 38
972 44
521 8
704 25
824 27
16 41
664 36
455 38
696 43
885 45
406 9
324 44
390 19
955 35
333 45
492 1
72 47
210 50
69 1
398 13
726 35
336 31
963 45
553 33
236 45
907 22
964 7
170 5
39 2
688 7
268 10
372 16
394 25
521 37
368 45
315 30
783 8
204 7
665 46
239 23
938 8
286 17
133 27
212 3
216 3
798 48
154 41
190 19
837 11
856 48
150 35
685 21
482 17
93 25
517 42
480 46
120 28
58 29
636 9
810 47
777 35
522 18
484 23
11 50
853 27
361 44
693 23
542 10
845 33
175 43
197 41
179 12
903 37
806 4
619 15
810 26
402 23
875 43
142 22
727 27
720 21
55 15
861 22
585 18
272 13
541 42
83 46
737 39
932 28
107 50
346 29
643 45
644 47
135 24
220 1
422 4
683 50
828 3
656 45
709 29
894 4
610 27
147 47
937 19
904 23
589 16
56 24
194 38
537 48
701 34
974 16
19 35
866 23
274 5
548 30
357 26
767 37
66 26
244 10
877 49
548 31
845 20
861 39
278 28
279 11
919 4
632 24
836 25
634 12
890 4
503 27
127 3
576 21
564 17
198 27
835 19
379 32
343 21
209 12
41 41
705 39
932 12
238 17
292 40
75 50
807 33
792 48
87 21
719 12
478 12
233 48
888 25
169 38
194 2
160 35
561 19
785 6
504 42
663 4
880 40
73 41
665 48
464 9
427 15
61 2
357 11
332 44
197 33
642 8
541 48
333 25
90 24
405 15
419 33
528 49
977 37
650 22
585 20
159 1
302 43
566 38
136 46
904 24
464 21
918 24
837 2
801 1
565 21
971 5
4 7
870 36
605 21
221 41
2 27
127 14
6 2
655 6
530 10
177 39
133 26
236 46
149 19
315 38
787 14
488 36
628 31
83 23
589 17
811 27
969 11
640 11
33 30
763 30
851 50
13 31
10 7
71 33
228 33
330 22
188 45
588 30
584 42
980 39
390 36
390 33
591 17
186 36
164 20
289 27
139 48
468 5
363 24
317 12
178 35
165 13
484 21
343 47
220 32
871 27
418 10
122 40
157 19
971 1
173 38
752 27
426 34
887 19
363 10
620 32
938 35
454 50
919 43
654 1
868 1
951 9
176 11
891 13
1000 40
138 41
149 19
938 48
352 42
660 27
341 30
627 10
432 20
763 26
727 49
559 25
944 40
414 13
326 14
919 2
781 12
679 16
982 48
646 27
793 19
231 8
592 2
945 49
368 50
806 40
518 7
177 13
656 19
702 22
347 7
735 43
741 42
463 46
594 19
814 11
800 3
924 27
511 2
547 26
166 18
623 42
396 31
266 29
731 17
797 44
438 14
784 50
95 26
230 37
492 36
817 31
732 23
345 37
698 11
680 40
118 40
382 47
794 20
443 28
975 31
256 21
993 16
553 31
955 15
947 50
380 3
597 44
371 10
