1000 60 900 832
621 1
877 2
529 3
403 4
981 5
690 6
230 7
648 8
969 9
110 10
313 11
821 12
954 13
674 14
535 15
293 16
489 17
891 18
885 19
738 20
63 21
16 22
313 23
808 24
292 25
31 26
912 27
127 28
333 29
175 30
282 31
784 32
59 33
579 34
596 35
330 36
237 37
687 38
593 39
623 40
920 41
794 42
89 43
540 44
141 45
562 46
152 47
787 48
306 49
893 50
976 51
807 52
266 53
557 54
130 55
621 56
156 57
886 58
551 59
558 60
532 51
552 60
663 57
320 24
839 19
153 10
476 19
914 21
378 19
475 55
490 5
769 42
271 57
863 28
569 42
299 19
543 38
17 42
312 49
163 27
960 16
855 12
509 15
905 6
18 11
854 49
773 37
246 29
459 14
646 34
894 7
682 2
817 13
112 38
54 39
519 18
143 16
623 10
973 38
653 22
33 16
16 48
256 57
147 30
621 3
959 28
393 50
55 18
353 37
751 52
915 2
250 26
903 47
932 24
403 5
571 27
353 22
387 13
217 60
838 33
810 52
765 8
72 19
98 40
420 12
659 5
299 7
766 59
884 27
423 26
537 41
301 5
103 54
239 9
4 36
722 55
767 30
976 3
158 26
510 17
467 58
383 21
482 48
359 51
403 33
230 2
849 37
431 16
588 48
688 52
253 32
730 8
499 27
439 12
865 35
925 43
623 60
974 6
663 12
176 15
214 39
252 22
360 5
470 6
793 42
935 46
488 34
195 55
498 55
319 38
74 21
81 48
896 41
93 22
388 30
902 59
367 6
95 35
317 54
367 44
175 46
204 56
268 14
725 10
612 33
168 47
573 12
74 41
258 26
427 16
533 50
795 57
394 50
25 3
660 48
394 48
420 55
848 31
381 18
453 12
959 45
376 10
631 13
531 51
609 32
409 9
612 18
965 18
595 17
279 30
880 47
215 5
677 29
199 25
360 4
700 8
320 18
347 52
681 44
524 28
324 2
448 56
34 40
129 9
872 10
783 34
60 37
413 9
686 43
67 43
371 21
838 29
89 41
118 52
519 37
591 20
671 9
169 25
895 40
974 47
944 55
757 5
727 10
46 5
590 25
707 43
947 23
233 9
702 33
521 51
150 23
680 26
481 47
326 42
429 7
22 40
81 19
911 38
731 14
369 22
697 30
181 18
409 57
659 6
262 21
822 32
548 59
709 14
812 6
583 39
914 24
952 15
798 35
320 19
316 8
825 58
174 13
651 24
170 41
940 13
320 10
139 36
442 28
117 24
80 50
887 30
658 55
148 56
268 45
182 10
778 43
56 46
108 45
249 43
364 22
836 35
785 15
977 36
96 53
248 7
38 51
777 31
863 49
426 47
264 3
33 31
433 30
920 6
571 43
392 41
840 29
838 13
616 8
455 35
797 26
231 33
771 58
776 18
350 34
662 7
174 31
27 11
343 25
774 33
59 8
101 53
590 4
461 9
440 59
409 43
677 48
516 6
127 55
407 40
286 49
918 30
440 41
770 17
290 11
649 24
127 49
127 5
839 25
425 2
801 7
371 27
436 15
947 18
656 50
234 54
950 21
855 55
678 41
78 6
814 36
277 3
984 52
118 26
784 7
826 3
812 18
225 43
274 10
631 3
656 50
119 45
740 54
19 18
45 53
991 11
122 5
879 37
208 14
207 16
663 28
143 18
934 52
316 41
105 23
577 22
814 32
643 55
629 56
252 19
622 59
410 10
739 28
732 38
730 43
147 11
274 17
816 10
380 19
107 24
657 29
554 18
465 24
709 40
635 12
828 45
204 26
638 19
580 15
621 38
869 22
663 10
786 25
146 11
840 28
45 44
736 1
757 12
394 23
317 50
473 19
823 36
208 37
727 26
778 33
894 34
986 29
344 51
89 49
73 7
919 28
839 41
750 12
647 16
992 5
610 14
727 37
930 34
517 20
649 32
365 22
425 36
646 46
41 30
649 52
693 44
936 17
191 15
762 4
47 6
688 53
676 13
452 29
124 36
250 19
661 40
869 38
403 28
398 11
747 54
410 57
270 40
126 41
376 60
592 5
438 11
693 5
268 32
163 38
4 3
425 42
199 26
903 2
268 17
309 25
590 52
224 32
259 26
63 22
993 1
727 1
161 13
776 57
997 44
873 22
21 12
971 46
311 35
661 59
34 15
27 4
80 6
831 51
884 60
618 22
900 11
954 30
633 17
776 44
912 19
448 43
230 12
237 22
124 14
459 48
628 5
977 44
975 50
655 38
187 35
324 50
202 20
192 43
554 5
977 15
527 28
409 34
377 4
203 50
210 47
649 6
583 17
727 19
537 8
632 29
729 56
565 16
581 5
174 18
963 16
212 25
435 43
441 32
463 23
949 52
638 6
167 1
213 53
637 26
278 21
738 49
5 47
995 3
223 15
115 10
200 24
944 23
674 48
510 15
713 48
596 36
520 14
441 30
669 40
909 8
318 48
584 40
242 7
644 8
973 6
811 6
433 8
102 4
682 32
144 26
124 11
811 10
290 48
511 53
515 46
734 44
908 58
951 22
100 40
983 30
236 48
1000 58
824 14
815 14
547 24
929 55
970 30
811 9
901 18
226 30
912 39
887 32
655 49
787 8
651 16
380 50
172 10
292 1
916 51
29 35
703 23
647 41
555 2
797 42
79 25
589 10
802 17
745 39
923 43
439 44
204 57
593 35
714 33
694 20
275 34
987 30
803 9
84 16
343 34
885 24
57 47
464 54
47 50
100 28
817 33
423 27
967 48
229 21
148 43
567 47
533 4
986 2
783 24
753 43
842 10
432 59
914 17
770 3
460 6
39 44
835 30
510 35
432 24
644 24
335 43
575 39
720 29
617 57
118 39
912 44
318 41
959 49
771 42
769 38
449 21
217 40
336 30
670 36
351 4
746 53
492 55
266 18
944 12
728 33
531 43
104 46
366 51
165 57
523 8
682 58
49 33
359 35
506 28
973 44
666 1
835 31
209 18
853 37
845 43
907 11
457 5
257 27
172 19
917 38
839 26
245 26
554 29
619 42
861 18
374 42
193 31
760 16
963 47
102 3
662 41
931 4
828 34
745 52
308 15
714 57
374 22
20 24
506 58
261 39
235 34
420 41
652 42
513 4
699 45
454 48
456 41
433 13
2 34
670 56
584 57
714 46
504 50
56 13
608 44
794 50
207 50
583 14
785 13
823 26
770 24
189 37
679 45
817 60
686 42
513 17
138 3
945 33
393 52
776 23
268 8
510 52
312 13
14 24
891 43
52 44
602 52
234 5
988 33
202 46
890 33
425 11
777 10
943 28
888 20
414 1
555 54
796 15
83 30
631 49
59 60
157 52
156 32
86 12
327 5
663 5
582 2
456 5
717 19
394 55
911 46
845 53
674 59
332 20
29 59
234 4
108 37
451 51
622 21
538 12
467 49
776 58
133 28
568 53
310 27
623 24
562 8
485 45
182 34
453 48
856 37
353 58
175 11
473 13
758 56
511 47
34 29
624 47
240 22
851 31
688 8
694 44
560 13
250 1
802 21
528 11
606 5
742 48
705 34
498 17
906 1
738 12
106 52
691 32
451 11
896 10
729 31
733 43
492 3
107 6
453 12
768 6
809 46
366 42
101 55
297 39
140 42
986 36
101 37
497 39
851 30
735 56
951 46
783 12
391 37
825 47
853 18
115 25
334 37
297 51
57 31
278 4
104 45
667 10
422 51
678 53
240 53
35 46
283 55
283 45
773 28
498 27
148 21
622 29
98 10
60 18
19 15
458 39
519 28
274 8
388 8
847 48
545 45
133 12
168 8
169 2
203 44
353 29
205 36
184 45
836 13
598 4
222 27
19 43
110 49
808 41
540 39
303 46
593 1
874 47
696 25
912 20
743 43
394 24
124 60
103 26
89 27
142 4
235 4
969 45
67 2
393 53
402 60
599 14
917 58
924 21
824 10
429 1
525 56
949 13
497 4
483 44
339 28
455 4
74 23
892 8
468 2
964 12
844 35
224 2
27 46
648 20
981 3
213 58
609 13
633 43
688 30
846 27
244 44
850 41
653 59
727 15
153 54
512 32
594 10
923 34
268 56
886 59
21 14
489 13
746 45
774 47
610 41
949 16
481 60
120 51
641 4
646 48
992 2
327 15
935 34
107 44
129 18
594 32
989 25
820 32
263 6
95 46
18 51
178 1
860 2
25 28
691 46
397 23
133 28
70 1
730 16
164 43
833 58
640 36
940 52
889 58
5 20
914 53
147 9
317 9
321 28
402 7
433 42
851 18
242 45
787 11
558 18
393 21
391 16
155 46
114 58
295 45
260 9
564 59
490 8
120 59
728 51
469 30
897 10
599 32
362 4
97 35
692 45
503 21
854 6
609 37
791 46
359 9
74 8
10 15
648 1
186 32
787 13
608 51
861 5
851 55
91 49
514 48
973 25
127 49
484 18
297 34
669 9
608 20
702 59
156 24
85 59
514 36
316 47
456 46
956 59
