1000 100 900 499
783 1
994 2
267 3
360 4
754 5
202 6
569 7
262 8
34 9
43 10
17 11
277 12
121 13
878 14
773 15
926 16
966 17
98 18
960 19
657 20
271 21
158 22
176 23
663 24
129 25
99 26
188 27
733 28
179 29
946 30
831 31
126 32
799 33
92 34
172 35
47 36
288 37
290 38
595 39
441 40
954 41
604 42
576 43
705 44
260 45
685 46
430 47
602 48
562 49
420 50
139 51
11 52
209 53
57 54
691 55
672 56
999 57
566 58
4 59
216 60
668 61
265 62
406 63
72 64
524 65
249 66
820 67
312 68
184 69
203 70
842 71
16 72
353 73
211 74
212 75
547 76
943 77
282 78
815 79
559 80
212 81
157 82
96 83
558 84
487 85
60 86
361 87
321 88
771 89
96 90
972 91
907 92
381 93
876 94
410 95
649 96
486 97
776 98
656 99
910 100
769 81
462 34
696 82
523 6
284 9
538 27
908 15
366 41
208 74
20 44
785 8
699 52
703 82
860 60
34 27
750 85
178 12
919 5
368 62
707 36
729 2
743 50
570 14
294 46
791 20
331 85
520 49
309 47
951 94
375 11
587 59
896 51
724 82
199 50
280 50
28 16
363 74
641 59
772 65
182 22
15 52
897 18
866 93
748 33
495 49
253 3
393 37
960 71
24 37
10 58
967 85
3 72
274 20
941 77
867 34
501 34
965 70
606 3
357 88
769 100
320 19
433 48
465 86
329 92
160 10
59 26
551 54
397 5
888 95
48 12
711 91
514 54
809 40
724 99
575 55
724 53
690 44
854 28
942 67
131 80
525 6
573 71
840 73
568 67
804 31
824 7
920 42
897 44
587 68
834 24
57 40
865 59
367 68
316 12
665 27
136 88
71 38
802 98
3 56
520 83
181 88
104 12
564 33
585 39
193 51
348 18
550 12
814 25
241 5
596 97
930 57
460 50
853 94
791 95
239 18
657 16
461 88
704 39
957 70
297 76
707 9
162 86
672 91
267 49
436 16
98 67
660 87
382 46
531 33
557 24
883 51
599 24
541 17
123 49
99 6
522 64
19 29
674 22
265 25
832 15
886 84
194 90
311 79
340 35
629 67
502 66
312 3
377 13
554 10
464 91
754 97
237 43
4 47
971 74
653 18
435 91
18 5
565 85
175 22
563 54
799 90
218 8
852 13
402 66
207 13
56 77
529 3
675 79
173 56
543 74
499 76
256 50
41 28
261 39
160 5
624 19
496 2
673 50
279 8
554 70
249 21
272 1
75 19
785 13
928 73
544 29
892 24
627 93
451 84
595 18
800 50
9 7
906 62
275 60
196 33
679 72
270 56
934 30
832 26
261 43
100 87
538 62
359 66
614 67
266 57
838 73
146 100
931 47
926 57
139 58
830 48
474 30
861 74
381 27
964 67
875 37
638 19
271 83
516 46
648 70
547 7
821 21
450 92
150 35
197 97
889 65
624 61
35 73
156 77
471 1
573 1
623 99
182 6
273 79
741 17
57 94
699 36
356 60
702 48
399 24
872 59
100 59
995 40
307 19
104 33
271 93
758 33
194 20
335 68
296 47
87 86
304 7
107 45
359 90
276 68
34 15
922 47
82 94
799 84
589 1
646 73
247 33
750 17
743 37
632 48
493 1
193 93
369 80
839 83
525 73
764 34
623 84
216 100
618 38
770 38
586 50
15 15
739 1
372 97
781 27
708 100
250 92
848 45
968 14
205 19
876 3
928 33
864 55
323 89
280 92
547 12
697 86
373 34
316 75
965 11
990 24
900 34
846 70
919 18
734 95
688 40
937 38
525 27
675 45
986 18
858 67
841 40
36 100
26 5
247 100
852 49
943 74
559 43
652 4
808 6
696 44
494 26
414 46
881 89
332 100
873 76
29 81
569 7
486 46
666 66
489 5
588 55
425 23
551 24
3 59
682 87
54 55
616 81
703 95
702 87
811 65
163 38
710 48
490 89
595 51
68 65
672 15
40 12
221 83
548 30
880 99
318 78
15 15
446 48
199 38
874 50
586 47
498 61
31 19
995 91
357 26
374 38
644 23
178 18
287 51
562 30
434 56
370 41
354 95
228 38
717 65
253 78
421 66
121 18
175 32
754 8
691 39
825 65
324 34
351 37
209 81
349 46
943 38
993 17
517 38
531 25
406 80
684 67
441 5
126 22
943 68
943 34
895 8
331 29
301 63
693 25
742 71
499 69
385 43
735 51
756 7
597 67
428 66
171 35
551 7
706 62
180 43
23 12
542 93
323 32
637 89
11 14
34 86
299 73
871 93
487 31
797 60
678 84
103 89
365 7
435 74
380 36
123 5
863 82
230 24
939 56
87 16
402 40
280 56
40 59
752 41
731 54
666 96
965 10
325 17
311 54
58 88
511 51
764 1
42 79
616 17
452 36
870 64
796 56
259 45
342 38
716 84
284 44
855 80
165 94
76 49
923 15
208 46
585 91
720 22
442 20
12 40
974 66
435 49
247 86
391 35
971 83
810 85
205 26
702 76
660 87
461 19
46 5
295 44
18 52
173 54
613 22
595 7
992 62
376 52
29 96
872 55
966 91
840 4
19 67
128 9
390 73
159 13
125 21
769 78
338 32
562 98
943 83
611 88
928 7
519 57
70 50
238 70
92 99
448 8
196 57
124 24
255 100
99 56
790 66
774 21
980 58
610 8
136 37
963 33
261 71
123 74
513 59
619 12
698 77
784 67
786 78
654 53
803 73
810 83
80 76
547 2
747 78
811 81
914 58
368 84
703 84
588 43
292 66
905 84
361 60
738 31
453 32
469 6
900 8
592 64
800 19
77 73
212 72
263 61
963 8
325 17
947 15
173 41
263 26
537 99
989 48
805 84
432 7
397 57
787 45
762 100
821 3
18 83
698 91
336 94
59 61
831 69
110 41
654 14
43 27
995 26
736 78
666 16
31 36
870 97
912 74
59 6
537 15
484 96
480 16
848 97
790 20
436 78
690 42
476 91
990 95
173 46
330 97
262 69
350 93
845 38
212 61
210 31
723 4
615 57
850 81
304 59
604 74
266 38
364 17
813 56
230 11
975 57
290 47
371 15
943 26
633 48
746 9
390 15
788 66
315 67
683 47
854 27
790 50
469 60
246 78
301 87
537 99
285 37
863 60
397 9
355 86
636 87
940 6
489 64
473 71
78 9
446 67
353 82
922 91
757 40
970 78
416 84
580 64
296 1
579 9
345 61
596 69
416 85
108 89
735 37
300 52
894 77
543 40
269 57
4 69
252 88
649 53
638 63
792 47
729 69
700 61
967 66
842 75
416 3
978 24
257 5
557 6
649 4
337 55
93 54
701 59
200 30
908 16
145 31
971 68
692 87
566 35
660 81
700 38
185 9
761 41
11 69
797 34
857 26
115 34
871 87
670 30
155 30
683 93
438 78
254 94
249 94
822 33
220 18
151 38
701 1
469 96
168 75
612 44
396 57
169 96
554 6
170 75
164 27
967 82
663 13
670 27
70 4
292 74
904 44
929 100
620 59
468 97
568 29
527 31
121 57
511 68
232 31
787 89
950 96
654 48
463 64
27 44
968 19
804 55
125 10
843 72
313 89
360 88
400 16
276 12
951 97
761 12
157 69
62 40
848 6
562 36
108 44
798 24
959 32
960 87
654 48
18 60
631 33
841 32
23 92
455 83
77 64
786 4
39 81
210 23
244 32
809 44
659 20
666 99
87 90
58 32
885 22
813 17
718 96
36 83
386 62
820 96
117 92
671 29
17 65
144 16
303 90
737 36
396 6
441 18
144 36
731 98
576 47
813 22
748 61
739 80
16 81
188 20
653 21
709 88
72 92
871 3
566 88
621 32
784 73
707 41
461 59
925 89
735 56
88 46
814 21
415 55
115 54
77 14
792 48
765 16
792 82
621 24
297 46
679 47
513 70
394 70
609 75
973 92
130 83
287 2
311 54
88 28
897 24
733 14
155 39
200 81
215 59
921 7
326 38
342 11
224 66
705 73
708 6
217 18
315 69
697 94
8 77
598 52
282 5
745 68
790 22
348 90
828 6
955 84
389 95
466 71
3 88
749 11
187 43
278 73
712 68
324 62
549 49
347 8
796 38
331 100
213 17
143 26
424 83
590 73
711 96
822 68
830 57
669 77
210 90
279 77
532 1
749 56
811 37
793 94
235 93
661 44
44 1
633 8
464 97
196 35
678 32
718 30
1000 36
575 55
276 31
391 47
581 24
823 38
145 99
909 73
463 69
631 30
387 17
604 84
536 13
95 50
289 51
938 51
421 38
148 2
219 63
977 90
389 81
547 75
633 90
574 57
940 98
917 15
510 63
965 73
52 32
273 7
903 85
598 35
482 26
267 44
170 50
118 33
634 30
548 67
569 86
425 94
938 18
577 29
164 58
503 94
365 21
978 52
667 19
285 81
180 74
657 60
876 58
636 86
343 29
739 47
770 19
277 46
988 1
163 49
277 68
671 80
331 98
603 50
83 16
