1000 500 500 500
403 1
291 2
779 3
666 4
217 5
453 6
672 7
833 8
615 9
817 10
969 11
397 12
666 13
543 14
803 15
227 16
256 17
299 18
684 19
668 20
149 21
538 22
895 23
229 24
34 25
990 26
861 27
269 28
944 29
944 30
872 31
530 32
874 33
315 34
414 35
713 36
173 37
726 38
820 39
140 40
602 41
588 42
821 43
812 44
869 45
820 46
307 47
755 48
715 49
887 50
481 51
39 52
94 53
61 54
693 55
591 56
959 57
816 58
238 59
495 60
295 61
727 62
809 63
24 64
213 65
192 66
745 67
570 68
57 69
253 70
570 71
594 72
382 73
486 74
828 75
808 76
389 77
626 78
614 79
721 80
762 81
119 82
552 83
836 84
444 85
499 86
300 87
981 88
233 89
343 90
603 91
581 92
851 93
20 94
714 95
273 96
215 97
721 98
131 99
636 100
248 101
46 102
203 103
895 104
266 105
603 106
206 107
586 108
684 109
76 110
792 111
740 112
73 113
30 114
377 115
988 116
296 117
652 118
872 119
452 120
979 121
499 122
231 123
288 124
312 125
475 126
83 127
324 128
161 129
935 130
931 131
143 132
717 133
262 134
145 135
450 136
501 137
134 138
267 139
651 140
496 141
508 142
861 143
781 144
325 145
161 146
791 147
337 148
459 149
906 150
504 151
593 152
44 153
185 154
318 155
295 156
22 157
196 158
109 159
300 160
106 161
184 162
406 163
6 164
365 165
842 166
881 167
823 168
673 169
647 170
143 171
489 172
393 173
177 174
289 175
948 176
361 177
691 178
331 179
250 180
302 181
143 182
149 183
841 184
884 185
797 186
984 187
81 188
89 189
27 190
745 191
915 192
585 193
213 194
724 195
86 196
581 197
438 198
693 199
988 200
234 201
180 202
175 203
581 204
554 205
648 206
624 207
375 208
737 209
27 210
301 211
450 212
294 213
391 214
539 215
792 216
737 217
677 218
164 219
67 220
155 221
874 222
460 223
305 224
316 225
803 226
727 227
409 228
147 229
800 230
63 231
656 232
594 233
753 234
471 235
459 236
113 237
91 238
372 239
86 240
876 241
134 242
626 243
583 244
921 245
684 246
47 247
844 248
846 249
247 250
857 251
375 252
642 253
790 254
442 255
122 256
758 257
64 258
902 259
260 260
56 261
871 262
854 263
341 264
288 265
212 266
884 267
11 268
173 269
691 270
358 271
961 272
968 273
414 274
929 275
430 276
143 277
498 278
55 279
325 280
292 281
171 282
116 283
157 284
278 285
276 286
898 287
849 288
52 289
842 290
869 291
271 292
406 293
562 294
601 295
473 296
925 297
900 298
255 299
774 300
170 301
66 302
643 303
70 304
197 305
902 306
376 307
530 308
352 309
849 310
831 311
189 312
53 313
257 314
320 315
853 316
909 317
508 318
970 319
679 320
478 321
66 322
81 323
334 324
462 325
300 326
837 327
640 328
512 329
830 330
874 331
477 332
335 333
620 334
892 335
969 336
664 337
374 338
416 339
628 340
133 341
671 342
868 343
723 344
872 345
459 346
993 347
506 348
101 349
695 350
965 351
458 352
463 353
727 354
922 355
335 356
138 357
984 358
384 359
506 360
406 361
673 362
355 363
968 364
65 365
810 366
380 367
622 368
884 369
431 370
516 371
276 372
320 373
992 374
734 375
590 376
896 377
711 378
392 379
61 380
744 381
653 382
438 383
232 384
521 385
795 386
131 387
76 388
232 389
941 390
463 391
415 392
842 393
196 394
238 395
400 396
295 397
826 398
773 399
808 400
934 401
192 402
506 403
220 404
52 405
787 406
880 407
115 408
183 409
177 410
620 411
530 412
356 413
881 414
662 415
708 416
28 417
402 418
574 419
9 420
130 421
215 422
290 423
335 424
853 425
89 426
95 427
65 428
156 429
658 430
427 431
590 432
278 433
407 434
413 435
515 436
273 437
521 438
904 439
968 440
281 441
334 442
717 443
841 444
694 445
61 446
728 447
686 448
596 449
235 450
194 451
245 452
992 453
800 454
735 455
814 456
810 457
555 458
315 459
349 460
910 461
412 462
195 463
177 464
711 465
120 466
230 467
834 468
42 469
945 470
809 471
191 472
141 473
637 474
800 475
988 476
952 477
538 478
79 479
539 480
621 481
563 482
360 483
984 484
512 485
243 486
96 487
987 488
626 489
700 490
955 491
789 492
657 493
976 494
563 495
28 496
735 497
688 498
123 499
230 500
874 193
709 109
158 400
773 169
424 482
667 374
964 377
862 326
720 357
469 100
321 226
515 134
636 67
714 148
816 401
742 70
848 228
300 381
115 187
498 262
45 98
37 321
381 202
251 37
632 283
36 55
608 384
537 475
364 251
816 234
218 398
737 203
450 187
723 143
880 200
332 106
996 352
939 355
620 265
9 298
240 186
969 231
750 136
235 360
421 393
446 463
173 278
496 500
355 179
311 247
345 367
103 257
164 2
8 326
38 221
952 440
400 354
953 204
102 346
879 351
687 252
157 362
680 440
448 50
110 285
936 401
350 111
560 245
384 304
69 416
538 125
872 458
673 304
214 366
899 279
434 3
428 190
915 349
712 192
108 372
913 225
165 220
597 198
58 60
219 5
255 462
372 389
749 385
507 450
246 291
189 302
277 282
218 303
230 294
598 43
343 133
511 89
20 460
338 18
795 52
476 408
666 29
452 449
335 440
640 301
8 123
770 261
482 427
265 256
858 425
260 187
254 342
167 15
761 326
8 407
480 355
896 50
605 228
435 181
226 9
721 358
648 430
1 396
407 379
886 62
700 156
254 280
59 399
971 177
3 315
428 36
278 38
213 379
518 484
976 445
821 60
382 386
335 231
793 255
529 21
576 349
497 114
531 34
955 51
544 35
195 248
110 261
771 66
480 260
687 467
526 240
626 267
584 259
478 108
369 55
397 327
785 433
900 234
797 235
576 83
754 106
315 153
883 168
515 312
335 145
709 105
242 330
22 102
524 141
355 10
836 28
359 83
201 170
603 18
540 321
225 361
128 316
998 488
138 345
519 87
214 472
201 71
224 444
37 497
298 77
100 358
730 349
851 174
935 458
745 106
281 83
943 81
633 87
244 430
671 254
496 8
167 200
182 434
905 15
565 282
743 174
964 454
553 404
855 213
379 492
804 242
171 23
129 320
636 394
719 493
70 303
345 334
929 479
753 496
611 150
783 396
722 158
254 455
894 213
116 225
739 28
410 82
893 4
273 156
536 388
763 493
834 92
698 242
334 260
218 40
11 138
350 3
500 158
297 179
141 190
918 71
683 394
847 291
62 37
649 120
521 85
9 329
832 254
876 356
71 368
633 285
402 171
593 30
733 233
862 133
648 42
602 90
930 370
70 360
224 379
971 210
201 281
96 77
28 400
867 41
530 132
554 293
336 361
509 226
644 353
647 164
230 54
698 132
2 358
723 120
337 42
953 382
508 496
276 373
841 210
433 114
586 373
99 13
840 287
135 399
248 431
780 363
319 238
756 117
102 399
865 342
363 122
525 112
907 370
901 483
214 31
235 420
311 286
972 89
974 108
892 246
109 71
530 311
513 145
202 182
908 275
266 332
707 334
722 96
427 372
746 475
607 281
989 171
542 385
598 21
797 185
431 4
997 456
739 142
304 145
834 29
937 20
293 492
862 164
94 275
669 489
432 396
950 388
259 235
831 36
652 360
755 191
106 483
946 335
124 388
34 256
952 292
279 452
763 10
824 148
491 357
50 469
903 316
172 42
861 359
828 45
40 387
632 5
932 5
8 93
880 31
197 34
315 144
135 426
326 339
66 352
608 289
183 136
34 378
705 151
216 250
36 401
218 15
620 325
215 500
612 354
406 496
390 383
634 321
356 103
840 170
250 295
715 8
191 311
825 196
897 137
351 18
93 119
237 115
511 5
785 356
779 262
84 122
57 37
733 202
410 234
150 410
209 449
287 111
766 105
567 389
809 333
203 342
343 202
743 112
600 11
664 312
634 346
887 374
317 199
128 61
256 72
50 357
480 259
965 459
797 138
752 265
99 373
267 183
177 285
123 200
569 491
99 77
59 157
891 404
846 354
33 454
754 84
879 38
216 26
782 165
73 311
247 267
298 363
335 408
399 282
667 339
909 384
874 374
8 325
628 253
768 102
668 327
727 397
346 283
811 461
818 36
466 408
65 465
176 48
75 191
17 313
582 22
722 366
181 347
930 198
430 188
140 19
696 489
160 155
210 82
687 435
325 22
528 200
194 295
371 372
628 222
544 65
853 268
935 38
398 291
757 172
730 291
395 154
926 141
148 183
840 14
938 14
112 115
218 59
242 132
240 248
382 443
864 137
247 407
790 180
619 242
240 338
360 435
313 294
827 206
825 347
18 353
256 466
209 429
37 131
769 269
661 238
543 331
306 93
577 450
711 327
665 302
769 104
51 207
369 193
774 384
825 84
215 32
735 417
746 280
472 266
822 300
824 467
924 132
