1000 50 400 7792
649 1
921 2
16 3
106 4
934 5
135 6
627 7
277 8
5 9
607 10
521 11
544 12
123 13
555 14
231 15
19 16
665 17
631 18
349 19
638 20
180 21
690 22
780 23
846 24
719 25
509 26
942 27
304 28
669 29
481 30
42 31
67 32
912 33
566 34
258 35
155 36
864 37
768 38
919 39
516 40
277 41
911 42
652 43
504 44
41 45
40 46
423 47
621 48
507 49
451 50
616 1
791 28
433 29
120 29
616 39
717 42
968 45
493 39
451 42
211 46
542 41
342 17
998 5
990 27
596 40
11 41
814 1
875 34
973 23
786 33
874 37
583 22
592 12
883 3
775 21
120 33
20 6
578 13
72 37
722 21
912 40
963 48
452 47
895 33
684 3
390 10
889 10
316 14
4 32
534 22
428 41
230 47
657 19
764 43
746 31
915 20
25 21
499 37
74 17
545 32
765 23
427 7
475 34
60 48
654 29
807 37
71 14
982 36
380 9
858 2
617 28
209 4
153 13
572 9
542 14
529 21
513 26
176 20
120 1
78 29
876 50
381 50
403 24
284 29
868 50
179 34
275 44
341 32
658 36
268 33
661 32
422 2
771 29
99 22
823 17
406 12
782 13
417 8
990 25
512 17
510 47
916 21
975 17
27 2
238 22
64 4
37 47
73 26
729 14
666 44
33 17
823 29
759 1
222 31
971 47
421 10
10 25
562 26
526 39
723 27
470 16
169 32
689 36
950 14
440 29
92 43
932 23
349 37
565 30
758 48
722 23
44 21
129 36
841 8
657 46
676 21
368 50
276 10
475 33
35 19
747 14
382 22
421 21
520 46
666 35
204 10
707 3
527 45
596 1
784 24
252 30
376 20
122 49
649 5
880 40
684 50
337 27
29 26
736 7
271 33
129 41
713 28
4 15
372 44
185 22
40 35
551 17
291 23
567 15
469 5
37 18
646 30
795 50
492 3
369 23
598 21
365 30
120 40
717 1
84 44
877 22
663 43
124 17
702 41
315 36
542 4
933 49
933 20
135 36
181 33
53 19
204 40
107 14
661 13
988 47
601 41
992 29
848 29
702 46
943 47
640 12
9 34
57 9
906 29
758 10
207 3
257 26
759 50
317 47
508 20
827 12
827 50
519 44
338 24
18 37
765 37
124 8
813 27
49 30
800 26
844 35
685 43
497 8
854 35
592 23
393 26
789 15
981 12
327 1
4 4
762 24
259 12
634 11
116 43
420 1
825 49
936 45
984 10
28 19
942 1
88 6
464 20
718 19
490 14
681 34
648 37
257 42
387 20
538 40
442 18
283 37
529 8
909 46
380 6
112 40
253 3
493 36
725 32
329 1
574 10
159 44
446 48
338 27
781 4
373 16
510 28
571 42
599 35
172 17
374 48
824 30
839 8
507 37
584 23
515 49
404 6
610 46
349 50
377 26
915 19
620 7
896 10
973 37
602 32
310 3
203 13
29 19
744 17
257 25
235 18
903 20
217 1
885 42
900 1
76 33
876 41
818 17
996 4
101 3
159 5
709 10
170 3
342 22
285 15
665 11
65 6
393 34
156 5
701 48
765 31
77 18
133 7
642 50
993 2
429 34
518 11
543 48
131 48
263 49
109 10
924 24
918 19
876 19
95 11
96 35
313 13
431 13
673 32
286 40
204 16
378 27
883 2
537 12
40 46
781 34
211 12
990 16
132 19
581 40
705 48
221 4
441 3
791 1
707 22
964 15
407 8
64 18
621 28
420 7
664 4
725 15
106 41
58 21
140 16
319 18
896 47
290 16
360 17
45 21
878 41
547 5
33 30
170 17
559 47
9 19
295 3
775 46
608 21
245 10
121 8
919 29
706 3
698 44
562 1
472 34
745 41
784 14
893 29
58 49
898 26
710 12
178 34
626 44
445 34
394 18
649 29
560 24
989 48
42 27
956 22
294 24
487 29
569 16
949 3
548 18
287 14
563 41
451 45
126 29
80 20
264 50
862 33
994 1
376 31
774 47
632 34
125 35
818 36
936 35
519 21
426 17
869 26
737 39
339 49
5 38
95 15
786 43
84 19
290 35
34 6
631 32
738 14
33 31
803 38
161 50
138 40
813 4
237 33
928 28
875 3
939 42
885 6
799 43
678 49
886 11
178 25
256 9
959 49
960 38
823 50
594 2
423 24
841 32
904 48
493 5
527 19
683 20
575 32
687 32
68 4
315 17
81 19
877 42
602 43
144 12
305 47
991 34
400 25
278 14
32 15
985 12
483 41
980 24
463 36
448 3
896 7
28 15
856 45
41 33
326 23
720 18
966 1
640 23
692 10
406 40
515 8
672 30
470 7
778 12
900 27
858 39
1000 25
34 14
136 37
749 29
13 8
722 24
277 6
549 30
328 1
61 50
420 50
11 45
497 46
68 28
848 10
100 16
726 20
862 2
838 34
747 10
122 26
427 49
127 37
774 49
655 15
295 43
956 7
233 15
183 8
571 16
160 7
438 30
60 37
522 21
290 5
8 22
360 24
14 47
553 17
592 14
833 37
729 28
893 37
596 27
391 13
771 26
332 12
245 24
191 32
757 3
400 3
85 3
443 22
737 45
400 16
179 6
433 33
56 32
51 24
774 32
805 37
295 42
165 29
722 43
801 28
704 4
758 31
228 30
17 42
880 2
376 14
496 7
817 32
531 9
497 1
942 16
882 28
868 5
658 25
255 8
470 35
161 1
406 50
979 19
44 17
703 44
335 49
63 42
637 36
151 50
475 15
476 6
51 8
841 24
110 36
112 43
215 8
323 49
489 12
617 15
908 20
105 38
135 12
620 44
767 20
927 49
892 34
663 50
181 38
474 8
689 36
527 20
361 40
959 29
361 7
550 2
603 15
996 41
15 6
352 9
141 47
625 35
99 42
160 50
232 18
129 50
981 2
980 32
210 17
194 37
135 2
470 30
923 34
409 1
751 37
380 2
250 28
855 28
883 40
73 6
385 2
44 30
651 20
98 27
953 12
100 32
671 19
721 42
77 17
470 46
668 18
822 36
358 12
354 46
317 3
445 34
437 48
903 35
947 33
389 15
170 33
515 38
22 34
615 14
116 20
59 33
511 8
327 45
543 28
369 3
103 34
182 20
519 21
231 16
876 40
815 20
994 4
437 47
216 18
815 8
87 8
679 19
764 23
107 50
386 40
334 30
551 9
15 21
358 3
634 24
694 27
265 3
302 41
224 47
155 24
631 44
110 47
913 19
4 12
994 29
10 50
90 44
350 27
160 47
565 48
233 25
370 50
52 28
609 34
783 2
59 29
350 8
232 48
57 7
494 24
120 37
611 30
611 46
257 37
341 44
673 27
764 27
405 43
313 9
726 25
104 4
931 50
202 34
830 19
625 24
649 27
346 43
758 46
392 47
499 9
512 22
691 27
670 11
528 47
326 43
80 4
567 5
435 45
975 8
7 44
769 46
978 18
957 15
314 22
176 10
211 21
761 17
783 1
565 38
120 38
164 48
969 23
422 43
468 47
496 14
607 27
228 24
889 10
964 21
140 39
51 17
825 39
614 27
442 41
665 23
880 46
364 20
270 44
700 17
326 50
598 38
971 14
579 45
534 38
372 11
477 11
893 25
908 46
274 16
669 44
190 33
834 27
249 32
26 22
531 33
335 31
229 25
183 21
61 34
592 36
753 43
194 21
254 42
707 47
705 31
996 42
986 15
981 19
348 8
634 49
717 21
339 37
852 25
5 11
379 4
984 47
789 21
895 48
798 43
413 41
638 39
760 35
952 39
832 15
57 18
405 2
421 12
599 35
322 8
834 21
205 11
89 25
998 42
48 38
286 41
705 14
786 29
230 18
75 44
595 30
279 27
862 20
532 49
79 18
537 27
392 45
511 35
737 27
843 17
879 26
869 17
637 9
16 48
966 46
579 21
239 32
592 14
913 11
138 32
765 24
680 19
968 18
548 30
163 22
546 37
438 5
833 22
95 31
474 41
576 4
260 33
834 12
283 47
21 34
439 40
480 7
894 24
954 12
456 14
137 16
908 43
875 46
916 22
475 8
916 50
786 43
450 29
606 49
752 43
831 18
991 47
794 27
878 9
455 41
57 33
900 9
661 32
724 14
265 9
123 39
84 19
938 39
697 43
23 16
931 24
842 5
858 18
781 34
860 43
987 5
829 14
240 40
865 7
363 34
654 41
781 21
278 33
83 31
23 1
412 6
494 28
49 47
881 25
228 30
656 20
211 25
632 17
180 46
109 36
657 48
803 35
324 8
183 37
158 41
351 47
597 10
350 38
348 11
81 27
109 19
721 39
62 22
488 34
844 50
629 35
71 34
560 12
63 7
306 31
682 36
727 46
866 16
711 10
104 47
16 9
82 34
805 27
190 14
868 21
620 25
795 26
166 2
288 48
272 11
234 44
846 8
238 23
671 5
955 9
881 32
366 46
329 38
466 30
381 44
763 38
973 49
533 32
147 11
877 47
516 6
241 33
14 36
621 28
8 26
