1000 900 900 6
54 1
636 2
278 3
987 4
247 5
397 6
73 7
921 8
131 9
580 10
974 11
517 12
723 13
551 14
269 15
40 16
326 17
931 18
780 19
902 20
908 21
33 22
782 23
155 24
534 25
833 26
862 27
406 28
858 29
732 30
407 31
695 32
792 33
599 34
20 35
762 36
74 37
191 38
977 39
15 40
765 41
769 42
710 43
395 44
254 45
876 46
987 47
48 48
171 49
509 50
930 51
970 52
227 53
36 54
446 55
790 56
595 57
15 58
641 59
229 60
130 61
841 62
58 63
362 64
380 65
450 66
452 67
599 68
350 69
231 70
236 71
950 72
279 73
935 74
879 75
926 76
376 77
563 78
288 79
66 80
895 81
350 82
511 83
113 84
41 85
844 86
61 87
321 88
484 89
255 90
370 91
148 92
782 93
382 94
235 95
321 96
697 97
595 98
60 99
163 100
440 101
577 102
235 103
216 104
408 105
834 106
330 107
81 108
781 109
413 110
568 111
125 112
914 113
420 114
310 115
399 116
227 117
308 118
756 119
106 120
452 121
145 122
652 123
641 124
485 125
524 126
407 127
981 128
516 129
48 130
350 131
480 132
332 133
396 134
80 135
90 136
74 137
587 138
152 139
802 140
548 141
434 142
853 143
628 144
206 145
850 146
544 147
22 148
897 149
389 150
634 151
918 152
798 153
666 154
864 155
302 156
794 157
369 158
529 159
542 160
862 161
687 162
260 163
134 164
277 165
268 166
97 167
252 168
929 169
456 170
553 171
727 172
383 173
721 174
312 175
204 176
67 177
768 178
939 179
826 180
79 181
648 182
81 183
937 184
250 185
360 186
892 187
144 188
772 189
211 190
119 191
643 192
882 193
736 194
482 195
191 196
492 197
683 198
354 199
841 200
819 201
968 202
883 203
111 204
362 205
862 206
594 207
303 208
637 209
26 210
427 211
937 212
759 213
298 214
493 215
835 216
686 217
459 218
980 219
605 220
455 221
738 222
63 223
783 224
853 225
296 226
844 227
691 228
275 229
926 230
649 231
927 232
900 233
384 234
159 235
566 236
67 237
663 238
991 239
858 240
417 241
481 242
340 243
607 244
816 245
682 246
273 247
699 248
983 249
820 250
23 251
962 252
495 253
492 254
847 255
215 256
927 257
200 258
598 259
264 260
731 261
944 262
237 263
324 264
350 265
816 266
63 267
768 268
152 269
656 270
395 271
728 272
168 273
933 274
373 275
669 276
484 277
658 278
808 279
511 280
854 281
388 282
870 283
985 284
270 285
725 286
524 287
240 288
135 289
592 290
486 291
785 292
595 293
948 294
881 295
146 296
155 297
196 298
82 299
24 300
334 301
698 302
710 303
315 304
372 305
937 306
446 307
496 308
89 309
687 310
507 311
234 312
313 313
854 314
429 315
582 316
619 317
21 318
937 319
322 320
567 321
439 322
770 323
942 324
19 325
38 326
447 327
518 328
730 329
988 330
6 331
978 332
844 333
92 334
480 335
933 336
53 337
19 338
213 339
427 340
388 341
446 342
971 343
365 344
968 345
862 346
911 347
102 348
984 349
767 350
801 351
919 352
358 353
451 354
387 355
784 356
702 357
137 358
193 359
942 360
697 361
194 362
310 363
265 364
900 365
871 366
766 367
527 368
929 369
871 370
656 371
936 372
138 373
926 374
682 375
688 376
664 377
561 378
844 379
116 380
905 381
416 382
418 383
95 384
884 385
197 386
452 387
387 388
34 389
859 390
548 391
674 392
489 393
981 394
569 395
97 396
800 397
490 398
947 399
77 400
954 401
186 402
831 403
661 404
246 405
651 406
180 407
99 408
974 409
685 410
363 411
307 412
776 413
960 414
319 415
984 416
21 417
376 418
523 419
387 420
416 421
581 422
337 423
136 424
174 425
994 426
799 427
234 428
659 429
671 430
147 431
875 432
30 433
237 434
369 435
812 436
918 437
293 438
484 439
911 440
875 441
770 442
594 443
262 444
995 445
546 446
633 447
618 448
648 449
481 450
574 451
674 452
858 453
133 454
73 455
257 456
830 457
469 458
720 459
404 460
847 461
966 462
743 463
434 464
7 465
149 466
880 467
586 468
101 469
521 470
392 471
808 472
440 473
810 474
901 475
426 476
381 477
642 478
171 479
984 480
179 481
190 482
629 483
75 484
658 485
395 486
939 487
452 488
524 489
768 490
499 491
804 492
266 493
939 494
676 495
548 496
571 497
436 498
439 499
884 500
987 501
136 502
674 503
29 504
333 505
396 506
387 507
290 508
540 509
960 510
615 511
171 512
440 513
531 514
601 515
131 516
17 517
900 518
776 519
562 520
249 521
951 522
673 523
532 524
917 525
107 526
964 527
889 528
402 529
434 530
906 531
339 532
836 533
642 534
560 535
89 536
608 537
949 538
320 539
301 540
861 541
665 542
934 543
59 544
993 545
947 546
636 547
112 548
368 549
886 550
978 551
778 552
656 553
89 554
155 555
319 556
315 557
297 558
36 559
112 560
224 561
868 562
706 563
547 564
774 565
981 566
937 567
672 568
589 569
393 570
763 571
567 572
366 573
516 574
724 575
955 576
417 577
415 578
805 579
583 580
170 581
862 582
141 583
357 584
238 585
877 586
439 587
685 588
138 589
488 590
839 591
591 592
691 593
934 594
264 595
69 596
593 597
72 598
135 599
745 600
173 601
890 602
479 603
954 604
47 605
455 606
973 607
514 608
462 609
296 610
590 611
887 612
629 613
343 614
464 615
65 616
339 617
445 618
345 619
292 620
879 621
628 622
969 623
32 624
994 625
935 626
967 627
609 628
501 629
971 630
48 631
189 632
718 633
128 634
193 635
813 636
525 637
11 638
27 639
695 640
715 641
528 642
426 643
472 644
391 645
118 646
486 647
235 648
821 649
718 650
170 651
611 652
497 653
593 654
217 655
862 656
436 657
255 658
78 659
188 660
832 661
39 662
503 663
595 664
766 665
842 666
25 667
823 668
823 669
137 670
740 671
185 672
35 673
591 674
852 675
2 676
256 677
645 678
748 679
873 680
40 681
635 682
384 683
740 684
280 685
642 686
281 687
509 688
774 689
382 690
943 691
694 692
385 693
276 694
10 695
508 696
45 697
892 698
193 699
971 700
183 701
611 702
883 703
702 704
567 705
653 706
684 707
717 708
574 709
811 710
104 711
372 712
229 713
554 714
517 715
340 716
849 717
774 718
931 719
25 720
525 721
898 722
729 723
826 724
805 725
72 726
378 727
433 728
428 729
883 730
1000 731
114 732
379 733
789 734
273 735
230 736
509 737
740 738
519 739
765 740
20 741
807 742
265 743
397 744
315 745
891 746
936 747
324 748
751 749
731 750
649 751
755 752
724 753
908 754
970 755
946 756
310 757
316 758
372 759
545 760
326 761
455 762
24 763
240 764
533 765
295 766
722 767
259 768
527 769
311 770
881 771
643 772
269 773
135 774
99 775
884 776
463 777
777 778
817 779
993 780
47 781
2 782
248 783
708 784
290 785
833 786
789 787
58 788
104 789
116 790
672 791
438 792
422 793
88 794
588 795
468 796
735 797
330 798
581 799
730 800
697 801
256 802
471 803
799 804
448 805
796 806
343 807
10 808
13 809
903 810
300 811
672 812
522 813
912 814
594 815
536 816
961 817
398 818
300 819
96 820
378 821
528 822
95 823
922 824
875 825
35 826
903 827
110 828
528 829
5 830
553 831
655 832
841 833
915 834
669 835
411 836
803 837
305 838
913 839
857 840
605 841
45 842
470 843
331 844
358 845
357 846
542 847
471 848
593 849
833 850
601 851
276 852
814 853
575 854
595 855
218 856
869 857
557 858
728 859
825 860
157 861
150 862
224 863
357 864
698 865
128 866
720 867
175 868
487 869
962 870
439 871
676 872
280 873
604 874
139 875
516 876
82 877
77 878
535 879
872 880
419 881
784 882
911 883
234 884
886 885
213 886
630 887
981 888
142 889
914 890
833 891
688 892
654 893
45 894
648 895
436 896
519 897
673 898
154 899
568 900
503 197
490 682
512 846
554 528
502 303
824 71
614 715
858 816
85 706
651 481
879 319
691 653
852 867
304 334
259 105
108 818
611 85
225 351
823 602
151 766
939 135
681 196
330 448
769 619
510 761
555 80
672 51
149 334
948 102
221 879
526 16
861 534
485 818
466 775
816 790
762 371
981 4
813 844
987 586
783 68
522 90
619 474
573 748
400 797
113 474
188 796
833 270
731 391
462 375
445 249
7 789
726 805
856 729
454 448
937 652
889 733
616 34
539 688
885 666
300 541
642 222
519 258
798 119
145 479
775 649
380 573
454 591
34 379
794 393
294 15
759 139
685 205
99 428
349 199
241 833
46 675
825 428
829 425
935 15
573 890
427 564
212 291
422 298
472 461
497 512
703 832
432 74
877 265
410 324
708 488
907 413
259 785
376 369
589 325
547 837
11 359
336 742
47 638
601 291
491 616
