1000 50 400 4196
839 1
667 2
271 3
632 4
957 5
614 6
69 7
910 8
31 9
121 10
364 11
382 12
25 13
389 14
166 15
463 16
457 17
104 18
680 19
928 20
291 21
13 22
516 23
626 24
183 25
640 26
426 27
857 28
901 29
479 30
438 31
261 32
738 33
117 34
753 35
502 36
928 37
47 38
539 39
875 40
783 41
715 42
381 43
707 44
791 45
532 46
80 47
578 48
359 49
273 50
158 28
588 39
727 40
811 37
317 8
86 19
548 12
949 25
251 17
679 49
342 31
496 48
474 12
650 31
971 28
280 42
587 27
415 23
461 3
28 40
72 39
979 23
558 39
946 48
423 15
677 34
472 31
658 28
19 37
722 29
778 39
874 41
969 24
229 34
731 46
665 4
237 38
612 31
974 9
985 24
109 19
196 41
560 6
113 41
974 37
892 5
85 37
761 34
119 40
275 17
668 1
956 39
520 7
769 32
758 17
438 40
239 49
852 33
47 24
546 29
400 36
598 45
395 28
611 23
83 40
811 11
986 11
301 13
190 19
966 6
855 6
149 32
718 26
422 30
481 47
221 45
959 38
714 16
116 10
914 26
361 26
506 12
902 11
270 27
638 48
781 48
532 30
854 19
355 7
558 3
282 47
908 39
202 11
507 24
111 6
382 20
829 46
517 27
93 48
557 5
590 8
761 43
963 10
894 37
188 32
540 5
675 6
984 48
117 31
925 39
538 5
574 24
726 15
937 38
679 49
196 33
691 33
926 39
364 41
591 3
637 39
541 17
635 3
983 6
574 38
778 25
254 33
252 47
899 21
637 36
775 13
993 50
129 12
889 6
194 17
929 11
422 3
791 12
945 46
425 16
586 28
455 9
536 13
259 1
949 4
355 45
799 14
283 26
846 7
675 28
397 29
175 35
809 34
651 44
136 35
745 43
176 7
634 14
325 49
35 46
855 43
535 2
347 18
811 1
105 39
371 32
768 41
783 9
233 24
422 17
901 19
195 37
816 26
768 13
822 29
766 39
524 12
786 29
222 45
404 6
118 48
355 40
886 1
639 24
531 6
747 5
672 36
186 35
578 2
321 33
994 45
931 8
702 20
595 26
89 31
1 45
249 30
96 39
118 33
932 24
982 50
626 40
701 35
323 35
101 4
160 31
563 2
462 46
669 23
184 15
721 41
176 40
510 46
905 11
873 12
924 7
297 23
458 42
630 47
932 23
839 32
46 45
773 36
367 44
257 8
414 36
56 28
140 47
947 27
781 22
209 4
196 18
132 4
682 13
929 45
320 18
574 18
38 28
261 10
118 31
153 30
483 16
392 8
545 48
287 22
348 19
724 3
794 26
404 5
920 20
665 25
290 37
176 8
963 1
145 1
334 12
938 6
742 25
400 37
648 38
481 9
786 11
622 20
784 34
262 30
854 31
447 24
266 34
182 45
798 15
960 39
211 27
478 49
617 5
211 7
191 23
499 10
351 45
278 46
76 46
566 44
720 17
581 25
741 16
362 49
666 37
8 2
946 44
312 35
636 32
676 7
715 2
534 41
988 21
631 27
640 10
909 49
711 42
65 11
831 2
867 27
856 17
141 12
358 39
36 49
519 45
552 2
758 10
732 30
614 11
607 1
45 19
188 3
672 46
702 30
222 4
442 25
725 4
187 45
278 1
789 13
514 37
732 25
266 27
782 21
219 42
656 38
81 37
370 26
834 38
327 39
449 10
416 45
859 24
578 41
112 35
210 4
206 26
17 24
84 46
584 22
881 15
242 5
847 6
788 1
892 10
277 35
756 13
109 15
988 43
348 28
9 22
456 39
283 50
833 41
180 49
931 27
503 38
13 39
302 2
867 16
380 44
440 33
345 37
202 49
124 15
43 24
613 18
315 36
4 46
271 20
777 18
224 25
739 25
935 6
309 5
829 29
27 48
885 4
20 16
77 4
447 23
296 28
578 4
625 40
157 4
533 16
163 12
213 21
327 2
600 27
533 46
915 35
849 19
159 39
589 29
374 39
764 12
126 45
46 11
650 41
878 46
602 19
854 43
522 46
278 28
48 5
373 13
786 3
504 16
73 1
806 1
257 47
646 27
617 27
902 2
305 47
181 48
592 3
612 19
112 32
961 21
682 27
869 15
310 43
320 5
213 36
865 49
874 49
899 14
706 30
264 46
119 28
233 46
175 15
409 35
209 37
461 3
940 23
589 38
400 21
420 17
316 36
674 40
165 15
97 15
2 21
742 30
991 44
410 44
495 14
738 37
833 37
228 15
712 48
87 40
888 25
829 45
732 35
211 6
30 45
230 33
351 15
424 7
723 34
23 30
568 7
686 18
9 7
426 44
595 13
801 10
655 12
381 27
302 13
35 30
326 16
455 46
982 35
550 26
454 40
792 7
228 13
258 48
871 16
515 28
620 20
876 18
33 34
836 50
943 42
68 26
669 16
813 46
937 3
566 17
74 7
545 24
119 3
329 35
345 46
600 44
796 20
82 45
967 19
988 37
303 45
883 12
920 38
797 29
394 16
941 39
111 41
679 13
385 30
690 12
40 18
663 23
620 47
368 27
638 15
325 9
51 25
89 35
643 29
330 28
992 36
930 28
148 45
623 47
30 6
458 3
293 32
804 41
400 35
509 45
652 31
258 28
27 26
473 1
271 37
347 10
291 47
52 39
311 4
560 1
973 48
571 41
182 41
847 22
805 2
681 22
137 3
592 13
637 31
23 27
9 33
2 15
324 39
526 7
280 7
922 18
592 25
119 32
771 34
357 32
187 11
774 44
38 30
758 15
214 15
154 19
274 40
917 13
89 35
619 18
752 43
239 31
315 42
941 32
957 2
947 17
326 30
950 29
390 14
34 34
914 6
604 10
67 18
242 23
613 40
804 10
139 30
888 1
605 46
104 43
109 44
639 33
171 18
497 19
437 46
572 25
588 15
655 15
770 6
636 27
968 13
572 40
204 42
600 43
763 7
554 18
627 10
149 9
356 9
432 23
520 2
828 26
853 47
447 50
871 9
537 4
932 37
260 48
342 17
722 7
980 31
305 24
717 50
89 29
927 6
976 28
755 29
66 18
725 16
30 23
821 47
867 42
538 23
865 20
777 8
982 44
135 8
726 27
358 10
294 33
308 38
624 34
646 15
732 43
513 39
351 35
394 5
671 14
743 41
196 36
911 6
681 38
479 6
107 25
710 19
968 4
736 15
136 47
313 7
279 20
799 47
433 45
760 45
762 38
374 21
775 49
498 48
680 47
592 19
491 40
526 17
948 39
54 36
473 39
375 24
120 18
410 7
452 37
241 8
46 3
118 6
996 41
156 17
75 46
477 13
208 24
190 38
967 50
485 17
845 7
202 50
792 40
881 50
36 39
648 8
339 34
465 33
58 27
620 35
998 20
18 18
196 32
811 11
566 28
51 46
382 48
899 22
170 6
459 19
979 38
568 22
463 26
918 4
845 8
583 42
65 20
104 49
65 23
904 24
41 34
730 10
181 49
432 40
153 29
836 39
368 45
907 16
493 36
973 35
810 12
319 6
113 44
328 50
143 7
6 5
474 6
896 8
290 29
904 25
916 18
680 49
211 19
217 6
640 14
3 21
355 18
447 32
900 28
379 20
446 2
723 13
352 28
724 29
849 35
736 7
621 43
390 8
387 16
478 21
827 34
538 42
423 14
147 46
422 24
213 37
918 22
101 16
192 43
418 27
882 48
821 10
171 39
938 49
391 38
677 22
371 42
391 39
196 50
131 44
588 50
323 44
560 13
912 24
246 45
266 47
676 35
697 25
101 31
252 49
381 6
113 26
603 45
60 25
758 35
107 7
267 21
694 39
658 39
344 49
974 1
15 28
661 20
108 12
229 50
435 22
937 28
139 19
946 45
443 45
194 32
972 38
766 17
88 8
791 44
920 42
782 16
5 28
39 40
779 37
312 45
356 29
161 19
554 36
581 7
638 27
649 36
531 31
25 46
680 45
178 47
711 43
706 33
655 3
969 7
973 34
940 44
486 11
37 22
48 41
614 23
87 38
194 4
955 20
202 14
585 38
417 39
744 20
206 48
784 44
142 25
352 32
460 3
441 24
989 29
903 13
698 37
7 28
898 27
519 23
986 15
844 31
840 45
725 48
526 50
779 45
538 37
472 26
670 20
805 42
555 22
674 49
859 4
50 40
260 17
633 36
169 19
636 17
895 13
999 19
491 11
459 34
449 23
606 15
133 12
430 42
261 4
132 27
202 49
370 5
67 7
409 44
693 45
111 2
34 38
436 32
420 8
102 35
715 49
372 1
820 29
802 5
751 36
809 37
988 18
370 40
100 23
103 30
625 29
767 49
271 48
578 12
103 34
753 7
980 4
215 48
893 29
851 21
209 39
637 3
557 21
344 3
552 29
103 10
540 16
14 35
730 5
126 1
118 12
338 30
242 35
317 31
54 25
679 28
993 6
72 23
580 19
323 43
940 33
967 17
477 32
306 14
994 26
780 24
484 19
