1000 500 50 190
687 1
79 2
642 3
494 4
944 5
364 6
376 7
76 8
9 9
114 10
429 11
652 12
921 13
928 14
347 15
83 16
67 17
584 18
277 19
328 20
838 21
241 22
29 23
50 24
9 25
123 26
541 27
444 28
303 29
823 30
702 31
247 32
919 33
97 34
983 35
678 36
441 37
172 38
74 39
461 40
41 41
834 42
716 43
821 44
259 45
60 46
877 47
697 48
593 49
895 50
463 51
303 52
146 53
267 54
148 55
942 56
828 57
305 58
698 59
550 60
122 61
673 62
635 63
436 64
774 65
700 66
412 67
852 68
295 69
331 70
368 71
10 72
535 73
532 74
284 75
67 76
133 77
397 78
344 79
815 80
497 81
408 82
21 83
978 84
214 85
272 86
960 87
467 88
78 89
350 90
162 91
283 92
718 93
715 94
908 95
668 96
928 97
703 98
615 99
956 100
601 101
452 102
39 103
104 104
428 105
797 106
749 107
459 108
841 109
674 110
927 111
988 112
225 113
725 114
577 115
224 116
777 117
801 118
789 119
341 120
515 121
354 122
555 123
883 124
839 125
871 126
342 127
688 128
167 129
586 130
214 131
482 132
483 133
867 134
627 135
673 136
285 137
566 138
98 139
499 140
655 141
555 142
947 143
230 144
703 145
210 146
497 147
659 148
687 149
945 150
889 151
671 152
364 153
780 154
503 155
815 156
382 157
262 158
200 159
260 160
128 161
58 162
733 163
471 164
65 165
862 166
867 167
418 168
644 169
201 170
310 171
667 172
890 173
929 174
550 175
48 176
69 177
47 178
32 179
604 180
424 181
663 182
598 183
758 184
893 185
973 186
617 187
451 188
569 189
892 190
953 191
326 192
85 193
290 194
11 195
641 196
799 197
507 198
356 199
628 200
570 201
168 202
776 203
572 204
7 205
40 206
459 207
604 208
703 209
441 210
762 211
826 212
894 213
655 214
322 215
555 216
23 217
525 218
191 219
649 220
546 221
853 222
889 223
156 224
800 225
941 226
89 227
869 228
205 229
492 230
140 231
528 232
887 233
882 234
615 235
256 236
519 237
309 238
735 239
400 240
345 241
839 242
150 243
853 244
906 245
888 246
26 247
678 248
875 249
453 250
986 251
310 252
592 253
57 254
826 255
820 256
96 257
59 258
61 259
911 260
430 261
620 262
157 263
187 264
785 265
697 266
550 267
219 268
848 269
81 270
813 271
58 272
426 273
974 274
844 275
882 276
44 277
482 278
918 279
893 280
505 281
413 282
394 283
821 284
673 285
22 286
749 287
108 288
115 289
196 290
304 291
945 292
8 293
344 294
899 295
346 296
270 297
974 298
523 299
514 300
827 301
942 302
673 303
543 304
865 305
830 306
194 307
426 308
389 309
853 310
435 311
298 312
511 313
719 314
459 315
824 316
117 317
46 318
880 319
78 320
447 321
736 322
377 323
152 324
704 325
11 326
142 327
816 328
670 329
828 330
613 331
157 332
585 333
616 334
288 335
73 336
568 337
627 338
7 339
249 340
421 341
282 342
519 343
605 344
880 345
706 346
728 347
447 348
223 349
902 350
387 351
39 352
16 353
357 354
11 355
738 356
789 357
137 358
459 359
466 360
917 361
532 362
464 363
490 364
806 365
220 366
313 367
808 368
396 369
446 370
98 371
113 372
781 373
745 374
790 375
183 376
748 377
734 378
5 379
375 380
100 381
214 382
438 383
244 384
205 385
634 386
3 387
572 388
558 389
259 390
21 391
682 392
431 393
383 394
934 395
43 396
142 397
482 398
573 399
611 400
390 401
257 402
284 403
326 404
655 405
228 406
468 407
680 408
371 409
64 410
696 411
249 412
421 413
695 414
371 415
582 416
924 417
712 418
753 419
420 420
442 421
50 422
53 423
673 424
188 425
758 426
560 427
302 428
839 429
644 430
708 431
573 432
764 433
991 434
226 435
202 436
758 437
218 438
454 439
891 440
718 441
826 442
487 443
163 444
356 445
588 446
201 447
614 448
259 449
252 450
647 451
367 452
753 453
874 454
346 455
740 456
172 457
446 458
895 459
235 460
987 461
798 462
133 463
797 464
584 465
442 466
911 467
13 468
392 469
312 470
246 471
144 472
378 473
76 474
327 475
897 476
450 477
848 478
726 479
264 480
715 481
163 482
751 483
926 484
361 485
958 486
978 487
866 488
218 489
863 490
135 491
640 492
828 493
712 494
493 495
826 496
560 497
400 498
374 499
346 500
15 142
756 202
671 457
566 58
718 309
69 250
730 124
7 449
461 479
3 140
933 33
172 436
517 185
955 267
7 42
575 315
23 210
614 241
466 419
813 411
365 117
592 408
592 7
986 31
962 14
947 101
837 62
533 205
534 52
860 230
568 473
794 445
51 430
563 255
50 446
746 323
511 441
86 313
987 24
631 363
255 184
190 413
518 124
27 346
795 486
639 42
858 200
360 123
126 36
729 212
370 91
971 322
188 223
772 342
135 286
720 395
18 155
609 197
608 31
38 41
527 349
448 202
317 383
950 252
714 228
936 110
98 256
901 459
479 196
450 449
922 21
400 237
344 44
377 453
546 255
433 38
972 183
706 139
937 190
25 92
783 116
778 81
642 154
504 284
603 287
482 104
217 332
139 454
695 63
125 414
732 18
922 331
543 434
732 363
284 345
862 490
849 343
388 31
118 80
703 12
183 107
631 49
93 41
12 205
247 298
376 240
329 161
428 451
312 447
303 94
433 172
207 433
178 444
744 386
353 366
967 485
660 296
815 72
462 469
133 64
295 221
460 101
848 467
773 122
396 322
330 137
45 1
35 73
520 472
99 471
845 358
239 107
65 43
522 461
827 38
347 103
359 234
354 107
338 260
892 428
766 176
452 119
141 368
118 85
678 151
863 339
935 310
85 25
159 216
453 171
956 218
465 156
980 486
101 36
554 109
527 348
658 483
977 35
706 245
155 376
98 489
766 470
431 269
26 122
232 494
618 20
124 203
223 20
282 196
82 89
73 190
866 87
678 364
91 282
149 248
861 455
202 463
991 279
53 180
18 445
38 344
885 86
986 390
534 80
454 377
898 136
814 106
467 164
385 408
246 407
33 21
72 127
835 252
179 299
552 417
747 13
472 283
700 113
252 326
449 296
973 9
351 60
766 14
43 289
86 24
134 211
645 133
581 37
962 375
826 448
602 384
581 135
73 117
942 60
356 69
780 401
16 471
29 96
898 306
869 195
387 438
49 250
132 134
311 488
799 264
737 348
760 140
341 404
252 191
206 376
20 84
414 49
184 53
836 96
694 300
459 390
617 365
324 223
888 321
903 339
431 83
524 82
485 425
87 181
741 254
638 108
729 236
448 279
429 156
262 392
136 21
226 118
290 281
75 263
346 286
82 264
879 88
20 150
426 98
707 240
973 460
988 150
219 450
793 421
429 427
551 132
86 470
580 59
769 215
808 70
850 195
555 288
627 411
388 322
916 112
295 219
668 283
787 354
824 379
680 21
826 242
244 218
791 232
72 276
465 371
435 19
686 175
291 40
855 257
34 272
477 258
868 414
188 45
354 453
458 288
367 371
721 24
786 191
523 178
828 445
335 402
52 208
673 131
439 159
418 334
325 464
316 397
524 497
462 466
137 475
411 351
815 118
273 376
616 269
329 185
284 196
426 73
420 330
100 107
613 64
897 96
113 309
376 489
276 101
684 143
997 373
72 162
825 146
840 251
662 273
412 323
973 167
963 222
658 318
356 109
20 367
865 24
685 367
582 401
929 366
852 271
216 210
42 233
436 445
475 348
940 195
893 48
379 47
527 487
299 482
29 106
148 190
685 260
752 468
209 183
164 38
736 296
919 378
750 403
874 269
51 271
916 119
56 224
346 108
630 287
982 412
10 449
722 75
269 283
143 115
949 311
989 121
327 57
129 443
387 279
127 333
156 151
997 185
958 241
68 295
750 18
877 320
109 480
818 315
492 261
182 1
401 163
164 456
270 458
414 98
523 310
206 129
31 330
348 379
997 365
743 131
809 390
313 109
947 276
141 201
139 431
873 341
655 215
343 429
343 474
30 17
293 102
289 410
965 142
315 441
757 42
643 464
290 67
221 173
278 475
325 199
511 278
302 376
721 361
558 454
478 429
638 10
377 99
485 402
256 222
194 227
510 498
983 190
737 154
45 6
402 280
933 288
322 35
360 189
837 289
919 386
239 196
724 46
781 217
318 17
959 312
181 269
137 435
983 74
725 233
758 130
1 495
226 187
179 145
911 271
491 498
868 293
874 46
65 175
878 363
447 446
481 463
357 477
666 180
671 355
897 28
594 404
23 400
98 14
889 83
946 60
181 102
92 500
483 482
247 424
822 355
360 151
484 314
510 471
874 22
468 280
686 153
940 404
54 276
781 288
103 372
580 252
215 192
193 181
661 427
654 195
849 69
417 364
910 97
177 383
85 376
676 195
782 230
536 386
37 396
401 489
247 33
189 113
711 229
331 242
