100 1 100 100000
481 1
206 1
404 1
641 1
596 1
480 1
658 1
707 1
707 1
444 1
557 1
760 1
971 1
744 1
302 1
398 1
582 1
463 1
536 1
771 1
938 1
287 1
995 1
894 1
560 1
815 1
926 1
756 1
414 1
205 1
698 1
768 1
886 1
156 1
206 1
303 1
534 1
936 1
183 1
230 1
633 1
195 1
388 1
514 1
762 1
793 1
229 1
495 1
166 1
57 1
409 1
954 1
959 1
410 1
754 1
722 1
549 1
186 1
236 1
478 1
692 1
151 1
921 1
795 1
507 1
957 1
615 1
176 1
389 1
196 1
530 1
481 1
83 1
528 1
913 1
801 1
857 1
464 1
760 1
107 1
78 1
640 1
721 1
113 1
80 1
509 1
803 1
215 1
206 1
870 1
156 1
823 1
434 1
357 1
270 1
970 1
892 1
278 1
392 1
403 1
