100 1 90 1
377 1
777 1
653 1
333 1
707 1
954 1
652 1
106 1
579 1
299 1
286 1
299 1
920 1
87 1
500 1
448 1
969 1
399 1
399 1
524 1
129 1
396 1
480 1
926 1
771 1
375 1
850 1
919 1
377 1
829 1
273 1
248 1
117 1
36 1
946 1
483 1
368 1
476 1
558 1
664 1
258 1
777 1
673 1
795 1
183 1
549 1
197 1
348 1
31 1
423 1
853 1
30 1
747 1
838 1
272 1
899 1
33 1
759 1
735 1
810 1
170 1
613 1
27 1
462 1
102 1
989 1
469 1
138 1
117 1
436 1
450 1
727 1
231 1
925 1
887 1
41 1
93 1
137 1
349 1
412 1
562 1
542 1
24 1
366 1
978 1
334 1
668 1
103 1
778 1
727 1
249 1
514 1
47 1
486 1
531 1
551 1
789 1
921 1
53 1
884 1
