100 1 20 10000
526 1
221 1
498 1
64 1
568 1
776 1
55 1
491 1
767 1
886 1
308 1
47 1
758 1
62 1
624 1
546 1
743 1
31 1
176 1
574 1
835 1
421 1
805 1
681 1
442 1
131 1
497 1
479 1
4 1
727 1
189 1
957 1
690 1
50 1
203 1
348 1
310 1
349 1
794 1
520 1
37 1
797 1
900 1
83 1
357 1
685 1
783 1
460 1
169 1
791 1
433 1
585 1
664 1
466 1
138 1
366 1
52 1
546 1
324 1
623 1
46 1
149 1
845 1
286 1
561 1
701 1
59 1
875 1
818 1
1 1
385 1
859 1
207 1
753 1
356 1
878 1
762 1
413 1
957 1
409 1
900 1
690 1
155 1
544 1
344 1
430 1
571 1
762 1
445 1
236 1
210 1
785 1
716 1
465 1
257 1
917 1
809 1
632 1
751 1
125 1
