2071
2 47 24
4 19 4 6 40
4 23 42 55 44
3 40 13 24
3 4 41 27
2 34 31
3 59 11 18
3 6 20 29
2 59 28
3 21 29 8
2 11 20
4 25 26 5 25
4 31 26 46 1
4 13 1 8 29
3 32 2 38
4 14 53 26 3
4 43 21 11 6
3 34 37 24
3 31 2 16
2 16 50
3 4 27 2
1 19
4 7 57 10 33
4 46 8 23 13
4 26 33 50 7
3 55 41 5
2 25 4
3 11 36 43
2 35 11
1 11
1 26
1 34
4 30 21 19 32
2 26 22
4 54 14 59 18
4 33 25 34 25
2 29 7
1 4
1 30
2 50 59
2 14 18
4 44 52 38 40
2 37 9
2 5 1
1 54
3 40 29 37
1 49
1 12
2 56 33
1 60
4 43 49 24 51
4 24 49 3 1
1 3
2 45 40
4 9 38 38 55
3 44 44 20
3 25 17 33
3 49 17 39
4 50 48 49 16
2 49 38
4 51 54 21 24
4 40 3 53 36
3 18 8 60
4 22 9 52 60
2 59 39
3 34 33 10
3 30 37 54
4 50 23 7 58
4 45 5 19 20
1 39
4 29 7 27 60
4 58 44 40 26
4 17 18 27 30
1 60
2 11 22
2 50 23
3 19 18 7
1 29
4 58 45 10 54
2 54 32
2 58 2
2 45 29
2 48 60
2 25 26
1 35
3 8 28 20
3 34 28 22
3 15 55 55
1 19
4 3 29 4 46
2 18 17
1 15
3 29 33 14
2 17 13
4 21 6 1 57
1 15
2 17 53
2 12 13
4 41 7 34 37
1 8
2 5 28
2 3 25
3 53 35 24
2 40 12
3 42 16 24
3 18 57 43
2 50 19
2 42 27
4 37 14 29 22
1 15
2 13 60
1 58
1 43
2 9 12
2 34 31
2 57 36
3 14 3 12
3 25 54 51
2 37 9
2 8 18
2 1 12
4 58 47 32 33
1 6
3 30 52 24
3 5 44 46
1 35
4 18 22 50 45
2 59 47
4 23 14 28 13
4 15 13 13 21
3 8 19 21
2 2 32
2 29 18
2 20 19
1 45
3 32 34 34
2 59 4
4 42 24 48 32
4 46 16 34 5
1 13
2 25 3
2 14 46
4 33 27 19 22
2 32 58
2 38 44
1 43
2 12 48
2 23 4
1 47
2 22 31
2 39 47
4 15 7 21 6
4 6 25 25 57
2 36 34
2 42 46
2 51 34
4 19 34 8 36
4 48 44 16 56
3 27 37 9
2 36 55
3 20 49 44
4 30 54 42 55
4 3 43 21 54
3 7 49 8
4 49 52 52 23
3 14 40 26
2 46 12
2 58 7
1 6
2 5 43
2 5 57
3 36 11 39
3 22 18 52
4 16 2 7 9
3 3 45 13
1 19
3 27 39 21
2 25 40
4 6 54 51 4
2 22 19
4 43 5 25 6
4 43 25 60 3
4 56 36 29 26
2 9 23
2 24 43
2 21 24
2 25 52
3 53 18 11
4 35 32 34 38
2 37 46
4 30 6 24 5
2 25 6
2 31 52
3 25 30 48
2 60 36
2 50 54
3 16 24 46
2 24 22
3 52 52 38
2 21 3
2 15 12
2 28 15
1 4
1 17
2 18 55
2 49 42
4 8 45 36 40
3 57 48 40
3 58 15 40
3 1 23 25
3 37 30 58
2 25 51
2 26 13
3 58 32 7
2 19 16
4 39 48 34 36
4 38 31 12 46
3 16 32 15
2 42 13
3 55 60 28
2 54 21
4 15 39 47 18
1 2
2 12 39
4 17 54 12 57
1 25
4 41 25 45 36
3 19 7 30
4 1 24 17 23
2 43 56
2 57 17
3 32 44 18
2 4 14
1 30
3 50 5 50
3 19 18 9
3 25 6 50
2 36 36
4 52 44 35 22
1 32
2 59 15
2 38 47
2 18 4
1 58
4 47 31 37 46
1 38
4 55 45 30 38
2 34 12
3 8 7 50
1 44
4 60 52 59 58
1 7
1 58
1 6
4 19 43 38 45
3 15 27 7
3 35 51 7
3 1 43 40
2 29 28
3 51 9 59
1 37
3 51 47 53
4 5 25 8 15
4 21 38 26 51
2 35 1
1 27
2 39 32
4 56 21 58 9
3 16 46 28
1 4
3 51 53 29
2 34 26
3 7 36 3
4 45 26 26 6
2 19 50
2 27 58
4 60 35 36 57
3 12 25 32
3 41 3 31
3 3 59 28
2 47 37
2 11 57
2 43 58
2 45 11
2 8 57
3 16 4 16
3 23 5 56
2 13 55
1 22
1 31
1 33
4 29 2 52 51
4 51 32 51 31
4 31 57 4 56
2 22 9
2 40 56
4 32 7 33 10
2 55 2
2 40 58
2 22 20
1 16
2 49 23
1 42
1 28
2 21 44
4 7 57 57 51
3 31 60 51
2 47 31
4 44 32 57 38
1 15
1 32
1 20
4 41 57 37 21
3 24 44 1
1 42
2 48 15
2 52 2
2 30 39
2 13 32
1 2
1 24
1 49
2 29 60
1 47
3 47 45 36
2 9 51
2 31 36
1 35
4 44 59 7 46
3 23 59 41
2 10 43
4 31 42 27 14
2 17 11
2 11 49
1 19
2 29 2
2 42 31
1 60
1 51
1 31
2 39 15
3 45 1 4
4 48 46 49 7
4 57 10 36 51
3 31 9 9
2 14 21
1 4
3 59 46 27
2 51 31
2 54 58
3 9 39 25
2 11 53
2 1 32
3 13 28 33
2 45 10
1 15
2 42 11
2 28 23
3 23 12 8
4 40 16 57 59
2 22 22
3 32 14 60
3 38 29 31
2 37 12
1 40
1 60
2 33 43
2 18 1
1 52
3 26 59 5
2 39 27
1 50
2 22 37
3 22 20 55
2 15 50
4 53 41 13 32
2 31 49
3 40 26 21
2 37 52
1 59
2 26 35
1 36
2 42 31
3 23 44 8
2 30 15
2 41 58
3 3 4 26
1 20
2 50 12
2 50 1
1 51
2 3 5
4 37 41 49 45
1 46
1 43
1 17
1 54
1 44
2 50 7
2 43 33
2 50 3
4 21 26 49 48
2 36 38
2 14 52
3 3 56 38
3 45 52 50
3 45 29 40
3 7 16 29
2 4 16
4 23 45 58 32
3 53 52 32
2 41 2
3 46 19 17
4 24 39 28 60
3 56 58 19
3 42 20 22
1 51
4 35 48 52 44
1 32
2 32 17
1 7
2 50 44
2 59 41
4 54 12 14 8
2 8 57
4 48 44 49 16
2 10 15
2 14 52
2 11 41
1 22
2 42 40
1 57
2 48 15
2 36 55
2 44 5
4 7 60 20 41
3 34 34 33
2 44 43
1 59
3 32 47 40
2 28 56
4 34 32 60 8
4 37 44 37 33
3 46 25 60
2 38 13
1 42
4 27 28 19 33
2 1 36
4 36 46 47 33
2 18 35
3 14 42 48
2 29 28
1 49
2 10 5
3 8 60 46
2 11 15
4 19 4 58 54
3 16 3 34
4 3 20 1 4
3 20 40 9
1 16
2 19 35
2 34 21
1 30
2 45 49
1 55
3 39 4 49
2 42 14
3 40 8 54
2 39 11
1 40
2 28 39
4 42 38 36 24
1 21
3 36 40 43
2 35 14
4 47 48 54 54
3 42 8 7
1 40
3 25 15 10
2 1 40
1 36
2 36 30
1 17
2 5 10
2 37 18
1 35
1 27
3 6 48 24
1 59
1 9
1 53
3 45 55 35
3 41 36 42
4 43 50 12 58
3 37 18 47
3 24 5 18
4 33 25 32 8
4 44 22 37 24
1 41
3 53 50 37
4 31 16 57 25
2 38 9
2 55 5
3 23 40 5
2 39 39
4 12 5 47 24
4 32 11 16 55
2 48 33
1 1
4 50 45 57 32
2 48 50
2 59 40
2 1 5
1 5
4 1 38 40 29
1 18
2 45 51
2 6 4
2 46 12
3 33 15 14
4 1 60 5 9
1 56
1 38
2 20 27
3 10 53 9
2 26 3
2 19 28
1 16
1 27
2 33 35
1 18
2 28 33
3 35 5 18
2 21 19
2 31 39
1 5
4 55 11 23 56
3 33 44 22
4 23 13 10 27
3 26 5 49
3 58 46 47
4 20 11 43 2
2 49 28
2 58 47
3 15 19 8
3 25 35 10
1 39
4 9 12 36 50
2 28 46
2 59 34
3 24 15 14
1 5
1 41
1 47
2 48 17
2 35 7
1 23
3 21 18 8
2 51 57
1 19
4 23 2 13 40
1 60
3 25 9 44
1 23
2 39 23
4 22 46 38 50
4 52 12 57 41
2 19 10
2 34 30
2 20 30
2 21 1
2 45 36
2 3 42
3 33 30 19
1 12
3 10 16 10
2 1 19
2 31 14
3 7 5 43
2 60 41
3 14 60 40
2 6 40
1 16
2 28 49
3 47 39 41
2 25 35
2 51 3
4 36 26 52 40
4 38 35 6 17
2 40 46
2 46 24
4 32 18 6 37
2 10 57
3 59 24 14
2 12 41
2 57 22
3 26 1 59
4 44 10 31 33
2 51 26
4 3 26 1 27
1 18
2 20 41
2 14 28
2 21 19
3 25 10 30
4 37 49 15 29
2 3 15
2 25 26
3 20 2 22
1 47
2 12 26
3 57 31 19
4 44 5 2 49
4 58 36 11 40
2 14 38
4 15 32 30 16
4 9 33 58 37
1 51
4 58 55 35 44
4 4 40 3 52
4 4 41 17 3
3 12 47 25
2 52 43
1 26
2 39 8
3 39 52 44
3 29 60 51
2 41 44
2 22 34
2 35 6
1 50
1 15
2 25 36
2 16 35
2 46 15
4 47 59 51 44
2 43 31
2 22 49
3 35 1 10
2 9 5
4 12 16 36 56
2 44 4
1 7
4 55 23 5 23
3 46 39 2
2 49 45
2 20 57
2 55 40
2 36 45
2 35 42
1 33
2 21 42
4 46 32 33 25
3 9 37 29
2 46 11
2 41 17
2 25 39
4 4 26 60 59
2 48 27
2 54 23
1 57
2 16 50
2 24 14
2 37 17
4 34 37 56 4
2 56 1
2 8 23
2 34 10
4 58 25 49 30
1 56
2 4 16
1 47
2 17 31
4 9 34 53 51
2 29 51
3 44 10 31
4 37 52 43 10
3 49 42 29
1 38
1 44
4 4 37 32 38
1 31
1 18
2 59 9
2 6 47
1 48
2 45 42
3 5 32 33
2 4 29
4 1 51 25 27
3 46 36 31
4 46 19 10 29
3 28 23 26
4 46 27 3 2
2 47 6
2 13 9
2 20 17
4 7 40 26 21
4 26 30 9 34
4 58 12 51 53
2 31 57
3 15 59 24
1 59
4 52 26 3 30
3 21 14 6
2 25 19
2 32 32
1 53
3 15 41 17
4 42 47 8 37
4 46 12 28 11
2 6 20
1 39
2 51 10
1 26
2 42 7
3 1 60 33
3 35 24 47
3 59 20 30
1 55
4 33 41 20 18
2 47 23
4 9 21 10 5
2 19 7
1 16
4 44 8 11 36
2 58 21
3 57 30 30
1 17
2 42 48
1 13
2 46 24
2 4 41
2 23 23
4 9 19 21 20
3 33 53 37
3 15 55 30
2 47 7
4 34 15 54 49
4 3 45 6 49
2 44 8
3 46 4 38
3 13 41 43
4 20 33 59 14
2 29 4
2 45 6
2 58 52
4 4 18 52 14
2 3 3
3 45 49 22
2 11 58
3 9 58 33
4 60 25 11 14
3 33 38 8
1 3
4 28 49 59 37
4 20 59 28 60
2 5 22
4 35 18 26 31
2 28 26
2 36 42
3 31 21 56
1 23
2 29 16
3 20 27 51
4 44 17 57 44
2 16 21
2 40 55
1 19
4 28 29 60 28
2 50 48
4 27 19 58 32
3 5 55 43
3 2 39 59
3 48 23 29
2 51 30
2 42 16
4 11 51 6 29
3 43 35 10
2 44 16
2 5 14
2 22 7
4 23 34 58 13
2 15 56
1 59
4 31 37 17 54
2 59 20
2 11 60
1 2
4 16 35 8 50
4 54 12 3 46
2 2 19
1 42
1 30
2 3 36
3 3 14 26
1 3
1 54
3 10 26 17
2 5 59
2 22 35
4 32 55 47 33
2 48 45
1 53
1 45
2 4 49
3 40 6 44
2 49 7
4 50 24 23 9
4 20 47 37 46
4 16 45 60 39
4 39 4 48 15
4 27 7 54 11
3 36 27 56
4 15 13 24 55
3 36 35 29
2 4 48
4 22 36 50 6
1 24
2 34 39
2 49 50
2 60 5
3 34 23 5
2 27 59
2 8 24
2 36 14
2 4 25
1 4
2 24 10
3 48 54 20
1 21
3 58 44 29
2 31 43
1 32
1 40
3 55 58 19
2 11 6
2 54 33
2 29 46
2 9 31
1 23
2 38 50
2 10 12
4 40 7 9 58
2 22 15
2 18 10
2 23 42
2 5 45
2 14 45
2 42 26
3 59 32 56
2 1 44
4 40 8 49 30
3 27 22 46
2 29 24
1 45
2 6 34
1 37
2 32 56
1 10
2 21 46
1 3
4 57 53 36 49
2 30 14
3 46 23 44
2 6 41
1 32
2 35 1
1 27
3 53 13 16
2 60 11
3 26 14 43
3 2 38 44
2 16 36
3 55 51 22
2 35 2
3 16 52 12
2 21 27
1 18
4 45 16 17 22
1 30
2 30 28
1 19
2 51 20
3 26 60 27
3 54 49 24
3 8 26 51
4 18 13 57 37
2 54 51
1 55
2 31 57
3 29 1 41
4 12 1 54 43
2 54 10
4 13 30 50 23
3 1 18 47
1 51
3 58 47 58
2 14 15
2 35 18
1 20
2 40 59
1 28
4 19 31 56 51
4 54 50 11 44
2 41 57
3 29 47 52
1 47
3 12 29 5
4 23 15 9 42
1 3
4 8 39 57 30
3 51 46 37
2 13 45
1 11
1 42
4 9 14 60 30
2 39 56
2 37 15
3 49 31 25
3 29 4 54
2 12 52
3 3 59 17
2 50 24
1 50
2 43 32
3 33 18 21
4 60 14 26 12
1 6
1 49
1 49
2 37 15
2 26 53
2 10 48
4 40 27 50 46
1 55
2 14 55
4 57 4 44 25
2 50 24
2 33 52
1 21
1 33
2 52 25
3 33 23 21
4 8 39 25 40
2 33 55
2 5 46
4 6 31 23 39
1 55
1 45
3 14 37 15
2 47 15
2 4 42
3 47 34 6
2 45 1
3 22 40 54
2 41 44
3 14 29 31
4 48 38 37 41
2 39 60
1 13
2 58 33
2 25 39
3 44 2 6
4 24 38 4 39
2 38 33
1 24
4 55 19 27 14
4 30 25 2 52
2 16 44
2 2 36
1 7
2 38 29
3 57 21 52
3 8 27 19
2 50 47
2 54 18
4 28 27 52 21
1 56
4 2 28 57 22
3 53 25 18
2 2 58
2 41 39
3 29 34 13
4 55 40 53 59
2 34 46
2 45 42
1 18
3 57 60 26
1 39
3 4 21 33
1 47
3 47 29 47
2 8 25
4 2 40 53 13
2 9 12
2 3 36
2 50 31
2 52 30
2 41 15
3 41 32 39
2 33 7
1 25
2 36 48
4 3 9 35 21
4 23 53 1 46
2 27 45
4 17 13 39 14
3 16 38 29
2 44 40
4 56 52 41 45
1 41
4 10 2 56 22
2 54 19
1 41
3 23 36 44
4 41 55 7 48
2 59 2
1 40
2 41 32
2 58 57
2 28 20
2 28 18
2 34 30
2 55 17
3 43 19 38
2 54 40
4 3 56 45 53
4 51 50 21 52
1 18
4 38 2 2 34
4 49 6 29 60
1 39
4 19 45 39 58
3 4 48 53
2 55 2
2 22 27
3 55 50 27
2 3 19
3 12 58 4
2 53 54
2 27 45
4 45 30 22 15
4 44 48 19 33
4 16 41 23 37
2 10 58
3 56 39 29
3 2 8 34
3 19 13 19
4 26 51 1 28
2 9 35
1 9
3 60 60 9
2 26 60
4 22 42 1 16
1 58
3 28 22 57
2 37 14
2 2 2
2 19 39
1 12
4 7 56 60 52
2 40 15
3 25 31 42
4 31 17 14 56
2 8 37
1 43
2 25 7
4 20 55 49 60
2 51 46
1 45
2 31 15
1 29
3 22 44 55
2 31 5
2 5 38
4 59 22 32 10
4 37 38 21 51
2 9 49
2 50 3
2 47 58
3 56 15 12
2 20 20
3 12 14 55
1 34
4 24 54 34 56
4 30 11 56 60
2 24 29
3 6 10 34
2 1 27
2 15 20
2 20 21
2 36 2
4 52 11 1 4
2 28 14
3 40 55 27
2 44 50
3 25 53 14
1 35
3 56 44 31
2 56 48
2 56 30
2 53 14
3 58 28 22
2 30 37
2 27 33
3 57 56 14
2 53 46
1 59
2 26 26
2 26 24
3 9 18 45
4 46 39 25 29
2 38 53
2 26 24
4 51 43 29 60
4 38 48 40 2
3 7 59 34
2 60 58
2 56 11
2 16 60
4 54 56 4 41
3 18 24 44
2 31 20
2 4 3
4 13 53 17 38
4 20 33 50 43
3 23 52 49
2 54 7
4 5 29 2 27
3 55 20 43
1 40
3 55 5 42
1 53
4 3 58 15 27
3 24 58 56
1 15
2 58 13
4 30 20 54 34
1 35
2 37 60
3 47 59 26
2 36 50
3 43 17 36
4 3 29 57 54
3 19 32 16
1 18
1 52
2 36 16
1 23
2 41 31
3 11 4 57
4 27 12 45 46
1 37
3 14 55 12
1 53
4 33 26 30 48
4 31 47 21 42
2 45 15
2 5 10
4 10 23 12 38
2 56 34
2 42 17
4 28 48 53 5
4 40 32 4 54
2 15 6
3 58 3 57
1 3
2 32 35
1 40
4 13 37 38 50
1 18
4 18 31 41 42
1 33
2 7 25
3 17 33 28
4 14 51 44 41
2 20 53
4 15 13 53 2
1 9
1 30
2 22 52
2 53 4
2 6 53
2 41 23
4 9 40 13 8
3 41 38 30
4 34 60 26 45
2 30 57
1 18
2 57 9
4 15 34 23 10
1 31
4 29 6 60 17
3 57 8 45
1 24
1 36
2 20 50
3 15 25 47
1 47
3 44 46 10
3 18 26 35
3 9 57 57
2 24 40
2 31 59
3 46 4 42
1 52
4 28 20 26 9
4 21 11 29 11
3 35 26 39
3 23 17 13
4 52 18 39 1
1 38
4 54 20 42 25
2 10 39
4 38 22 3 20
2 15 39
2 34 7
2 25 41
2 10 37
4 19 29 51 60
1 48
3 23 48 50
2 24 47
1 40
2 48 50
2 41 43
1 14
4 19 51 53 26
4 40 10 14 56
3 37 6 25
2 25 55
2 42 59
4 7 48 58 34
1 18
2 38 42
2 8 45
3 50 21 54
3 46 60 28
2 56 23
4 12 34 19 36
2 8 38
1 13
3 25 23 41
4 3 32 42 40
2 32 29
2 23 23
3 11 37 45
4 10 26 44 30
1 39
1 22
2 40 37
2 32 50
3 8 60 39
1 7
2 27 33
3 11 17 59
1 28
2 22 21
4 18 42 30 37
2 49 20
4 49 2 34 15
1 35
4 45 21 20 28
3 42 23 1
4 52 18 51 31
2 34 36
3 1 42 31
2 59 58
3 5 59 60
2 41 36
2 32 47
2 13 47
3 24 24 38
3 55 54 36
3 12 42 19
1 51
2 40 15
2 19 1
2 18 31
2 33 48
1 21
4 31 54 7 25
2 6 42
4 36 5 52 18
3 58 47 44
3 58 50 16
2 12 59
2 57 55
1 31
4 17 36 54 52
3 41 36 48
2 24 22
2 34 33
2 40 56
3 47 12 42
1 55
2 12 49
3 51 2 8
3 47 6 39
4 36 51 30 6
1 18
2 11 15
2 6 41
1 50
3 15 9 26
2 55 9
3 21 19 46
2 38 30
2 26 42
1 1
1 46
4 23 30 43 10
4 15 27 39 31
4 38 16 19 9
2 37 9
1 53
4 55 11 46 26
3 25 57 6
3 37 3 35
4 41 31 13 37
4 6 25 1 32
2 40 16
3 51 20 59
4 48 8 58 60
4 53 50 56 18
4 26 49 53 29
1 18
3 28 24 53
3 16 30 51
2 36 28
2 14 27
1 60
3 49 55 37
3 56 13 34
4 40 59 30 22
2 38 39
3 25 47 4
4 42 43 13 6
1 40
1 52
3 34 57 21
1 4
2 22 5
1 51
4 50 56 29 56
4 38 23 51 10
2 41 48
3 3 25 57
4 36 59 17 33
2 38 51
2 34 5
2 1 46
2 18 57
2 13 39
4 8 18 60 22
2 18 35
4 37 30 41 55
3 60 52 56
4 39 34 21 59
2 43 29
3 4 59 25
2 58 47
3 46 34 51
2 11 11
2 9 25
1 1
3 15 44 10
3 44 14 42
2 33 47
3 15 9 22
2 6 21
3 14 7 1
2 50 14
2 30 51
2 43 35
4 19 35 4 2
3 13 17 14
4 27 53 14 21
2 13 53
3 47 11 23
2 30 21
4 8 40 25 16
2 17 18
2 4 7
2 43 38
2 31 18
3 22 19 27
1 59
2 19 10
1 4
2 48 48
4 54 43 22 4
1 60
1 30
4 26 59 16 43
1 1
2 46 43
1 51
1 22
4 49 24 45 47
3 31 51 39
2 11 2
4 37 32 58 10
2 5 34
2 43 40
2 35 44
4 53 47 32 10
3 37 31 23
2 21 12
2 58 33
2 37 41
4 2 48 44 50
1 51
2 3 33
3 51 45 47
1 26
2 12 36
4 52 42 53 44
4 1 35 47 22
3 31 39 29
1 9
2 1 39
1 2
3 29 18 41
2 60 58
3 32 14 45
1 57
2 19 38
4 11 30 52 41
4 9 24 28 5
4 48 50 9 55
3 18 50 2
2 47 38
2 15 6
1 20
1 52
4 59 4 6 48
1 27
3 36 44 36
2 45 48
2 43 3
3 45 48 17
3 19 46 19
2 14 8
3 57 41 20
2 53 45
3 46 14 12
2 22 22
2 39 58
3 50 3 16
4 22 23 59 25
3 49 48 13
2 15 12
3 7 27 9
4 6 26 12 16
4 1 11 58 17
1 8
2 43 42
2 15 13
2 35 55
2 20 18
2 55 26
2 23 39
2 28 47
1 14
1 38
2 56 46
2 55 8
4 13 58 38 24
4 26 41 31 44
2 52 1
2 1 56
2 7 17
4 16 27 44 18
4 12 36 27 37
3 56 30 2
1 19
2 53 58
1 3
4 18 28 59 37
3 55 56 47
3 46 20 47
3 48 52 30
3 44 3 15
2 29 29
3 18 42 59
3 12 24 55
2 28 40
2 1 3
2 7 26
1 21
2 60 41
3 24 39 1
3 56 33 35
3 42 4 4
1 39
4 16 17 50 59
2 53 8
2 51 49
2 24 38
1 42
2 30 51
4 26 22 59 27
3 31 20 31
2 54 38
1 54
1 19
2 10 46
1 12
2 45 13
2 16 46
2 45 8
3 39 52 46
3 39 10 43
2 6 27
3 8 28 44
3 22 40 60
2 18 23
2 21 43
3 25 41 30
3 30 1 32
4 9 22 26 42
3 42 18 39
1 28
1 15
2 49 6
2 60 28
1 35
2 51 55
2 17 22
3 47 42 53
2 29 59
2 27 57
4 32 24 20 27
4 38 18 38 18
1 33
2 41 49
2 43 58
1 15
4 1 34 35 40
4 9 37 16 39
1 22
3 12 23 45
3 9 1 4
2 13 31
2 21 12
4 45 14 56 36
1 17
3 54 53 24
1 17
1 4
1 40
2 4 8
3 39 57 44
3 27 51 20
1 57
2 48 29
4 27 4 27 15
1 51
1 55
3 7 42 35
3 36 54 20
3 7 18 19
4 6 4 56 55
2 52 20
2 57 26
1 56
2 41 10
2 24 48
3 48 21 46
3 28 25 53
2 4 21
3 21 11 14
2 46 22
3 25 58 8
1 45
1 4
2 9 25
1 38
3 10 39 59
2 32 50
2 3 42
2 41 54
1 15
2 15 26
3 34 24 32
2 1 29
4 57 45 54 11
4 5 26 29 27
2 24 44
3 36 18 1
1 22
3 59 38 53
4 42 37 14 9
1 37
1 42
4 60 12 33 60
3 17 38 56
4 2 20 48 11
1 46
2 56 31
1 34
2 41 38
3 27 35 53
1 20
1 16
4 54 18 13 10
2 50 50
2 30 24
2 35 13
2 17 10
2 18 41
4 57 11 44 58
2 54 17
2 13 40
2 50 1
1 52
2 39 46
4 20 15 28 16
2 30 39
3 46 35 46
4 22 24 19 35
4 36 57 21 8
3 29 54 55
2 46 50
1 26
2 30 16
1 6
1 39
2 46 58
2 43 11
1 53
3 5 34 25
2 57 32
2 12 2
4 46 48 51 31
4 60 51 57 47
2 1 6
2 10 27
3 42 5 9
3 47 38 1
1 54
4 16 25 35 24
4 42 34 5 44
2 36 54
3 43 22 29
2 38 33
3 6 48 45
2 3 25
3 33 22 15
3 54 46 16
2 40 9
2 1 21
2 32 46
1 48
2 40 46
3 34 40 53
3 11 27 9
2 33 31
3 52 58 21
3 58 18 21
2 19 5
4 44 20 51 44
3 46 5 25
2 47 31
2 23 35
3 16 38 13
2 47 28
1 16
3 34 11 18
2 22 55
4 22 29 3 58
2 36 15
3 5 43 21
3 17 47 36
3 54 31 17
4 56 23 54 60
1 8
1 59
3 48 55 18
1 31
2 50 18
1 53
2 29 49
3 9 55 18
2 24 59
4 45 6 6 42
4 29 14 51 5
3 36 14 19
3 27 51 24
1 18
2 47 29
4 21 52 2 30
2 20 23
2 8 21
2 35 3
1 58
2 45 60
2 31 16
4 4 2 47 1
4 2 27 33 13
2 17 29
2 7 26
2 22 27
1 33
2 19 28
1 26
2 12 19
2 17 21
1 50
4 10 16 35 11
2 57 19
4 19 43 26 15
2 11 9
2 34 54
3 16 58 1
3 4 8 2
2 51 23
1 37
1 56
2 12 59
2 48 41
2 54 55
4 18 42 4 5
4 43 27 38 55
3 45 46 42
1 18
1 23
4 9 56 45 58
2 25 38
1 58
4 34 29 22 51
2 30 12
1 56
2 49 32
3 7 2 14
3 27 31 2
4 14 1 8 32
3 53 46 50
2 44 47
2 31 54
3 36 59 38
4 6 12 56 54
2 54 57
2 30 35
2 27 40
3 31 35 48
2 33 1
2 52 54
4 56 30 15 34
2 21 48
2 24 52
1 11
1 35
3 35 58 4
1 7
3 34 47 52
2 4 42
4 9 27 46 60
2 20 44
3 38 25 17
2 40 54
1 52
2 29 33
2 30 7
1 28
2 29 17
4 25 11 24 2
4 45 27 25 46
1 35
4 43 38 54 2
4 57 5 13 59
3 40 25 51
2 11 57
4 18 56 3 5
4 51 25 4 4
4 53 9 5 40
4 34 1 11 43
2 15 6
1 41
3 55 21 30
3 16 45 55
4 18 50 23 51
2 51 26
1 25
2 42 47
1 22
1 57
4 58 52 55 17
3 10 18 50
3 39 14 20
3 18 34 5
3 28 11 23
2 49 48
2 40 20
1 5
2 46 59
2 10 37
3 31 57 1
4 10 35 40 35
4 32 27 35 42
2 32 14
3 33 5 15
2 41 28
3 34 42 5
3 37 17 19
3 29 51 4
2 27 7
3 38 4 13
2 8 56
2 3 25
2 31 19
1 43
4 48 35 41 21
3 53 12 27
2 16 44
3 46 15 57
3 4 1 58
1 58
2 55 59
4 51 34 33 49
4 9 44 29 2
3 46 43 30
4 43 39 24 14
2 53 1
3 43 44 48
3 24 18 37
1 38
2 23 57
2 8 45
3 3 3 43
2 4 44
1 15
3 45 31 2
4 41 1 6 21
2 50 1
2 55 17
1 13
2 42 10
4 14 31 40 34
3 57 55 1
2 51 42
4 41 11 56 48
2 11 45
1 32
2 6 6
4 24 34 23 2
2 44 7
2 26 7
4 4 13 35 9
3 58 2 38
2 22 3
2 55 35
1 24
2 29 52
3 53 48 7
2 36 26
4 26 41 8 48
2 57 3
1 18
3 35 33 21
4 30 23 43 20
3 29 45 34
2 33 37
2 60 19
1 2
2 3 22
3 1 39 19
2 7 38
2 36 53
3 41 19 31
1 33
2 49 24
3 15 57 45
4 14 60 7 54
2 24 19
4 33 43 26 30
4 57 19 5 32
4 48 25 32 24
1 37
1 38
2 31 38
2 15 15
3 44 46 25
4 42 16 16 55
2 49 7
2 10 18
3 26 3 1
2 19 51
4 29 59 22 13
2 40 17
2 55 22
2 57 22
3 23 59 41
3 49 6 47
1 36
2 38 22
2 27 14
1 2
2 33 55
3 4 22 48
4 54 6 4 51
1 7
2 33 3
1 18
3 10 48 18
2 37 16
4 22 4 57 13
1 24
1 17
1 49
2 57 28
3 59 34 25
1 26
2 55 29
4 42 12 28 42
1 52
4 30 57 30 7
2 49 35
1 48
2 54 27
2 23 39
2 57 53
2 47 53
1 24
4 4 47 56 50
2 12 35
2 53 41
3 1 14 19
1 48
4 55 25 33 60
2 25 42
2 38 55
4 29 7 36 58
4 50 33 13 11
2 9 45
1 1
2 29 34
2 5 27
2 33 18
3 46 46 9
2 35 9
2 7 3
2 2 8
1 58
4 3 60 19 21
2 19 60
4 53 56 45 54
4 4 23 54 46
2 58 21
2 48 34
1 57
2 45 37
3 35 57 24
2 28 51
2 28 8
2 23 57
2 51 54
2 11 9
3 2 28 52
1 41
2 59 28
2 21 56
2 21 29
3 46 50 53
3 38 26 44
1 15
2 6 20
1 34
1 11
2 22 46
2 21 42
2 6 41
2 27 20
2 1 50
2 42 56
4 51 15 60 31
2 46 3
4 56 46 26 11
4 57 35 34 43
2 47 15
1 22
2 37 56
1 34
2 2 60
2 32 3
4 41 28 18 22
2 45 41
2 33 30
3 34 12 11
2 15 59
2 40 14
3 20 3 34
1 29
2 31 12
3 50 32 22
2 55 22
2 15 31
2 13 13
1 56
1 17
2 53 47
2 27 24
2 34 60
2 30 6
4 38 6 11 2
3 54 52 9
2 18 47
3 24 23 11
3 32 16 56
2 12 48
2 21 32
1 1
2 19 43
3 55 35 35
2 38 55
4 31 18 24 47
2 33 41
2 53 2
2 5 2
1 35
3 29 16 7
1 7
4 48 40 28 9
2 45 42
2 8 30
1 22
4 11 35 60 15
2 32 21
2 49 42
2 45 55
1 45
2 54 51
1 31
2 13 34
1 49
3 23 56 38
2 55 34
2 21 32
3 54 35 23
2 52 37
1 55
4 33 10 1 16
2 57 30
3 43 4 52
4 50 10 31 28
1 40
3 16 59 59
2 44 25
2 13 60
4 23 7 25 10
3 23 12 52
2 23 35
4 37 52 4 19
2 4 36
1 40
2 18 20
4 13 15 14 14
4 43 17 58 16
2 37 35
1 27
2 54 46
4 30 7 57 6
2 45 29
1 50
2 48 3
3 51 55 22
3 45 47 15
3 21 37 45
