1000 5 4 29850
205 1
51 2
479 3
746 4
662 5
696 3
3 5
379 1
193 5
50 5
53 2
452 4
431 2
98 4
649 3
674 5
13 5
947 1
481 3
806 5
430 4
918 2
438 2
831 3
745 4
200 1
603 1
117 3
611 2
453 3
474 2
128 3
423 5
61 5
344 3
253 5
338 4
252 4
900 4
915 5
697 3
739 2
654 1
618 4
474 2
253 4
775 5
847 1
155 2
708 2
609 2
820 2
869 3
477 1
284 5
935 5
169 4
202 3
580 2
614 1
614 4
669 5
247 5
602 2
728 1
726 1
497 2
645 1
873 2
592 5
72 4
506 2
547 2
476 1
992 1
677 5
306 3
868 3
488 2
353 2
652 1
212 4
795 4
822 2
849 5
119 4
189 1
969 5
380 4
126 1
275 3
893 4
690 5
24 4
687 5
772 1
477 4
159 5
315 2
148 5
513 2
405 5
647 3
579 4
701 3
907 5
90 4
996 3
835 2
227 4
23 3
483 1
300 3
279 4
138 4
223 3
231 4
815 1
535 4
87 4
174 3
225 3
667 3
621 3
485 1
355 3
151 3
595 5
673 3
64 1
171 1
513 2
695 5
809 1
988 2
409 2
408 4
569 4
810 3
171 5
646 4
509 1
840 5
178 1
745 3
577 5
566 1
453 1
407 5
465 2
315 2
867 4
251 3
484 3
612 2
585 1
47 1
715 4
284 1
646 2
375 5
518 3
140 1
510 5
184 3
529 3
548 2
8 1
525 3
422 3
833 3
936 3
848 2
293 3
446 2
635 5
58 1
608 4
569 2
286 1
763 5
732 2
563 1
514 3
670 4
978 1
91 1
652 1
441 4
831 5
554 3
934 1
423 1
331 1
10 1
410 3
930 4
86 2
296 4
423 4
173 1
821 4
780 5
56 3
725 4
674 1
49 5
488 1
761 3
157 2
693 3
177 5
254 2
512 3
826 4
189 3
424 4
820 2
507 2
6 5
855 4
742 1
45 2
474 5
34 3
558 3
248 2
693 2
923 5
656 3
527 3
706 5
107 4
476 2
155 4
582 2
133 1
383 2
335 3
70 4
570 1
623 5
381 4
472 4
684 5
998 3
256 5
977 3
770 4
13 5
594 3
850 2
50 5
291 1
264 4
88 5
580 2
153 1
600 1
396 5
547 2
375 4
562 5
75 2
851 3
324 3
129 4
174 1
451 4
266 5
494 4
206 4
366 5
600 4
470 2
266 4
897 4
958 4
763 1
212 3
469 2
589 2
45 3
358 3
852 3
556 3
295 5
33 4
537 1
674 1
840 5
506 5
426 1
414 4
545 4
973 2
862 5
367 5
757 3
23 5
647 4
881 2
157 5
859 4
180 3
868 5
409 2
290 2
743 1
41 1
556 4
533 1
342 3
655 4
994 1
283 1
380 5
770 3
69 2
750 5
345 2
521 1
272 2
852 1
425 5
132 3
920 3
463 1
911 2
588 2
964 2
636 1
754 5
324 4
233 3
235 2
615 1
249 3
480 4
707 3
674 5
986 2
685 2
672 3
393 1
356 3
830 4
849 3
992 4
351 1
193 4
110 1
488 5
409 5
660 5
334 5
211 5
96 3
907 4
305 5
925 2
37 2
734 5
647 4
458 1
114 1
491 2
34 3
636 4
866 3
43 4
654 2
214 1
458 1
374 2
903 5
108 2
487 4
566 2
865 4
796 3
111 1
253 5
193 3
530 1
424 4
974 4
471 4
754 2
931 1
250 1
633 4
437 3
202 4
378 1
500 2
761 4
934 3
856 1
902 2
560 5
856 5
292 5
311 3
769 1
356 5
160 4
778 5
477 2
1000 2
887 4
170 5
63 2
933 1
658 3
826 2
949 5
774 2
794 4
611 1
413 3
848 4
934 4
240 5
129 2
435 1
251 5
106 3
293 4
391 5
651 4
397 1
182 2
543 3
350 3
702 2
193 4
562 4
965 5
570 4
88 3
61 5
773 4
544 3
646 2
448 1
735 4
844 4
51 5
717 5
550 5
689 5
455 4
478 5
890 2
584 4
802 2
727 3
545 5
182 5
983 3
343 3
151 3
733 1
505 2
364 1
362 1
419 4
597 3
847 4
541 1
852 4
350 2
237 5
670 2
9 4
533 5
422 2
708 4
55 2
852 2
470 1
181 5
396 2
414 3
781 2
419 1
610 5
944 2
781 4
327 4
643 1
297 2
713 2
357 5
270 4
580 5
535 2
167 5
504 2
139 3
501 5
472 1
83 5
752 4
56 2
261 3
524 2
520 1
631 1
332 2
139 5
349 1
78 4
139 3
498 3
109 5
586 4
908 5
783 3
835 4
132 2
344 2
520 3
909 1
314 5
56 4
839 3
525 3
916 1
483 4
915 4
355 1
53 3
208 3
334 1
807 2
730 3
167 2
944 5
278 4
901 1
959 3
25 5
448 3
561 1
893 3
248 3
310 5
924 5
730 4
895 1
92 4
284 3
548 3
535 2
11 4
737 5
48 1
339 2
758 5
747 4
957 1
304 5
387 1
411 2
692 2
471 1
1000 3
637 5
455 2
506 2
401 4
760 5
949 2
899 1
965 2
161 5
753 4
587 4
137 3
438 3
946 1
328 4
108 2
909 2
39 1
497 3
855 4
686 3
858 1
914 4
959 1
913 4
982 5
609 3
876 1
89 2
351 4
951 5
731 3
845 4
643 4
323 1
578 2
653 1
651 2
751 5
394 5
59 1
896 3
337 5
581 3
747 2
252 3
809 1
759 4
81 4
484 2
392 4
383 2
88 5
832 5
476 5
971 4
114 5
555 5
707 1
51 1
213 4
391 4
976 5
54 1
200 1
676 5
942 3
754 2
569 2
686 2
365 4
643 4
378 5
17 1
135 4
267 1
703 1
423 2
995 4
283 4
648 2
936 5
859 5
43 5
647 5
768 2
809 2
54 3
430 5
235 5
812 3
111 2
906 4
399 2
796 5
899 4
321 5
282 5
473 2
102 1
998 2
870 2
308 4
532 1
138 5
53 3
998 1
435 3
585 3
521 3
222 4
61 2
425 4
58 5
859 2
973 3
594 2
168 4
588 4
967 5
476 3
351 5
361 2
199 4
769 5
654 2
766 1
876 2
839 4
116 2
259 4
229 5
683 3
376 2
543 4
945 4
572 5
80 5
749 2
334 2
504 2
71 1
631 1
135 4
376 4
972 4
505 5
837 4
963 5
799 4
403 4
564 2
855 5
506 1
480 4
644 3
868 2
342 1
553 2
681 2
246 2
826 2
255 3
938 1
322 5
891 4
702 5
82 3
172 4
741 2
271 5
896 2
277 4
965 1
443 5
406 2
160 4
15 3
12 1
704 4
961 3
600 2
355 1
345 1
60 3
942 2
797 2
634 5
678 2
421 1
403 3
574 4
320 5
36 2
263 1
280 1
242 2
684 1
473 2
244 5
898 1
922 4
990 2
881 1
385 5
10 1
729 1
911 3
516 1
130 4
779 2
313 1
433 3
912 4
437 1
307 5
549 5
837 1
721 5
724 2
840 2
937 5
405 5
430 4
867 2
595 3
131 4
257 5
831 3
820 3
907 1
309 5
881 4
50 5
996 5
82 3
392 2
435 1
483 5
519 5
506 1
575 2
5 4
793 5
846 2
518 4
885 1
819 2
882 1
79 4
905 5
405 5
994 3
241 2
659 5
800 5
530 2
731 5
477 1
986 2
324 4
217 2
152 2
327 3
753 2
676 4
286 1
815 2
909 1
778 2
23 4
429 1
557 5
691 2
348 2
675 3
618 2
973 1
144 3
856 4
142 1
716 2
840 4
224 3
818 4
374 3
524 4
649 1
528 3
657 5
151 4
555 3
198 1
349 4
201 3
840 3
870 4
235 2
294 1
601 3
754 1
853 1
519 1
671 5
259 2
706 2
815 1
438 2
863 3
792 4
683 4
903 2
249 1
850 4
437 1
520 1
174 5
197 3
944 5
51 2
158 2
655 3
726 4
513 4
210 4
231 1
621 4
651 2
381 5
858 4
302 5
399 3
804 4
28 4
891 5
517 2
406 4
366 2
990 2
724 1
905 4
769 4
858 5
62 2
812 2
289 5
205 3
500 3
950 5
588 2
102 1
62 5
670 3
115 4
683 3
789 3
560 3
144 4
843 1
243 2
349 3
27 5
528 5
639 3
774 4
876 5
915 1
32 2
973 1
982 4
517 2
423 2
718 3
316 2
408 1
35 2
554 2
223 5
810 5
626 5
843 1
338 3
107 2
456 1
840 1
182 4
793 3
805 1
401 5
12 3
313 2
505 3
482 2
254 1
385 1
269 2
221 1
984 5
914 3
776 2
91 4
476 1
837 2
141 3
598 3
784 5
261 3
864 2
684 5
514 3
283 2
868 1
872 4
19 1
641 4
189 4
448 2
104 4
615 5
202 3
198 1
822 1
500 2
240 4
49 4
218 1
647 3
796 1
702 4
189 2
576 4
