1000 5 900 7992
318 1
148 2
670 3
67 4
673 5
581 3
75 3
631 1
222 4
204 3
272 3
315 1
163 5
627 3
897 5
862 5
478 5
255 5
117 4
797 1
249 1
349 3
845 2
974 3
607 1
42 1
349 2
389 4
889 1
161 2
662 3
806 3
154 5
383 3
572 2
78 2
963 1
600 4
274 5
392 3
415 2
378 2
505 3
310 5
488 2
500 5
342 4
427 4
942 3
654 1
989 4
503 4
858 2
158 2
622 4
815 2
919 3
445 5
348 2
144 1
968 5
591 3
125 4
196 2
93 1
772 1
703 5
988 1
536 4
106 4
890 5
808 4
496 5
110 1
369 1
455 2
274 4
595 1
303 4
658 1
436 1
943 2
113 4
14 5
453 4
78 2
270 5
11 1
547 2
883 2
493 5
312 3
3 3
530 4
173 1
206 1
653 5
2 4
549 4
998 3
812 4
780 3
132 1
286 5
680 2
124 4
635 1
408 3
331 5
608 5
390 1
814 5
196 4
943 5
864 2
751 2
508 1
89 2
360 5
263 3
313 1
531 4
409 1
483 3
448 1
233 3
893 5
967 4
359 3
95 1
519 2
697 4
685 5
946 3
256 1
565 4
332 5
904 1
922 3
725 1
750 4
916 1
514 2
483 5
270 5
41 3
173 1
586 2
411 4
303 5
808 3
135 4
856 5
850 1
372 4
129 5
206 5
723 2
403 5
436 3
862 2
377 2
20 5
35 2
478 2
738 5
894 2
831 1
788 1
40 3
727 5
102 2
32 5
493 4
635 1
244 4
174 2
337 2
721 4
675 2
733 2
594 4
105 5
373 5
159 5
664 3
636 2
906 5
347 4
614 5
753 5
209 2
297 2
128 4
389 1
558 3
600 5
616 3
468 2
614 2
190 1
724 4
100 5
654 5
182 4
326 5
73 2
72 2
481 4
740 3
654 5
643 2
852 1
607 3
849 3
538 5
315 4
241 4
928 1
714 2
194 4
345 1
113 1
668 2
512 5
286 5
844 2
171 1
674 5
156 1
807 3
914 2
854 3
558 1
122 5
99 1
316 1
123 2
744 1
400 2
609 4
38 3
590 4
246 1
266 1
270 5
310 2
798 5
806 2
24 2
682 5
354 1
538 4
378 4
137 3
709 1
274 1
676 2
451 4
651 2
328 1
389 4
244 1
26 2
738 2
336 4
784 5
831 3
319 2
61 1
528 3
952 3
877 1
743 2
519 3
633 3
391 4
934 3
605 1
526 1
582 2
360 4
453 4
502 3
562 2
891 1
753 4
883 4
484 4
257 3
375 4
954 4
6 2
919 4
565 1
727 4
709 4
528 5
842 1
855 5
356 5
259 3
215 3
580 2
212 1
887 2
568 2
555 1
983 2
487 1
683 5
188 2
910 4
737 5
534 2
588 4
704 5
269 3
106 2
333 5
82 1
909 1
365 1
326 2
678 1
522 5
412 4
76 4
313 3
583 1
654 4
612 1
320 2
80 1
472 2
282 2
35 4
807 2
744 4
812 4
119 1
346 5
96 3
764 4
818 1
348 2
751 3
40 4
211 5
70 5
462 1
314 4
715 1
221 4
729 5
502 2
895 2
447 3
105 4
571 1
427 5
970 5
560 3
211 2
439 2
649 2
214 4
941 4
679 3
706 3
41 2
753 5
274 5
299 1
415 4
749 3
438 3
585 2
432 3
850 3
754 3
486 2
452 1
73 4
121 3
502 3
571 3
987 5
338 2
749 1
116 2
863 1
123 3
593 2
335 2
7 5
577 2
860 2
26 2
29 3
572 2
356 3
122 5
603 5
58 4
685 5
752 3
673 4
987 1
352 3
659 5
930 1
10 3
611 2
708 2
417 4
560 2
156 1
33 1
73 2
752 5
837 4
691 4
739 5
79 5
840 3
76 1
914 4
321 4
221 2
664 4
94 3
941 3
857 4
181 3
191 2
171 5
479 5
904 5
200 1
722 5
476 4
814 4
595 2
590 1
583 5
237 3
259 3
764 1
774 3
392 5
890 1
803 4
891 3
609 3
270 5
696 1
730 4
926 3
244 1
210 3
392 2
799 3
661 3
188 3
480 4
670 5
613 2
103 3
360 3
685 3
306 3
114 3
429 3
212 2
218 5
675 1
686 3
602 2
695 1
154 2
564 2
270 4
81 2
97 2
884 1
762 2
866 4
743 3
574 1
413 5
692 2
442 3
785 2
585 2
720 1
143 2
824 2
25 3
612 2
267 2
503 1
447 3
747 2
447 2
697 1
534 5
383 2
281 3
601 2
898 3
302 3
399 5
266 2
438 4
102 2
846 3
968 1
585 2
681 5
284 1
118 1
420 3
291 1
811 5
541 1
887 1
155 4
822 3
212 5
398 5
190 3
273 1
907 1
556 1
115 4
220 5
465 1
537 5
379 3
155 1
279 4
785 2
928 2
635 5
246 5
119 2
23 1
799 2
82 1
248 5
621 1
70 3
960 4
440 4
444 5
571 4
802 1
799 4
830 4
395 5
128 4
156 1
792 5
753 4
30 4
714 5
794 3
683 1
483 4
95 1
565 2
895 1
109 5
363 2
103 5
518 5
800 4
989 4
715 4
636 5
773 2
788 5
424 2
851 1
824 3
18 3
938 4
140 1
820 3
690 1
229 3
958 4
564 3
449 1
80 5
252 5
297 2
545 4
838 3
106 3
507 5
592 1
169 5
742 3
328 2
924 5
427 5
586 5
234 3
810 3
673 2
135 4
777 1
241 5
261 3
497 1
534 5
821 3
537 4
639 1
351 1
697 4
773 4
627 4
175 5
500 1
471 3
315 5
537 2
322 5
707 3
650 3
841 4
657 4
932 3
188 2
800 1
663 1
75 3
939 2
939 4
391 1
489 4
330 1
472 2
269 2
82 4
315 4
393 5
373 4
66 5
668 2
411 3
941 2
702 1
518 2
827 3
968 1
738 5
209 4
335 4
560 5
85 4
756 1
566 2
298 3
605 2
16 3
945 1
438 2
45 1
367 4
261 1
57 1
981 1
169 3
927 1
288 1
536 4
10 1
125 2
556 1
920 2
443 5
493 4
184 2
752 5
756 3
985 4
370 1
733 2
677 5
50 3
353 2
231 1
548 2
128 3
502 5
499 5
596 2
978 4
949 5
6 3
151 1
156 4
811 5
208 1
134 1
708 3
623 2
478 1
364 5
1 4
471 2
718 1
308 2
720 4
668 2
992 5
325 2
82 5
105 1
686 5
249 3
810 3
319 4
105 4
48 1
607 3
708 4
961 4
746 1
432 1
190 3
486 2
428 5
449 5
710 2
614 2
841 5
153 3
491 3
240 5
31 1
53 3
572 1
804 1
380 3
530 1
368 2
619 4
317 3
656 1
21 2
610 3
859 4
422 4
882 5
278 3
659 4
378 1
968 5
520 1
356 4
410 3
414 3
365 4
107 1
153 4
728 3
952 1
282 1
486 5
189 5
178 4
200 3
627 3
584 3
525 5
97 5
647 4
920 1
983 1
548 3
938 4
560 3
18 4
422 3
510 5
406 2
896 4
17 2
706 5
681 5
433 4
816 2
212 4
299 5
155 4
910 3
535 2
986 5
101 2
222 4
726 5
864 1
441 1
564 3
928 1
536 5
286 4
651 2
227 3
450 1
123 4
505 4
129 3
286 3
644 5
9 5
240 1
287 1
361 3
191 4
254 4
225 4
132 1
792 5
39 2
194 4
910 4
96 3
736 4
928 1
190 2
520 3
272 4
768 1
505 2
148 2
955 2
765 5
87 4
847 2
585 5
519 1
155 2
306 3
652 2
33 3
799 3
274 5
763 3
856 1
454 4
79 3
244 3
451 3
175 4
661 1
155 5
777 2
742 1
991 3
259 1
207 4
663 3
829 5
978 5
79 2
274 5
737 4
313 3
125 4
587 3
729 4
504 3
827 1
573 3
585 3
755 2
105 5
573 4
381 4
903 4
823 5
721 2
723 3
493 1
816 2
512 3
445 1
843 4
421 2
269 2
729 4
556 2
512 2
816 4
982 3
399 3
881 2
287 3
438 2
64 1
18 1
778 1
911 4
567 5
774 2
552 4
49 4
597 2
180 5
716 2
339 2
147 2
945 3
7 5
371 3
37 2
538 1
126 1
599 5
213 4
662 3
34 2
877 2
438 4
863 2
499 4
479 5
772 3
999 4
556 3
657 2
923 5
477 4
48 4
161 3
650 5
538 2
607 3
527 4
737 4
602 3
726 3
15 1
641 1
857 3
927 1
310 5
110 1
133 5
724 4
547 1
5 1
237 2
206 4
48 2
882 4
933 3
519 4
128 4
190 4
412 4
978 2
616 2
386 5
136 1
130 5
396 3
326 1
323 5
791 5
510 5
508 2
263 2
430 5
733 3
327 1
181 3
93 2
772 3
636 2
427 1
95 1
706 4
240 4
357 2
50 2
516 5
815 5
382 4
570 4
31 5
919 4
80 5
998 3
