1000 5 900 12987
431 1
481 2
211 3
457 4
90 5
579 5
46 5
774 1
54 3
550 1
742 3
349 3
612 4
195 3
635 2
81 3
995 1
943 5
155 2
746 5
432 2
933 2
964 5
369 2
855 1
667 3
599 1
414 3
112 3
770 2
192 5
414 1
376 4
465 3
877 2
334 1
937 4
539 3
917 3
542 2
783 5
28 1
868 1
376 4
974 1
618 1
920 4
221 2
258 1
528 5
868 1
764 1
324 3
965 3
766 4
274 2
796 1
472 2
341 1
679 3
188 2
453 1
342 5
428 1
30 5
231 1
828 5
805 3
293 3
92 4
657 3
954 2
813 5
278 3
71 3
833 4
399 1
392 4
368 4
443 2
493 1
490 5
197 3
658 2
635 4
422 1
849 4
382 5
520 5
397 2
480 5
969 3
563 4
813 4
413 4
877 3
812 5
183 2
228 4
360 4
289 2
194 5
512 4
324 1
947 2
771 4
590 4
384 4
822 1
935 2
272 4
28 3
369 2
356 1
162 4
337 4
501 3
515 4
716 3
389 5
652 4
859 4
741 5
231 1
211 2
682 2
111 2
797 1
999 1
24 2
25 1
196 2
643 2
602 3
875 2
977 2
794 1
4 4
549 3
649 1
140 4
468 1
520 5
99 5
348 3
284 3
806 1
93 3
268 4
313 1
569 5
170 5
808 5
551 4
187 1
707 4
676 5
935 5
302 1
6 2
814 5
197 3
793 3
899 1
912 5
722 1
252 1
456 1
877 1
724 3
964 4
626 2
179 5
563 2
62 2
141 3
272 3
428 5
802 1
533 2
98 3
480 5
453 3
987 2
878 4
686 2
861 4
699 5
511 5
826 2
176 4
143 5
328 5
317 1
200 3
916 3
316 2
446 2
719 4
640 5
851 4
679 5
499 1
946 4
829 1
970 3
616 5
683 1
224 1
528 2
19 1
563 4
641 3
575 5
636 1
717 3
461 5
820 3
95 4
747 3
718 1
859 4
54 2
788 4
500 1
676 5
246 2
5 4
209 1
197 3
783 5
234 5
109 4
591 5
946 3
72 4
299 1
138 1
814 2
744 5
289 4
172 2
563 5
167 4
808 4
649 1
652 2
932 5
64 3
724 4
625 3
491 2
361 1
848 3
853 2
897 5
834 2
178 5
614 2
243 3
642 3
512 2
53 3
400 3
12 5
137 2
554 3
917 2
105 1
610 5
240 1
477 1
582 4
881 5
74 1
547 5
947 5
784 5
511 5
440 1
945 2
972 3
867 5
72 3
364 1
345 2
733 5
312 1
960 1
770 1
494 2
831 3
620 3
636 4
492 2
416 3
8 5
343 4
574 3
701 4
613 3
806 4
991 5
266 1
12 5
946 4
754 3
345 3
951 5
468 4
896 3
205 4
144 2
3 4
841 3
471 5
41 2
990 4
850 4
166 5
816 5
201 5
813 5
724 1
852 5
668 1
55 1
541 5
212 5
252 3
813 2
967 4
853 5
789 4
31 2
590 5
643 3
449 4
571 3
302 1
258 5
527 2
54 2
672 2
172 5
287 1
566 5
123 2
135 5
140 5
785 5
763 4
914 1
391 4
445 3
805 2
825 1
605 1
228 3
211 3
787 1
776 3
200 1
261 4
756 5
19 2
714 1
50 3
90 5
764 5
991 4
552 1
186 5
138 5
642 3
167 1
117 2
302 3
576 1
185 4
733 2
775 3
237 3
195 1
720 1
974 4
849 3
287 3
801 2
112 4
495 1
311 1
443 3
975 4
843 5
818 3
597 3
292 5
869 3
765 1
528 5
230 3
48 1
20 3
323 2
667 2
233 2
729 2
177 5
875 2
976 2
464 3
943 1
792 2
480 1
262 2
39 2
112 3
651 4
838 3
228 4
76 2
202 4
355 3
997 5
987 5
539 3
461 1
902 4
143 3
929 2
367 5
774 1
726 4
392 1
73 1
974 5
182 4
228 1
969 1
687 2
102 4
272 4
27 3
531 1
468 3
855 5
754 3
948 3
944 5
235 5
276 3
661 2
271 4
831 2
269 4
650 2
528 2
83 1
17 5
8 5
964 1
777 1
221 3
133 4
453 4
107 4
125 5
889 1
577 3
764 1
582 5
906 4
180 1
166 5
873 5
395 2
355 2
875 5
53 1
180 5
362 2
160 1
544 3
792 4
556 1
670 3
648 3
647 4
741 5
641 2
129 2
225 1
239 4
174 1
100 3
192 4
612 3
129 2
767 3
418 5
506 3
201 5
875 2
207 1
853 4
766 1
277 3
222 5
200 4
711 2
39 1
907 5
347 5
489 1
712 4
294 2
26 1
811 2
854 5
144 5
912 3
767 1
831 3
825 2
335 2
164 5
169 2
585 5
527 2
747 5
844 5
709 1
989 1
780 1
581 4
161 5
659 3
456 4
796 3
852 3
942 5
865 4
830 3
31 1
316 2
654 2
586 1
763 5
120 4
966 2
402 5
481 5
994 2
280 1
145 4
121 2
180 4
318 2
719 5
898 1
164 4
92 3
238 2
197 4
217 2
57 2
719 3
289 1
148 5
667 4
39 3
980 4
201 3
983 3
973 3
843 1
726 3
610 4
450 3
670 2
119 1
187 4
28 4
789 4
754 1
47 1
836 3
908 3
902 4
622 5
351 2
65 3
173 4
546 4
518 4
321 1
475 2
168 1
75 3
321 4
753 2
481 2
650 3
72 1
344 4
303 1
422 5
352 3
443 1
943 2
285 5
491 3
99 1
874 5
533 1
726 5
353 3
25 2
449 1
598 5
187 3
406 2
804 1
372 2
812 3
440 3
790 4
72 2
85 3
82 2
655 2
480 5
570 4
965 1
771 5
316 2
726 3
274 1
700 2
533 2
849 1
989 5
347 2
455 1
912 5
301 4
450 3
20 1
198 4
519 2
10 3
837 5
327 5
67 4
654 1
492 3
142 3
359 2
695 5
895 5
288 1
737 5
241 5
303 1
464 1
868 4
816 1
564 2
330 1
674 3
46 4
86 2
1000 3
22 2
481 1
805 4
509 4
177 2
785 4
342 1
935 2
444 1
913 3
992 4
701 5
542 5
663 5
694 3
16 2
193 2
600 3
805 1
608 5
434 3
724 3
311 4
788 4
410 3
844 3
150 4
142 5
268 3
494 1
683 3
906 1
614 2
312 3
103 5
790 3
553 1
126 1
595 3
301 1
155 4
196 5
266 5
714 1
100 3
574 3
666 4
812 2
504 5
174 2
724 3
969 1
704 4
986 2
233 2
928 1
54 5
603 2
350 4
560 4
900 2
775 3
380 4
824 5
20 2
402 5
161 1
659 4
385 1
396 2
132 2
760 2
502 3
295 1
780 5
328 3
172 4
667 5
356 5
531 2
631 3
56 1
471 1
683 2
769 3
266 1
41 5
929 5
781 1
24 1
218 3
769 3
716 3
235 4
887 1
825 4
314 1
711 1
40 5
506 4
390 2
140 1
384 4
562 2
283 1
673 3
271 1
395 3
150 4
348 2
678 1
462 5
587 4
299 4
448 4
578 1
325 2
403 3
350 1
844 2
605 3
524 3
13 4
296 5
626 3
598 1
382 3
433 4
788 4
139 1
402 5
224 1
525 5
868 5
819 1
563 1
972 3
629 5
181 3
717 3
512 1
858 2
27 4
310 5
29 5
916 1
949 3
712 1
403 4
587 4
416 5
661 3
71 2
326 1
112 1
695 5
222 3
897 3
196 2
598 2
264 2
273 4
80 1
910 4
621 1
1000 3
18 1
538 5
676 2
420 5
56 5
880 2
710 4
369 4
976 5
721 2
42 4
493 4
885 2
422 3
29 2
587 5
72 5
168 4
245 4
520 3
115 1
44 3
414 4
826 1
683 2
54 5
732 3
849 4
561 4
395 5
49 1
764 1
588 5
441 1
805 1
926 1
920 2
128 4
757 5
585 1
673 2
856 4
611 1
214 3
629 4
442 1
78 3
952 3
295 2
694 1
594 1
537 1
883 3
468 5
329 2
851 2
326 2
322 5
408 1
348 5
994 1
802 3
30 2
991 5
100 1
388 1
107 2
615 5
174 1
63 2
931 3
180 3
364 1
931 2
514 1
511 5
702 2
954 2
34 2
826 1
669 2
849 2
959 4
100 1
959 2
73 5
344 4
188 2
356 4
683 2
399 5
369 3
593 4
695 3
268 1
841 5
191 5
264 3
267 1
291 4
915 1
850 4
74 5
363 1
188 5
330 3
47 5
966 4
302 5
16 2
351 4
386 2
889 1
560 5
199 4
746 5
751 4
99 5
633 1
1000 4
166 1
799 1
997 3
535 2
483 3
254 2
46 3
548 2
953 3
67 1
931 4
577 1
404 1
767 5
319 3
663 2
425 4
517 3
471 2
197 1
127 1
131 1
742 5
881 2
952 3
825 5
94 4
153 5
130 1
758 5
748 4
128 4
377 4
384 4
837 5
873 4
59 5
269 5
415 1
650 2
