1000 5 1000 1
980 1
420 2
407 3
714 4
523 5
220 1
355 1
843 2
787 2
109 3
289 2
726 4
943 2
726 4
741 1
308 4
272 2
849 2
721 5
949 5
987 5
372 5
471 5
408 1
172 4
334 1
188 1
573 1
814 4
807 4
629 3
631 2
44 5
562 3
163 5
925 4
329 3
608 3
244 4
521 2
562 1
372 4
972 1
228 3
66 4
240 2
734 1
468 5
546 5
40 2
892 1
936 4
562 1
705 4
664 2
731 4
407 2
690 5
238 3
487 3
470 5
359 2
362 4
315 5
525 2
524 1
610 2
253 2
544 2
368 3
700 3
404 2
85 3
515 4
209 1
331 3
558 4
755 5
846 3
301 5
484 2
313 5
898 5
709 4
956 1
476 5
964 4
120 5
550 5
514 4
524 4
777 1
927 1
481 1
909 2
940 5
882 2
356 2
550 1
5 1
605 3
857 5
865 3
86 3
332 5
581 2
177 4
525 4
553 3
220 1
220 3
303 3
818 3
219 5
772 1
379 1
189 2
347 4
934 1
324 4
596 3
878 1
370 3
160 3
664 1
345 5
459 3
583 4
181 2
220 4
841 3
501 1
167 5
767 4
138 5
361 2
891 2
668 4
915 2
692 5
540 2
227 2
583 2
294 5
6 4
289 4
80 1
945 2
241 4
807 4
881 5
520 2
675 3
767 3
894 2
532 2
702 2
784 3
193 2
568 1
363 4
202 3
772 4
832 1
166 1
726 5
53 4
874 4
601 4
32 2
694 4
566 5
369 2
766 5
440 4
745 4
615 1
427 1
613 4
75 1
473 1
83 1
326 1
147 5
388 5
629 2
95 2
638 2
111 2
581 1
966 2
319 1
524 4
902 2
700 2
18 5
553 2
915 3
670 1
105 3
751 2
784 3
479 2
603 3
130 3
119 1
129 4
215 3
778 5
266 2
577 4
875 1
812 1
233 2
77 3
433 4
852 1
356 1
955 1
142 2
177 5
966 3
542 1
447 3
625 4
412 3
40 4
968 2
476 4
193 4
564 5
393 5
543 5
10 3
782 4
560 2
785 4
991 5
226 4
262 1
882 2
598 2
710 3
159 5
92 5
318 4
920 5
755 5
63 4
265 3
910 2
240 1
631 4
431 1
455 4
564 4
988 1
357 5
973 2
234 5
409 5
424 2
296 1
71 3
220 2
320 4
283 5
735 1
880 4
780 1
598 3
31 3
121 4
99 5
46 1
400 1
783 5
272 5
216 1
679 3
236 3
729 5
497 4
87 5
63 3
120 4
722 3
472 3
913 1
322 2
288 5
537 4
442 4
951 4
11 4
213 1
305 3
792 2
479 4
977 2
715 4
17 5
405 3
178 4
710 3
12 1
137 3
890 4
717 2
239 5
138 3
4 1
252 2
839 5
359 3
436 5
729 3
503 1
605 3
453 2
112 1
901 2
800 5
675 1
870 1
801 1
214 2
452 2
188 2
734 2
222 3
25 1
627 4
204 3
3 5
267 4
756 5
19 5
544 4
983 1
937 1
120 2
175 1
410 4
88 3
174 5
368 3
186 5
585 2
613 5
176 2
249 1
762 4
504 1
408 4
551 5
728 3
686 2
737 2
663 2
158 4
175 4
11 1
7 4
303 4
964 2
461 1
62 5
38 1
492 2
473 5
608 3
39 1
572 4
98 3
392 5
508 4
468 1
170 4
229 2
776 1
268 3
808 1
469 4
875 4
289 2
671 5
423 3
636 1
894 4
490 1
590 5
811 2
591 3
7 3
732 5
746 3
788 4
322 4
658 4
729 4
623 1
526 5
837 2
901 1
164 2
500 4
137 3
945 3
259 4
492 5
325 1
229 3
259 4
941 5
836 4
192 1
84 2
865 3
400 2
304 1
625 5
267 3
587 4
886 4
554 5
699 4
318 3
460 1
622 3
446 1
784 3
401 2
613 2
805 1
487 5
545 1
595 1
417 2
223 4
166 3
32 4
568 1
344 2
367 5
118 2
887 5
661 3
832 4
421 3
593 2
923 5
662 1
635 3
624 2
484 3
856 4
153 2
209 3
565 2
247 4
701 2
885 1
976 4
125 1
351 4
868 2
544 5
883 2
618 3
491 5
451 2
482 1
636 4
731 2
182 2
739 1
460 5
244 4
259 5
855 5
758 2
562 3
451 4
588 5
969 3
799 4
814 3
961 2
895 5
699 2
724 5
370 3
531 2
509 3
420 2
667 1
624 4
293 3
859 2
191 2
499 3
98 2
13 5
831 5
450 4
715 1
373 1
850 4
751 4
746 1
303 3
577 3
676 1
338 3
504 1
530 5
82 5
891 1
440 3
714 5
406 4
45 4
470 5
539 4
863 4
961 4
208 5
349 5
26 2
391 2
561 5
980 3
507 5
147 4
356 5
22 2
801 3
543 4
934 3
2 2
3 4
591 1
231 2
747 3
979 5
788 1
343 2
295 3
385 4
175 2
537 1
385 1
419 4
42 4
836 2
237 3
512 2
467 5
972 2
867 5
19 1
651 5
152 2
249 4
585 3
554 2
617 5
375 2
585 4
77 3
805 2
43 4
110 5
194 5
630 4
169 3
358 4
23 1
102 2
672 3
577 2
847 1
474 1
589 4
717 3
500 2
418 4
323 2
116 3
197 3
963 1
193 1
167 5
415 2
783 5
441 1
379 5
396 4
505 4
928 5
922 2
801 3
353 1
651 1
661 1
360 4
680 5
200 4
759 1
936 5
900 4
204 3
172 5
443 1
982 2
574 3
836 2
253 4
322 1
921 2
882 5
726 5
149 1
187 5
545 1
47 4
993 4
465 3
900 3
859 3
351 1
801 4
261 2
365 4
181 2
896 1
121 1
934 2
567 2
665 1
609 1
149 2
1 4
568 2
138 5
267 2
353 5
255 5
459 1
671 1
10 5
126 3
548 1
708 1
964 4
94 2
600 4
705 4
944 5
361 4
687 1
884 4
467 1
132 3
409 5
462 1
153 2
442 3
967 1
851 4
630 1
193 3
50 3
77 3
475 1
759 4
634 2
241 2
923 1
507 4
242 1
839 1
702 1
110 3
807 5
537 4
597 2
469 1
295 2
338 4
781 5
396 2
708 4
240 1
870 1
427 3
705 1
977 1
448 5
531 5
348 4
667 4
826 1
148 4
70 3
275 1
579 2
947 3
844 2
369 4
63 3
905 2
25 2
11 2
549 4
390 3
614 4
4 3
771 1
483 3
950 3
972 4
648 1
546 5
111 3
526 3
545 1
598 2
643 4
621 5
292 1
245 3
525 2
683 5
244 5
611 2
62 1
691 4
18 5
368 5
173 1
154 4
554 4
894 2
609 3
15 4
561 1
195 1
796 4
424 4
511 1
595 5
280 1
4 1
794 1
201 1
30 4
799 2
803 3
400 3
887 5
125 4
123 2
64 5
96 2
866 3
628 1
122 5
45 4
530 4
988 2
545 1
331 4
634 1
243 4
558 1
30 3
819 4
293 2
647 3
478 3
566 5
703 3
569 2
257 1
76 5
911 4
871 1
648 3
917 2
121 4
590 4
484 3
251 1
331 2
57 2
725 3
431 1
53 1
644 3
811 3
250 3
83 3
116 4
971 4
532 1
104 5
552 4
842 2
370 4
19 5
68 4
941 3
653 5
609 4
691 1
395 2
831 1
765 2
360 5
606 5
325 3
511 2
263 5
105 5
98 3
337 1
242 4
528 5
130 5
394 4
635 4
235 2
548 3
946 1
374 4
944 5
370 1
852 2
979 2
643 2
526 3
620 2
209 1
669 2
565 1
413 1
193 2
926 3
180 4
506 5
494 1
147 5
378 3
789 2
940 1
42 5
548 5
247 2
223 4
431 1
186 4
517 2
57 5
625 5
984 5
723 1
644 2
875 1
625 3
610 4
382 5
719 5
210 3
670 1
766 1
395 2
787 4
677 1
473 4
566 2
32 2
831 3
739 5
639 5
768 3
838 2
520 4
723 4
568 2
666 5
418 3
204 1
829 2
456 3
893 3
226 4
574 4
905 1
265 2
659 1
24 4
810 5
278 3
147 2
67 2
581 1
908 3
659 5
353 4
296 3
167 5
865 4
907 1
258 3
486 5
857 2
472 5
449 2
430 1
472 2
175 3
510 5
456 5
846 2
530 4
878 4
280 2
794 3
751 1
87 3
425 1
702 3
43 1
120 1
748 2
395 3
220 4
933 2
104 4
842 5
143 5
408 2
931 1
92 2
530 3
785 4
293 5
171 4
402 3
789 4
909 1
984 3
574 3
291 4
961 3
413 4
590 1
162 3
491 5
738 4
231 3
235 3
262 4
532 1
904 2
512 1
693 2
198 5
418 4
849 4
29 3
379 2
197 2
862 1
300 3
317 3
500 2
970 5
468 2
630 5
732 3
752 4
803 3
454 4
19 5
999 3
10 2
340 3
542 2
775 4
354 4
80 3
91 1
984 1
704 4
912 2
348 5
251 4
