17 15 100
0 0 2 0
8 0 9 0
13 0 14 0
0 1 1 1
4 1 5 1
6 1 8 1
12 1 14 1
5 2 6 2
9 2 12 2
15 2 16 2
5 3 6 3
8 3 10 3
11 3 12 3
13 3 15 3
1 4 2 4
3 4 4 4
11 4 12 4
13 4 15 4
2 5 3 5
6 5 7 5
16 5 17 5
0 6 1 6
2 6 3 6
7 6 8 6
9 6 11 6
13 6 15 6
0 7 1 7
2 7 4 7
6 7 7 7
10 7 11 7
14 7 15 7
5 8 6 8
8 8 9 8
13 8 14 8
1 9 2 9
7 9 10 9
11 9 13 9
0 10 2 10
7 10 11 10
13 10 15 10
16 10 17 10
1 11 2 11
6 11 7 11
9 11 10 11
12 11 13 11
16 11 17 11
0 12 1 12
4 12 5 12
6 12 7 12
9 12 10 12
13 12 14 12
15 12 17 12
3 13 4 13
5 13 7 13
14 13 15 13
16 13 17 13
0 14 3 14
4 14 5 14
7 14 8 14
9 14 10 14
12 14 13 14
15 14 16 14
1 15 2 15
4 15 5 15
7 15 8 15
11 15 12 15
13 15 14 15
16 15 17 15
0 4 0 5
0 8 0 10
1 11 1 12
2 12 2 13
3 2 3 3
4 0 4 1
4 5 4 6
4 10 4 11
5 0 5 1
5 2 5 3
5 12 5 13
5 14 5 15
6 1 6 2
6 11 6 12
7 5 7 6
7 9 7 10
7 11 7 13
8 6 8 7
9 1 9 2
9 10 9 11
10 7 10 8
10 11 10 12
12 1 12 2
12 6 12 7
13 0 13 1
13 4 13 5
13 12 13 13
15 13 15 14
16 1 16 2
16 11 16 12
17 2 17 3
17 9 17 11
