19 20 141
0 0 1 0
8 0 9 0
10 0 12 0
14 0 16 0
0 1 2 1
4 1 6 1
7 1 9 1
11 1 12 1
13 1 15 1
16 1 19 1
0 2 1 2
5 2 6 2
8 2 10 2
11 2 12 2
13 2 14 2
15 2 16 2
17 2 18 2
0 3 2 3
4 3 5 3
7 3 13 3
16 3 17 3
2 4 3 4
4 4 6 4
8 4 11 4
12 4 13 4
14 4 19 4
2 5 3 5
4 5 6 5
7 5 8 5
9 5 16 5
17 5 18 5
0 6 1 6
4 6 6 6
7 6 8 6
9 6 10 6
12 6 14 6
15 6 18 6
1 7 2 7
3 7 4 7
5 7 6 7
7 7 11 7
12 7 13 7
15 7 17 7
18 7 19 7
1 8 5 8
7 8 11 8
14 8 18 8
0 9 4 9
6 9 7 9
8 9 9 9
11 9 14 9
15 9 17 9
1 10 3 10
4 10 6 10
7 10 9 10
10 10 13 10
16 10 17 10
1 11 6 11
7 11 9 11
10 11 11 11
12 11 13 11
17 11 18 11
1 12 2 12
4 12 7 12
8 12 11 12
12 12 13 12
14 12 15 12
16 12 18 12
0 13 3 13
4 13 7 13
8 13 11 13
17 13 18 13
0 14 2 14
3 14 4 14
6 14 7 14
8 14 10 14
11 14 12 14
13 14 14 14
15 14 16 14
18 14 19 14
0 15 1 15
2 15 3 15
8 15 9 15
0 16 1 16
2 16 6 16
7 16 9 16
11 16 12 16
13 16 16 16
0 17 2 17
3 17 4 17
5 17 6 17
13 17 19 17
2 18 3 18
6 18 9 18
10 18 13 18
15 18 17 18
18 18 19 18
3 19 7 19
9 19 14 19
16 19 18 19
3 20 5 20
6 20 7 20
8 20 9 20
12 20 14 20
15 20 17 20
18 20 19 20
0 17 0 18
1 1 1 2
1 15 1 16
1 17 1 18
1 19 1 20
2 6 2 8
2 12 2 13
3 4 3 5
4 9 4 10
4 11 4 12
5 9 5 10
6 1 6 2
6 12 6 13
6 18 6 19
8 2 8 3
9 15 9 16
9 18 9 19
10 9 10 10
10 15 10 16
11 4 11 5
13 11 13 13
13 14 13 15
14 0 14 1
14 16 14 17
15 3 15 4
15 13 15 14
16 8 16 10
17 13 17 14
18 0 18 1
18 10 18 11
18 12 18 13
18 14 18 15
19 5 19 6
19 13 19 14
19 17 19 18
