1000 50 400 4196
385 1
537 2
264 3
744 4
659 5
810 6
421 7
406 8
467 9
480 10
456 11
739 12
623 13
963 14
895 15
650 16
855 17
613 18
818 19
369 20
561 21
848 22
597 23
748 24
487 25
650 26
695 27
118 28
14 29
948 30
963 31
8 32
839 33
497 34
618 35
461 36
484 37
684 38
400 39
232 40
459 41
773 42
473 43
717 44
419 45
646 46
493 47
37 48
400 49
346 50
140 11
534 8
560 42
298 14
825 39
385 50
185 37
725 38
6 15
800 25
15 46
69 33
158 42
97 10
16 15
253 24
968 33
820 2
42 12
724 2
781 41
108 9
82 49
771 29
824 27
114 46
143 44
494 43
773 18
36 14
829 45
195 15
32 48
672 36
329 27
824 43
868 18
675 23
52 26
881 12
718 47
141 19
973 14
102 2
957 26
857 39
157 36
467 39
663 18
47 44
995 8
718 32
627 50
2 13
463 39
889 38
195 45
809 32
200 31
887 36
969 14
63 33
119 27
25 1
953 49
285 42
98 36
119 21
285 14
741 8
29 44
813 38
520 39
774 19
223 7
872 48
198 46
805 20
807 27
56 8
537 47
674 20
478 34
310 34
838 47
577 26
929 37
143 31
305 38
329 32
145 10
740 49
126 50
318 44
889 28
444 4
216 10
119 24
830 20
758 41
849 50
972 41
837 49
73 48
852 11
748 36
593 9
181 22
37 16
577 25
805 50
148 18
273 7
366 48
29 20
996 7
963 18
145 11
985 50
521 22
841 16
236 1
100 37
800 3
175 23
193 30
385 21
128 31
707 50
961 15
131 18
888 33
216 20
67 1
633 33
80 46
267 28
776 50
936 40
367 48
695 16
473 24
421 44
428 16
217 4
405 46
130 18
696 49
985 19
759 11
137 43
191 24
23 14
856 33
142 4
416 25
408 40
46 1
337 21
851 22
609 30
190 23
351 35
230 22
517 36
371 36
250 23
66 6
412 33
588 10
911 41
35 41
701 18
911 10
618 28
417 18
801 32
56 10
670 6
193 30
383 39
860 27
609 31
959 35
968 41
516 2
372 16
121 28
806 32
145 30
317 21
439 11
435 32
418 31
22 40
4 32
149 32
758 4
664 46
900 42
336 21
681 29
395 35
641 41
262 18
88 48
552 38
566 18
215 11
643 9
594 50
184 7
233 3
322 43
657 50
347 44
431 16
932 46
806 42
367 48
77 35
588 4
383 48
381 18
871 37
142 40
417 2
405 10
638 8
197 19
227 4
597 27
786 48
798 5
996 47
947 5
463 13
977 20
505 19
34 26
716 8
173 17
605 43
92 30
61 2
43 7
101 3
433 18
846 38
517 23
546 17
934 5
635 47
861 27
552 45
466 25
131 11
707 23
372 27
250 26
902 20
296 19
92 2
352 10
450 50
15 33
534 17
477 25
609 22
690 38
962 29
591 21
812 5
197 43
604 2
435 50
882 5
995 32
508 25
929 44
163 13
176 34
536 26
758 30
736 24
628 23
432 18
843 10
935 31
913 31
135 30
415 29
890 24
377 1
169 27
127 41
893 40
746 32
38 8
559 6
401 14
566 44
407 18
82 29
998 42
987 34
775 44
932 12
340 22
416 8
425 48
405 34
762 16
269 28
853 29
12 11
731 26
446 46
199 24
132 21
549 34
77 50
315 31
907 20
9 34
349 35
568 13
323 29
766 2
341 5
10 48
101 4
899 7
738 38
286 44
826 19
394 20
981 10
268 19
635 21
148 38
258 24
613 26
534 46
396 29
445 39
346 8
853 29
976 25
869 31
121 28
845 16
51 29
352 11
941 19
369 27
67 14
478 12
513 17
89 34
420 25
646 43
94 21
986 37
934 6
908 32
827 10
274 2
869 38
225 32
891 25
147 33
874 8
893 5
744 48
70 6
431 26
979 44
613 17
674 42
19 49
903 33
683 33
735 38
670 40
515 14
360 41
280 32
735 42
189 36
636 14
82 30
127 18
696 2
434 47
831 15
510 5
649 32
337 11
781 9
686 43
130 19
781 17
338 7
142 14
113 30
688 11
772 14
496 50
882 24
378 22
276 35
604 22
711 49
437 8
616 24
704 37
573 4
342 33
736 41
109 21
87 9
639 19
761 2
956 16
816 14
289 31
502 46
258 40
866 26
448 50
394 43
951 47
461 41
190 1
899 30
389 43
502 33
97 47
120 43
245 28
718 30
76 2
431 27
665 4
195 8
106 41
561 30
761 30
695 39
770 9
651 47
846 44
225 19
682 9
731 38
601 8
728 23
473 48
534 49
333 5
260 5
110 50
990 43
637 9
523 14
783 14
918 26
181 20
475 23
279 5
979 44
347 26
514 41
611 20
171 50
954 39
965 2
231 17
705 18
432 43
147 10
697 39
957 48
917 9
681 45
417 45
391 29
357 37
421 37
200 45
66 31
530 7
311 24
666 32
893 33
115 20
937 38
119 43
704 29
883 7
829 4
93 10
999 30
22 35
924 28
636 44
911 4
449 20
358 48
650 5
496 36
391 33
200 11
530 13
184 48
560 3
163 49
574 27
464 42
916 32
279 44
237 15
394 42
715 14
487 36
486 31
272 1
890 36
194 16
510 29
811 9
187 44
854 49
805 39
975 7
383 12
32 48
341 15
32 14
882 6
882 35
925 19
364 46
924 43
200 33
440 43
197 37
734 32
591 44
280 45
617 1
893 1
929 14
238 24
582 28
776 33
210 14
94 50
116 45
359 42
459 6
614 2
915 3
386 27
390 27
905 2
983 1
571 3
118 2
838 7
595 17
785 27
788 15
857 7
527 24
865 21
227 37
87 1
770 14
528 4
704 46
689 5
902 33
277 2
315 28
271 40
946 4
549 41
375 39
269 38
939 20
814 7
11 42
116 32
536 40
528 45
531 3
581 42
627 43
535 27
934 18
100 46
692 43
89 44
351 37
608 16
807 26
356 21
42 24
157 24
550 31
987 12
969 13
111 30
322 47
307 21
184 50
216 9
7 36
371 26
985 48
765 34
661 33
509 32
673 15
633 36
3 40
656 18
762 34
214 29
72 13
934 42
744 47
918 40
250 3
728 41
92 46
912 20
395 30
705 24
951 28
900 38
310 32
50 12
565 16
717 14
520 19
57 43
310 4
371 12
297 48
489 13
384 48
447 25
3 39
282 8
494 17
774 39
325 5
347 41
848 21
714 46
19 13
803 19
559 17
60 24
469 2
413 13
14 12
196 45
251 10
430 27
466 29
170 20
407 17
807 50
873 7
852 27
591 26
652 11
750 33
234 7
976 16
693 45
529 40
866 27
237 46
598 7
144 44
793 44
332 31
732 28
766 25
57 2
711 16
8 47
187 21
719 24
60 20
633 21
261 26
71 7
732 7
955 32
319 8
297 10
200 43
113 12
916 15
171 43
504 20
168 43
331 10
589 24
550 26
970 47
610 42
824 47
39 14
802 28
495 3
580 26
864 10
668 24
772 22
485 16
864 38
424 50
6 37
478 33
583 20
640 48
175 35
243 38
247 50
170 39
711 42
586 6
728 16
456 40
117 31
503 31
751 3
962 21
723 9
897 12
756 13
321 37
330 48
391 43
85 35
513 22
374 26
9 22
503 17
758 47
962 8
964 22
267 13
784 4
682 16
595 8
812 6
482 46
732 5
459 36
974 47
625 33
63 19
384 46
937 33
476 36
913 47
849 12
854 19
399 29
633 6
101 50
215 16
388 35
885 19
803 18
783 5
492 24
569 40
916 41
579 50
750 12
246 6
397 41
605 44
857 24
177 29
349 8
44 22
609 15
310 45
349 20
237 4
699 41
112 49
330 19
149 20
909 26
344 7
92 50
861 1
929 36
7 15
894 6
781 23
743 35
227 26
203 33
321 19
649 12
23 45
787 28
106 1
627 42
11 7
64 2
297 26
64 5
101 34
11 23
507 5
218 3
534 5
329 50
815 8
164 37
740 9
46 14
38 31
79 46
234 23
506 9
174 49
479 19
669 42
141 30
304 14
790 33
319 24
116 43
118 36
641 16
862 30
849 20
147 36
255 38
617 38
320 8
38 36
848 14
665 50
39 5
663 18
32 10
576 49
702 49
782 41
769 1
291 25
912 14
970 10
842 29
484 49
217 33
714 42
446 11
6 21
465 21
881 42
575 36
157 6
548 11
842 25
607 11
540 48
811 38
409 39
117 50
618 2
231 31
474 5
170 6
143 14
120 34
255 40
703 4
902 33
422 14
413 34
45 36
841 32
738 42
885 3
841 32
926 18
985 29
357 48
513 48
932 40
263 41
755 42
816 45
691 29
808 11
808 12
214 3
310 27
424 18
607 37
303 3
440 36
3 47
388 19
739 18
615 41
371 34
910 20
283 34
917 9
752 27
151 48
786 40
557 50
187 15
971 22
443 35
251 27
51 37
278 26
502 36
373 49
856 10
372 4
287 37
186 15
434 39
640 20
471 38
539 37
564 10
799 9
754 8
461 7
