1000 100 900 499
378 1
440 2
58 3
871 4
306 5
993 6
722 7
475 8
108 9
500 10
948 11
634 12
327 13
458 14
901 15
798 16
326 17
109 18
403 19
628 20
807 21
417 22
258 23
979 24
483 25
564 26
612 27
129 28
787 29
481 30
1 31
670 32
608 33
985 34
313 35
286 36
606 37
442 38
725 39
457 40
738 41
687 42
510 43
405 44
793 45
184 46
830 47
482 48
521 49
564 50
321 51
606 52
121 53
167 54
569 55
705 56
48 57
33 58
694 59
279 60
113 61
54 62
644 63
112 64
456 65
330 66
597 67
876 68
381 69
632 70
443 71
271 72
594 73
904 74
838 75
40 76
584 77
604 78
424 79
107 80
5 81
901 82
537 83
867 84
870 85
506 86
217 87
484 88
916 89
527 90
190 91
966 92
478 93
369 94
830 95
753 96
101 97
318 98
957 99
101 100
272 82
627 45
705 4
774 8
977 50
893 6
406 3
156 74
724 20
49 66
852 6
47 55
196 73
652 70
289 71
861 75
401 75
922 23
476 71
550 45
322 81
849 54
952 52
684 19
615 17
883 60
985 18
104 49
154 2
253 73
485 16
218 86
154 98
270 9
107 85
939 31
187 19
617 89
790 64
59 76
577 43
152 78
931 43
932 3
670 62
479 86
917 69
683 86
482 91
923 8
95 74
152 78
700 17
157 98
520 80
297 80
678 68
828 79
306 33
794 46
583 88
81 57
707 3
528 29
804 68
904 69
491 49
675 63
424 94
376 6
79 99
45 32
390 93
200 17
596 16
555 7
653 14
986 67
606 4
458 59
225 82
585 43
270 19
918 93
604 28
445 11
248 70
464 70
829 52
677 94
351 31
565 93
39 92
856 81
373 51
126 56
244 82
780 81
1 53
340 2
314 14
223 90
700 6
454 32
88 98
695 20
151 87
333 18
158 5
194 62
158 83
126 93
929 11
979 29
758 88
53 61
462 80
69 99
993 25
600 8
848 58
946 19
509 46
512 11
727 89
314 62
711 19
379 40
526 80
446 24
322 22
988 1
242 21
922 78
517 40
286 18
795 16
947 71
544 54
98 60
624 55
468 28
322 24
982 74
487 22
834 54
249 26
780 86
855 9
980 48
761 42
642 15
125 19
74 98
105 10
235 49
766 48
79 89
903 52
259 43
896 32
514 14
860 4
361 19
612 72
203 47
936 58
747 12
177 44
375 67
894 72
963 96
565 64
491 84
289 40
37 76
386 20
580 43
163 86
725 24
315 14
66 66
681 49
464 44
530 40
598 64
231 97
947 23
119 50
979 3
858 72
974 8
258 88
841 57
173 2
573 41
52 65
415 9
737 22
762 15
145 77
993 83
533 89
532 27
599 15
95 20
8 84
536 35
793 66
826 24
956 75
569 51
526 70
91 51
799 28
33 46
191 76
545 5
703 92
124 67
771 32
518 49
148 83
30 3
919 47
2 80
835 93
414 100
763 26
739 20
921 14
755 21
297 6
762 45
340 19
953 42
998 43
515 91
768 42
982 99
922 78
664 35
589 7
90 83
162 56
85 71
60 97
306 75
988 15
304 74
971 68
857 57
474 6
965 81
314 67
819 89
648 29
442 41
220 36
550 14
847 100
532 64
447 59
44 5
352 37
934 81
28 76
940 97
481 65
134 44
371 84
43 90
368 89
985 93
85 68
81 41
543 62
276 3
734 11
534 9
294 75
386 68
634 78
550 9
951 85
866 10
298 21
455 68
88 94
972 97
941 15
222 82
114 11
415 59
214 61
553 69
92 77
9 12
237 28
667 45
109 99
565 30
402 98
660 61
459 76
313 79
473 27
182 61
47 90
459 83
989 41
164 97
210 4
702 52
5 13
958 4
393 84
350 16
187 30
163 54
766 59
693 13
825 80
988 75
824 86
243 90
463 33
256 60
765 17
699 91
923 65
492 41
644 85
464 89
369 57
548 29
624 92
400 78
858 13
891 27
581 71
140 86
753 19
762 88
54 12
488 38
381 46
939 20
182 91
489 51
372 45
725 77
565 91
883 14
215 92
670 100
678 29
872 99
151 22
898 17
241 98
304 50
328 79
718 13
623 14
292 16
17 43
624 8
623 55
119 33
554 20
60 1
109 61
710 91
585 97
318 31
637 18
125 81
43 57
756 65
761 69
772 18
973 11
79 7
998 19
385 100
423 64
81 51
722 20
801 38
785 17
727 32
813 24
417 96
378 31
467 9
199 23
729 79
771 67
649 38
269 3
781 71
373 93
856 85
715 67
892 43
640 38
271 26
489 93
425 74
648 38
350 24
950 11
906 24
724 91
769 49
282 27
858 35
373 92
547 88
661 74
229 81
323 79
277 10
787 26
607 44
59 63
483 34
157 78
144 56
283 4
484 34
17 10
383 56
802 89
607 91
988 55
614 82
761 18
513 50
784 91
81 93
17 90
832 47
879 78
56 99
744 66
9 76
988 71
17 43
884 56
763 26
31 52
484 24
212 51
738 42
635 79
116 46
318 96
988 74
367 68
6 56
185 23
415 37
796 10
272 70
411 28
815 66
958 44
367 1
253 59
703 88
548 27
75 5
28 53
807 67
769 74
912 38
80 65
383 79
783 64
426 57
918 97
966 56
825 67
88 100
408 56
720 92
680 46
882 17
273 43
597 17
912 60
27 81
576 61
967 98
956 97
796 57
939 82
454 99
927 19
918 27
777 79
604 95
421 51
524 38
68 35
363 46
599 48
439 65
185 47
981 42
414 6
695 36
824 81
824 48
390 91
892 50
809 93
625 22
932 61
997 92
605 71
409 51
413 32
213 69
916 89
855 42
496 2
805 87
457 10
191 10
742 49
496 99
889 41
255 76
717 61
455 16
20 31
710 7
543 51
850 84
532 53
203 1
386 17
306 84
876 85
757 63
891 15
663 15
580 9
824 76
774 98
519 81
71 8
834 34
363 61
283 99
189 5
829 58
798 25
27 100
106 28
392 22
187 80
634 8
646 17
462 46
987 56
515 56
478 63
60 11
560 79
281 88
283 33
565 99
643 99
998 19
162 87
11 90
869 100
269 49
549 74
151 21
902 42
210 39
421 22
163 99
444 60
582 47
211 39
357 68
837 26
297 82
500 63
429 55
886 71
767 3
43 58
455 71
732 50
822 70
420 26
842 53
281 37
169 60
767 37
186 3
771 54
775 89
209 78
75 40
235 39
433 77
241 88
300 18
514 65
897 51
45 61
652 79
995 81
670 81
938 4
560 53
616 81
906 97
350 68
578 88
850 1
30 40
984 79
332 78
127 55
83 19
511 21
915 34
526 98
368 70
164 98
868 20
465 10
865 14
197 94
194 82
836 75
122 89
538 32
108 14
349 50
666 29
193 74
384 41
824 53
774 34
676 15
210 45
967 62
595 85
65 15
236 78
151 39
262 62
440 51
639 54
771 18
724 95
350 98
241 85
362 6
809 95
450 71
742 49
48 81
592 29
143 27
811 88
673 85
863 44
173 25
264 98
189 74
620 36
888 44
408 37
694 34
578 5
109 39
525 86
633 80
313 39
345 88
324 10
325 2
277 58
726 14
898 99
889 93
908 64
693 56
150 74
149 78
686 67
570 50
188 74
173 76
847 90
686 76
469 54
571 72
668 37
917 20
830 2
811 92
506 91
84 83
34 12
270 88
523 23
811 2
753 8
554 49
608 73
602 82
380 36
57 18
335 18
891 52
656 80
764 44
358 89
411 39
695 70
249 43
381 55
458 73
3 64
89 75
703 38
262 41
635 35
861 87
528 16
314 62
676 22
224 94
711 5
485 27
222 100
115 26
713 81
495 95
227 54
847 42
747 43
717 77
599 9
903 2
840 86
739 97
966 98
208 47
816 34
533 74
16 31
720 35
428 93
665 47
281 85
220 28
85 81
782 32
817 44
509 22
934 71
19 80
711 41
268 54
84 49
457 55
882 61
866 1
400 18
75 68
748 56
916 47
276 73
949 98
251 50
672 64
199 97
947 80
944 46
413 63
539 38
790 88
635 18
769 75
607 85
623 72
809 18
280 84
81 2
970 73
2 76
165 80
467 55
628 19
798 75
793 34
15 48
232 6
909 55
840 80
153 3
4 77
213 39
604 42
634 53
898 66
359 54
359 99
106 10
611 98
225 15
436 73
884 87
984 32
601 43
449 55
41 67
709 22
825 34
626 47
351 78
298 57
419 31
238 31
735 80
620 86
634 50
815 45
884 11
681 42
955 82
263 24
601 42
644 2
880 31
892 1
259 61
427 50
665 82
863 88
382 29
203 49
646 67
780 33
382 20
985 45
57 57
403 56
469 31
618 97
810 13
716 50
322 74
766 6
957 94
841 54
944 48
796 32
84 79
205 88
394 35
114 72
6 79
378 34
513 53
124 21
992 59
655 55
483 17
887 34
359 28
195 28
906 35
970 20
264 11
894 76
728 51
570 93
816 47
48 47
384 39
486 64
439 57
228 30
937 26
338 25
90 84
