1000 500 500 500
208 1
796 2
640 3
613 4
470 5
774 6
765 7
169 8
311 9
137 10
315 11
493 12
588 13
378 14
955 15
115 16
798 17
603 18
886 19
267 20
276 21
543 22
57 23
794 24
438 25
137 26
493 27
659 28
460 29
991 30
81 31
612 32
723 33
517 34
86 35
567 36
735 37
688 38
114 39
65 40
492 41
204 42
441 43
594 44
230 45
789 46
215 47
653 48
737 49
42 50
618 51
937 52
930 53
939 54
11 55
276 56
609 57
15 58
797 59
155 60
79 61
608 62
885 63
959 64
754 65
446 66
102 67
608 68
811 69
885 70
490 71
216 72
207 73
753 74
131 75
519 76
394 77
673 78
335 79
203 80
797 81
48 82
920 83
684 84
719 85
156 86
127 87
383 88
49 89
553 90
328 91
550 92
266 93
781 94
245 95
83 96
115 97
619 98
164 99
310 100
956 101
812 102
54 103
659 104
53 105
946 106
884 107
410 108
659 109
326 110
738 111
977 112
59 113
764 114
920 115
199 116
917 117
414 118
537 119
648 120
754 121
633 122
49 123
495 124
722 125
209 126
381 127
40 128
19 129
583 130
423 131
723 132
648 133
274 134
161 135
853 136
403 137
490 138
905 139
24 140
993 141
4 142
910 143
501 144
13 145
955 146
857 147
652 148
335 149
327 150
863 151
138 152
89 153
30 154
75 155
879 156
609 157
817 158
76 159
97 160
702 161
862 162
922 163
432 164
199 165
386 166
681 167
640 168
783 169
535 170
576 171
940 172
500 173
262 174
401 175
567 176
632 177
407 178
722 179
964 180
558 181
486 182
835 183
558 184
106 185
498 186
178 187
846 188
875 189
19 190
183 191
631 192
214 193
870 194
898 195
63 196
976 197
99 198
315 199
455 200
126 201
468 202
802 203
850 204
152 205
729 206
404 207
960 208
616 209
279 210
667 211
668 212
848 213
819 214
220 215
10 216
534 217
182 218
398 219
679 220
288 221
431 222
387 223
129 224
687 225
952 226
677 227
144 228
905 229
74 230
247 231
681 232
535 233
253 234
555 235
583 236
684 237
694 238
223 239
482 240
354 241
945 242
667 243
735 244
713 245
36 246
82 247
476 248
733 249
305 250
110 251
596 252
557 253
562 254
589 255
965 256
49 257
863 258
471 259
251 260
209 261
465 262
956 263
530 264
305 265
309 266
393 267
733 268
994 269
242 270
832 271
163 272
899 273
165 274
618 275
332 276
641 277
217 278
72 279
215 280
638 281
428 282
928 283
569 284
296 285
209 286
311 287
493 288
240 289
31 290
42 291
827 292
128 293
440 294
99 295
496 296
323 297
269 298
429 299
42 300
686 301
444 302
48 303
800 304
589 305
943 306
305 307
580 308
60 309
284 310
107 311
897 312
930 313
143 314
835 315
61 316
698 317
791 318
821 319
699 320
956 321
736 322
724 323
859 324
521 325
730 326
887 327
330 328
997 329
365 330
220 331
140 332
479 333
345 334
141 335
504 336
378 337
199 338
642 339
843 340
672 341
569 342
899 343
753 344
199 345
33 346
482 347
431 348
4 349
564 350
295 351
514 352
246 353
438 354
653 355
892 356
897 357
958 358
950 359
52 360
915 361
555 362
613 363
993 364
832 365
74 366
606 367
926 368
671 369
153 370
891 371
17 372
254 373
931 374
672 375
809 376
955 377
576 378
587 379
360 380
284 381
81 382
309 383
857 384
509 385
640 386
472 387
998 388
586 389
358 390
548 391
205 392
590 393
274 394
135 395
237 396
814 397
113 398
257 399
884 400
747 401
716 402
878 403
567 404
23 405
83 406
477 407
839 408
921 409
881 410
342 411
474 412
268 413
851 414
660 415
63 416
434 417
383 418
553 419
581 420
156 421
594 422
481 423
792 424
983 425
106 426
727 427
240 428
256 429
660 430
365 431
974 432
234 433
964 434
621 435
458 436
386 437
343 438
159 439
113 440
60 441
88 442
108 443
870 444
139 445
640 446
508 447
291 448
433 449
190 450
697 451
676 452
239 453
965 454
845 455
80 456
266 457
508 458
164 459
420 460
311 461
331 462
792 463
984 464
163 465
449 466
675 467
157 468
524 469
619 470
456 471
199 472
230 473
549 474
809 475
191 476
101 477
914 478
46 479
91 480
228 481
176 482
652 483
168 484
651 485
619 486
153 487
506 488
50 489
153 490
249 491
582 492
655 493
816 494
598 495
959 496
157 497
680 498
392 499
80 500
963 359
643 383
804 110
490 147
831 39
628 215
422 225
520 223
475 30
239 180
902 461
154 281
363 262
608 270
651 209
951 304
944 109
427 52
118 416
388 99
458 39
569 376
437 204
173 264
771 262
245 132
479 42
78 34
975 65
734 316
350 235
109 137
521 227
583 293
942 389
466 333
424 463
404 105
529 483
137 12
118 307
559 81
685 65
598 229
164 161
401 411
458 239
959 260
929 324
739 345
969 438
600 156
933 156
180 286
607 300
748 244
663 108
338 500
600 95
200 250
449 50
415 249
327 355
230 92
250 64
171 302
659 494
985 41
343 185
579 48
617 65
533 120
500 280
35 154
956 3
342 80
825 315
108 5
844 77
794 106
842 298
371 200
560 217
793 184
292 420
944 45
12 298
449 228
858 315
819 154
123 108
720 474
708 120
623 222
585 217
69 437
86 255
885 495
351 466
317 71
784 290
443 338
414 117
497 389
681 214
350 138
647 351
366 146
670 2
822 373
621 172
797 78
866 375
55 476
804 247
6 445
564 448
183 264
489 51
143 193
826 28
355 170
625 4
177 337
402 108
727 327
682 135
473 395
552 339
4 131
226 264
877 69
653 286
264 467
316 45
546 375
716 247
324 351
104 360
274 21
770 261
574 128
237 198
918 360
841 432
216 219
553 375
987 455
983 386
461 269
632 404
512 418
695 233
299 131
711 39
631 320
213 217
366 477
579 41
249 310
230 494
745 425
493 356
818 468
252 229
894 64
973 362
802 500
292 225
543 363
708 343
326 40
741 221
615 176
580 482
564 428
25 296
290 470
343 215
423 254
770 45
115 302
152 180
17 322
860 163
346 476
960 77
70 470
854 165
239 265
153 301
926 246
725 59
820 402
225 466
42 165
116 263
604 284
572 40
420 144
395 148
171 59
326 106
237 246
420 429
465 155
434 415
451 106
253 251
713 58
336 413
102 454
662 250
607 411
592 298
822 219
74 207
560 303
662 338
341 167
826 182
419 382
549 148
126 244
769 244
121 448
118 40
453 280
306 423
493 120
922 110
358 79
386 204
741 205
295 162
327 16
524 114
605 262
57 289
823 171
219 376
39 490
644 384
347 351
413 453
468 130
268 312
567 4
724 414
162 153
409 93
677 214
521 342
404 27
550 421
791 204
213 159
508 268
925 231
98 105
360 268
548 210
368 209
664 301
639 288
433 466
628 478
355 465
357 218
808 73
777 485
830 148
545 15
886 489
947 474
202 343
571 430
69 73
885 262
172 339
571 419
974 44
644 326
4 251
919 13
790 43
607 315
167 241
974 306
894 304
423 241
58 295
751 159
944 243
704 47
245 455
749 74
711 484
456 280
412 129
50 41
611 1
841 332
808 88
421 404
92 143
623 237
316 133
585 375
57 467
466 113
147 312
633 68
866 407
963 167
263 375
858 373
629 85
833 418
402 82
79 59
367 205
201 379
285 87
463 81
828 231
409 33
371 78
430 240
257 315
746 178
471 449
196 7
6 400
514 402
710 7
582 475
53 400
192 73
789 486
858 382
628 232
972 17
766 440
791 150
840 393
770 297
69 63
692 168
323 34
722 104
2 363
773 234
58 142
18 18
56 453
833 117
324 185
837 465
266 104
420 345
212 290
90 166
20 312
647 228
48 295
504 347
535 368
21 13
949 104
979 180
562 86
509 125
417 42
999 270
863 262
458 282
453 270
82 326
576 258
646 339
642 102
668 211
834 177
936 109
582 16
554 122
727 387
274 164
320 41
52 13
308 218
274 54
571 475
654 153
101 33
508 101
262 427
220 32
326 481
424 94
787 143
917 491
827 224
234 347
209 213
669 406
429 108
981 147
320 167
473 456
757 51
404 370
98 404
673 73
876 173
610 356
267 45
967 175
178 116
544 264
526 304
873 427
965 437
778 51
2 77
406 11
372 442
466 261
66 67
551 426
748 90
304 455
38 467
875 281
284 340
78 292
466 491
631 145
435 438
629 394
445 271
625 253
382 57
547 117
870 94
732 294
2 75
592 104
171 283
621 381
649 494
623 338
450 284
734 330
146 157
734 312
899 399
973 27
402 287
280 141
997 231
262 46
68 411
48 163
165 193
483 306
551 308
267 136
493 392
436 139
623 367
51 262
676 33
106 498
101 79
713 403
487 248
219 19
452 107
784 495
547 29
379 200
937 126
171 78
522 485
792 129
273 210
469 151
630 163
859 250
26 175
294 353
411 62
313 455
936 362
498 109
112 302
647 343
462 215
