1000 5 20 29371
417 1
81 2
516 3
291 4
694 5
932 4
810 2
243 3
637 1
332 3
990 3
915 5
537 3
488 3
195 5
878 3
44 5
54 1
897 5
320 3
86 1
928 2
375 3
345 4
746 5
622 4
386 2
89 5
398 5
512 3
666 5
643 1
820 2
650 1
744 1
332 5
477 1
602 4
190 3
631 4
592 1
502 1
846 4
311 4
600 1
570 2
665 3
203 1
646 2
221 1
629 4
875 1
328 1
438 3
619 4
311 1
169 5
918 5
901 2
619 1
599 2
798 5
148 1
563 4
25 4
859 3
813 3
9 3
572 2
185 3
922 4
299 5
863 1
244 4
254 3
983 2
30 2
969 3
135 2
272 1
499 5
857 5
92 3
293 5
280 1
590 4
537 1
893 5
339 4
904 2
121 2
325 3
106 1
917 5
954 5
650 5
58 5
95 2
717 1
143 5
933 1
457 4
295 3
852 4
719 3
902 4
586 4
526 2
47 1
685 4
579 3
693 5
60 2
34 1
713 2
626 4
870 3
679 1
306 5
845 3
385 1
447 4
740 4
740 3
405 3
356 3
727 2
992 1
916 4
608 2
652 2
651 5
428 5
448 3
956 2
437 2
849 4
869 5
700 3
233 4
557 5
56 5
573 5
208 3
250 5
549 3
468 1
940 5
458 5
226 5
136 2
291 3
445 4
151 5
247 5
63 3
939 3
984 4
514 3
689 3
344 1
169 4
603 4
27 1
409 3
299 4
222 3
604 2
115 3
343 4
753 5
30 1
915 4
39 1
492 5
826 1
603 1
739 3
343 2
529 2
836 2
998 3
200 1
129 5
5 4
994 1
247 2
240 2
519 2
663 5
697 2
896 1
987 2
229 3
20 3
140 3
351 4
137 3
332 2
42 5
693 4
697 2
841 4
887 3
313 1
505 3
738 1
201 4
25 3
836 3
747 4
890 2
431 2
680 4
325 2
862 2
989 4
852 2
542 2
654 2
829 1
266 1
475 1
514 2
122 4
303 3
538 5
593 5
191 2
781 3
666 4
996 1
968 3
248 2
50 4
620 3
137 3
21 1
372 3
957 1
353 3
459 2
649 3
434 5
717 2
694 2
895 3
671 2
734 5
111 4
502 5
614 3
964 3
170 5
977 4
213 5
326 2
216 1
112 2
167 5
497 1
79 5
296 3
916 4
587 5
527 3
635 5
275 4
4 5
22 5
551 4
127 4
966 1
762 2
24 1
242 5
939 1
605 2
778 2
731 3
373 5
143 2
953 3
519 3
222 1
557 1
540 3
153 4
7 3
292 4
156 2
779 2
786 3
201 1
723 2
831 2
862 1
123 2
336 4
250 2
707 5
766 3
250 2
786 2
509 5
969 3
900 4
158 4
325 2
132 5
336 1
998 3
436 4
828 5
522 4
415 2
568 1
939 1
823 3
70 5
160 3
236 5
117 1
779 1
642 5
943 1
434 5
199 4
175 1
365 1
336 2
494 4
813 3
984 1
10 4
772 5
696 2
961 5
259 2
741 4
749 5
640 1
381 3
394 1
466 2
903 5
1000 3
763 4
456 3
673 4
750 1
175 3
441 2
211 2
475 3
195 1
66 1
548 5
788 3
306 5
602 4
697 1
420 5
332 1
306 1
167 4
622 4
797 5
61 1
296 1
394 5
978 3
429 4
135 3
958 2
37 2
564 3
988 3
368 1
445 5
291 4
274 3
722 1
613 2
959 4
615 1
416 2
347 5
156 4
169 2
289 2
527 2
13 1
7 5
463 3
93 2
525 1
703 4
611 5
107 1
247 4
710 1
697 3
118 5
667 2
846 2
687 1
581 4
41 5
990 1
122 2
409 1
552 3
279 2
118 3
374 1
349 3
632 5
979 4
832 3
96 3
351 4
171 2
809 2
660 3
202 1
690 5
193 3
6 5
456 4
740 5
445 5
548 2
501 3
403 4
556 4
688 3
805 3
644 4
227 4
479 2
673 5
54 1
335 3
979 5
439 3
431 5
944 2
245 3
551 2
452 5
79 2
705 2
876 2
951 1
581 1
3 1
916 3
257 4
121 2
925 4
176 5
310 2
912 2
698 3
479 2
796 2
434 3
266 2
306 2
255 3
397 2
223 4
170 4
286 3
666 2
323 5
176 4
343 1
430 2
192 3
399 1
182 3
401 3
428 2
976 1
317 4
668 5
979 5
452 3
499 5
450 5
275 1
119 2
724 5
488 2
465 2
562 2
850 5
876 2
624 4
753 1
474 4
882 1
724 4
287 1
708 5
245 2
654 3
456 1
161 5
94 3
601 1
70 5
409 4
847 2
806 3
655 3
288 4
297 2
980 1
733 1
84 3
94 5
513 4
308 3
866 1
550 4
609 4
569 5
507 5
507 1
921 4
10 4
413 2
277 5
226 4
521 2
75 5
244 5
761 4
67 5
213 4
505 4
258 2
69 4
570 1
719 5
878 4
777 4
283 4
998 1
176 2
318 3
177 5
297 4
81 5
324 2
601 3
457 3
816 2
470 3
930 5
206 2
145 5
719 3
93 1
418 5
723 1
42 3
183 4
430 1
428 1
807 2
845 4
883 5
874 1
64 1
596 2
351 4
485 4
114 1
27 1
218 3
511 5
372 2
848 5
237 2
556 3
726 5
435 3
595 2
261 3
343 5
740 5
593 4
477 1
523 4
361 1
108 5
125 1
445 4
915 3
307 4
814 5
936 5
781 4
806 1
977 3
303 2
630 2
708 2
987 1
910 2
916 3
176 1
720 4
489 4
732 3
212 1
384 1
408 3
348 2
932 1
426 3
542 1
999 1
684 2
354 5
397 1
556 5
337 3
21 5
161 1
488 1
689 5
963 1
879 3
267 1
363 2
384 5
461 5
692 2
942 5
401 1
686 4
89 2
112 4
541 2
621 1
516 3
332 5
500 3
613 5
870 5
96 3
709 4
660 3
557 5
136 4
207 3
960 1
852 3
377 4
615 1
356 2
424 3
516 5
435 1
195 5
912 5
150 5
329 4
330 5
795 5
310 1
324 3
473 2
100 3
644 2
790 3
111 4
360 3
154 2
406 4
904 2
633 3
733 3
608 4
969 1
182 4
144 4
462 5
656 4
377 2
94 5
837 3
812 5
17 5
576 4
168 2
171 4
997 3
934 1
403 3
238 2
610 1
22 5
471 2
732 4
737 5
947 2
917 3
819 3
842 5
836 1
310 1
574 4
631 5
741 2
488 4
202 1
908 2
173 2
636 2
772 2
195 4
547 2
559 5
777 4
559 5
329 1
401 2
458 4
156 4
558 3
749 5
423 4
803 5
483 3
253 3
142 5
984 5
842 2
825 3
961 2
620 1
926 5
136 5
555 5
653 4
983 2
125 1
719 3
424 2
7 2
583 2
561 2
575 1
136 4
457 3
686 5
642 5
604 4
538 3
701 5
115 2
474 5
830 2
42 4
26 1
808 4
798 4
658 3
836 3
420 3
429 2
490 5
35 2
128 5
191 2
315 5
112 2
127 2
122 4
698 5
941 5
778 3
659 1
244 1
766 3
364 2
98 1
771 3
99 3
123 2
241 2
562 2
670 4
415 1
222 5
941 1
759 3
894 4
987 3
519 2
15 2
481 5
773 1
476 2
29 5
579 4
736 4
805 1
149 3
507 4
448 1
8 1
603 3
786 2
371 3
739 5
878 3
850 5
598 4
205 5
186 3
56 4
128 3
857 1
76 5
419 2
971 1
935 5
188 3
910 5
439 2
345 3
875 1
1000 4
51 4
126 5
140 3
273 3
295 5
440 2
127 2
344 5
480 4
504 2
508 1
168 1
873 2
746 5
426 1
483 1
341 1
551 2
11 2
58 1
66 3
755 5
543 2
32 4
856 5
923 1
739 5
770 1
908 1
973 2
292 5
281 2
978 5
840 2
326 3
134 2
976 4
45 4
417 5
98 1
94 5
691 4
258 4
787 2
997 4
976 3
868 4
273 1
976 4
13 1
254 3
568 2
866 4
419 5
21 1
654 1
682 3
839 5
669 1
362 3
740 1
957 3
988 3
644 4
332 4
590 2
81 5
751 5
240 2
40 4
907 4
738 5
333 2
536 5
53 3
342 5
396 1
420 3
102 3
673 1
982 2
232 1
272 1
608 2
444 2
961 4
781 3
689 1
445 1
800 5
703 5
484 3
797 2
284 2
442 1
318 4
819 1
949 4
539 4
148 2
953 1
497 4
777 3
181 5
455 1
955 3
397 4
751 3
190 4
866 5
703 5
295 5
464 2
470 3
391 2
498 3
739 5
457 4
991 1
203 4
909 5
134 5
650 5
51 4
213 4
127 1
734 1
595 4
321 4
16 5
318 1
246 2
263 4
3 5
46 4
804 1
120 4
558 2
960 5
543 4
191 5
392 5
976 3
865 4
249 4
364 2
731 3
123 3
688 4
62 3
850 2
123 2
396 4
556 2
94 4
980 1
294 2
433 1
883 3
956 5
