1000 5 900 999
938 1
12 2
146 3
839 4
979 5
41 5
987 2
432 1
978 1
343 5
56 2
756 4
751 3
574 4
867 3
586 5
524 1
442 5
309 1
684 2
698 1
222 2
922 1
601 3
734 5
225 3
460 4
885 1
800 3
720 4
484 1
607 3
636 1
617 2
395 5
282 1
264 2
751 4
152 5
629 5
573 1
298 1
126 1
170 1
26 2
353 2
676 2
193 3
376 3
298 3
160 4
169 4
772 5
813 1
784 4
966 5
869 2
792 4
349 3
486 5
949 2
224 3
734 4
531 3
996 1
672 1
199 5
213 3
997 5
147 5
132 1
931 2
292 5
319 1
125 2
559 5
897 1
981 2
422 4
687 3
801 3
281 2
577 2
883 5
153 4
46 5
124 4
561 5
265 1
95 5
344 4
479 3
602 4
519 2
426 3
177 2
462 4
389 3
685 2
460 3
706 5
314 2
261 3
300 3
491 5
954 3
344 2
153 5
790 3
133 3
795 1
248 1
661 3
279 1
215 5
949 1
287 1
694 4
636 2
983 5
65 1
329 1
45 1
506 1
357 4
466 1
401 5
428 4
4 5
976 3
516 3
972 5
260 2
599 2
707 2
881 1
683 2
471 5
12 4
16 3
668 4
777 3
623 3
417 5
362 5
302 1
746 2
766 3
935 1
821 1
565 1
126 1
985 5
753 1
139 2
920 4
806 1
1 4
434 4
806 1
608 1
925 3
241 2
442 2
478 2
498 2
999 2
346 3
729 5
20 2
243 4
973 2
384 4
856 1
891 2
621 2
696 4
177 1
913 5
237 2
349 2
56 5
561 5
36 5
296 5
952 3
448 1
607 5
624 3
487 1
497 1
547 4
795 2
777 5
124 2
659 1
289 5
695 2
884 5
630 4
752 4
253 3
775 3
818 5
902 5
661 3
613 1
908 3
621 4
782 4
207 4
441 5
379 5
122 2
643 2
616 5
222 1
880 2
716 3
603 4
471 3
706 2
705 1
787 2
652 1
74 5
615 1
946 1
186 4
210 3
81 5
641 5
877 3
56 1
373 2
254 5
850 2
60 5
105 5
918 1
518 5
690 4
157 4
632 2
112 2
248 1
170 1
748 2
262 4
725 3
963 2
379 4
883 2
899 3
488 5
176 2
247 5
173 2
427 4
564 1
58 2
582 5
198 3
586 4
289 2
801 5
330 2
94 3
245 4
843 1
114 5
529 2
638 2
675 4
49 1
173 2
220 2
448 4
988 4
391 3
221 5
951 1
235 4
692 2
183 5
68 4
59 5
474 5
121 2
950 3
897 2
791 2
19 1
553 1
368 3
245 2
384 2
290 5
110 2
79 4
1000 4
129 2
307 3
905 2
742 2
368 2
43 2
131 2
222 5
891 4
445 1
519 5
147 3
784 3
807 1
714 4
41 1
233 2
59 2
359 1
572 5
235 2
180 3
711 3
582 3
26 3
704 4
911 2
688 1
73 4
555 4
555 2
612 5
273 3
134 1
341 2
236 4
39 1
937 5
279 2
57 2
230 5
196 1
31 1
577 1
689 2
179 2
127 4
339 2
167 3
955 4
946 1
568 4
48 4
908 1
272 2
811 4
861 5
975 5
668 3
265 3
878 5
176 2
254 3
789 2
919 3
976 1
977 1
790 3
498 2
466 2
635 3
693 2
879 4
67 1
269 3
837 1
647 3
515 3
878 4
45 4
74 2
84 5
688 2
889 2
192 1
313 3
781 1
495 4
17 4
909 5
600 5
986 5
666 4
655 3
997 4
586 2
999 2
235 4
62 5
317 5
725 5
102 5
540 1
337 2
28 1
36 5
547 1
718 3
134 5
646 3
441 4
237 2
814 4
682 2
373 1
425 4
945 1
97 2
933 1
997 4
954 2
462 4
323 1
864 1
215 4
57 4
867 2
997 3
430 1
87 5
476 3
381 3
124 1
121 3
255 3
252 2
345 4
768 3
530 4
565 5
35 2
54 1
135 2
948 4
819 4
313 5
16 5
415 2
273 2
21 5
659 4
956 4
803 4
656 3
126 3
146 4
670 5
398 4
266 3
465 2
850 1
742 2
757 5
831 5
130 5
890 2
209 2
87 5
70 2
6 4
922 5
756 3
322 3
579 5
273 1
517 3
139 3
950 2
540 1
1000 1
541 2
526 1
694 4
599 1
232 5
189 2
826 5
111 1
882 5
445 4
842 4
797 3
577 2
80 1
780 4
178 4
695 3
549 2
364 5
258 3
6 3
135 4
165 3
444 3
801 4
771 3
811 2
555 1
239 4
747 4
376 1
975 4
387 2
600 5
177 3
452 3
271 5
583 1
445 1
448 4
932 1
635 1
468 5
350 1
369 2
602 1
76 3
227 1
424 1
543 4
213 2
870 3
591 1
39 4
956 3
304 5
810 3
335 4
853 1
222 4
647 2
44 4
549 5
598 5
324 1
911 4
658 2
551 3
962 5
44 3
572 5
212 5
474 1
991 1
797 1
180 5
90 1
142 4
976 1
965 4
635 1
757 5
671 4
271 4
669 2
937 3
50 3
439 2
805 2
689 1
686 2
471 5
843 4
591 4
614 1
226 2
469 3
37 1
539 3
305 4
849 1
614 2
527 2
593 3
112 3
419 4
638 2
899 2
377 5
932 4
751 3
846 2
889 4
711 2
1 5
442 3
876 1
41 5
389 5
535 4
491 5
466 2
932 4
294 5
464 4
166 4
762 3
884 1
970 1
757 2
168 2
190 5
778 5
726 4
245 4
777 3
821 2
818 4
709 2
567 2
447 2
436 4
109 4
727 3
728 4
42 5
983 1
852 4
737 3
347 4
407 4
294 4
669 1
541 2
54 4
752 2
373 3
763 2
932 1
536 2
80 2
922 4
432 1
837 1
176 2
470 2
147 1
606 4
380 3
653 2
171 4
455 2
755 3
607 5
25 3
39 2
192 5
396 5
570 4
927 4
658 1
102 5
42 2
753 4
674 3
961 3
61 3
847 5
270 1
581 4
392 1
519 4
716 1
515 3
987 4
770 4
23 2
72 5
143 3
150 5
567 2
194 4
511 1
534 5
365 3
753 3
690 5
810 1
816 1
537 5
185 2
548 5
29 4
189 2
67 2
576 3
578 5
526 3
642 4
947 1
85 4
933 1
363 5
111 3
906 4
779 5
134 5
546 5
11 5
809 2
778 1
330 2
813 2
352 2
610 4
213 3
665 4
258 3
271 2
348 3
839 3
577 2
403 5
565 3
933 2
778 2
452 4
389 1
997 4
347 1
644 4
61 1
501 1
673 2
590 3
506 1
302 5
75 5
6 5
552 2
981 2
465 3
67 2
281 5
550 2
144 4
601 2
657 4
682 4
555 4
550 2
493 3
464 2
332 3
468 3
140 5
39 1
770 1
453 5
835 2
858 4
263 1
407 4
749 5
668 1
164 1
367 5
124 3
594 2
725 1
794 3
449 3
519 4
120 4
141 3
288 4
890 5
498 5
478 5
663 4
397 5
182 5
975 2
953 3
525 5
829 3
476 3
122 3
365 3
190 1
863 2
805 2
260 4
862 4
707 2
730 3
476 4
756 2
527 4
868 4
288 3
578 1
431 2
412 5
829 2
396 5
894 2
724 4
371 5
673 5
281 5
609 2
918 4
751 4
569 1
124 1
85 2
515 3
940 2
125 5
380 2
225 3
962 4
434 5
148 4
313 4
644 1
54 5
951 2
335 5
812 4
355 3
941 3
169 3
869 1
663 4
308 2
90 2
310 5
867 2
134 2
768 5
139 1
268 1
42 4
64 1
825 5
570 3
858 1
990 2
486 3
820 5
994 4
58 5
105 4
912 2
436 5
125 2
770 1
163 3
64 2
199 1
417 2
947 2
808 2
539 5
747 4
970 3
175 3
820 5
695 1
841 4
48 2
570 1
602 5
467 3
91 4
625 2
278 5
275 4
737 5
754 4
314 3
974 3
823 4
628 3
259 2
814 1
941 2
62 4
561 4
426 3
188 3
460 3
802 5
174 2
194 5
764 2
283 1
647 2
320 2
583 1
706 5
232 1
217 1
647 4
417 3
535 5
786 4
35 5
62 1
281 4
591 5
219 5
988 3
649 1
681 4
689 5
142 3
133 2
97 2
307 2
753 3
816 2
291 1
240 3
656 4
304 1
392 4
452 5
614 3
634 3
83 1
533 3
753 5
326 1
176 1
868 1
329 1
464 4
49 2
908 2
186 4
924 4
84 1
790 4
303 3
8 2
854 2
574 3
366 2
689 4
765 4
138 1
222 3
273 4
953 4
336 4
901 4
913 3
624 2
109 5
111 3
341 3
155 3
829 4
213 5
755 3
219 1
270 2
922 4
768 2
466 4
505 2
921 5
128 1
938 5
244 1
273 1
291 2
133 1
375 2
542 5
902 4
537 5
981 3
944 2
310 4
810 1
963 4
676 2
950 4
160 4
983 3
14 1
85 5
137 5
44 1
363 1
