1000 5 900 12987
841 1
598 2
463 3
190 4
47 5
560 5
209 2
380 1
127 1
881 5
943 2
731 5
645 4
650 4
88 5
263 2
870 2
613 5
61 5
632 3
582 2
959 4
468 4
221 3
686 2
867 3
325 4
767 5
883 1
893 4
790 2
192 1
7 4
489 2
837 5
72 2
869 5
573 4
594 1
335 3
560 1
175 2
189 3
556 3
275 5
138 5
212 3
670 3
442 3
799 3
114 2
521 2
861 3
986 2
999 4
696 3
61 1
54 4
70 4
568 3
410 5
383 4
902 2
93 4
52 1
177 1
753 3
921 3
726 5
508 2
179 3
950 4
698 1
588 4
545 1
73 4
111 4
390 1
330 5
532 4
240 5
63 4
932 1
632 5
8 1
509 2
19 4
516 3
76 1
8 5
713 2
243 4
52 1
158 1
326 5
434 2
786 3
624 1
451 4
536 4
884 5
804 5
797 1
527 2
701 1
703 5
34 4
456 4
758 5
33 3
72 2
45 2
122 4
708 1
507 4
101 3
98 5
44 5
945 1
395 3
606 2
699 5
731 2
647 3
483 5
197 2
946 1
965 5
80 5
886 3
562 5
211 5
706 3
663 1
864 3
210 5
866 2
738 2
467 1
88 1
222 3
375 3
361 4
437 3
352 3
796 4
145 2
23 5
987 3
667 2
916 5
197 1
116 4
454 2
868 3
40 2
409 1
837 3
874 2
637 5
106 2
135 3
612 2
492 5
115 3
394 1
523 1
610 4
641 3
303 1
155 3
949 1
867 4
249 2
326 1
117 2
296 4
787 2
661 1
811 2
735 3
812 5
703 3
672 1
476 3
300 2
630 4
84 1
257 5
426 1
961 4
535 4
611 2
143 5
134 4
17 5
806 3
283 3
116 5
72 2
277 3
518 3
632 5
540 4
188 5
164 2
481 1
174 4
680 1
84 1
271 1
12 5
1 3
579 1
238 1
194 1
325 2
329 5
994 1
833 3
604 4
703 1
950 4
194 5
78 5
25 4
970 3
788 5
104 4
704 1
15 5
528 4
706 3
829 1
873 5
936 1
660 5
839 2
984 4
503 1
154 5
425 5
764 5
673 1
16 2
528 3
181 1
508 4
27 2
637 1
137 3
91 1
700 2
64 1
532 4
741 3
835 5
885 2
569 4
224 4
872 3
479 1
828 5
336 4
433 4
68 1
917 1
225 5
866 1
28 2
483 4
122 1
644 2
516 3
825 1
290 5
429 1
701 1
596 2
747 2
41 3
512 4
649 2
505 3
496 5
566 1
5 3
577 5
830 2
814 3
890 4
561 2
278 4
961 1
928 1
536 3
223 1
503 3
840 4
522 2
371 2
484 1
239 5
686 3
88 2
509 3
354 5
84 5
574 1
971 4
265 5
781 4
600 5
826 1
658 4
467 2
859 3
520 2
866 4
898 5
192 2
635 2
884 4
860 2
63 3
784 1
670 2
662 3
700 4
747 3
363 3
16 2
312 1
115 2
585 1
166 2
357 5
24 1
448 5
699 5
323 3
532 5
742 2
468 4
333 2
56 1
488 3
283 4
609 3
550 3
185 2
321 1
618 3
458 3
574 2
835 3
861 3
96 4
909 3
234 4
820 5
478 5
747 4
248 1
485 4
265 2
527 5
52 2
577 3
543 1
237 3
440 3
42 1
505 2
418 3
680 1
524 2
522 5
909 5
982 1
433 1
712 1
884 5
712 1
485 3
296 4
605 5
791 5
189 5
318 3
559 2
60 4
961 2
349 5
769 2
27 4
12 2
114 1
719 5
715 5
549 1
517 1
187 2
708 1
141 1
111 4
269 1
566 1
663 3
237 3
195 5
976 4
905 1
94 2
695 3
134 1
978 4
954 1
414 4
355 1
663 4
580 2
616 3
795 5
806 3
660 3
435 5
883 4
113 5
266 2
560 3
177 1
445 2
921 4
600 2
250 3
687 3
122 1
838 2
393 5
708 5
305 4
665 3
791 3
754 4
813 4
941 2
161 3
942 2
954 2
114 2
645 5
573 4
680 3
865 2
77 3
608 2
555 5
480 2
650 3
481 5
833 2
266 2
738 4
603 5
926 3
660 1
456 5
41 4
392 1
125 1
932 4
434 2
394 4
639 1
532 1
41 4
565 5
159 4
632 1
863 3
670 1
142 5
166 3
497 1
242 5
835 4
499 1
320 3
564 3
470 3
590 1
579 5
615 4
840 2
535 4
570 5
372 3
243 2
205 5
282 2
327 1
586 2
267 5
95 4
758 4
219 4
400 4
570 1
944 3
125 5
226 3
319 4
335 5
409 1
140 3
62 3
978 3
736 5
416 1
139 3
133 2
880 4
382 1
598 1
612 1
917 3
295 5
650 4
204 4
172 2
778 1
251 1
932 2
165 2
633 5
98 3
282 4
119 1
822 2
660 5
36 2
939 2
896 4
714 3
842 3
294 3
63 3
460 1
359 3
608 2
769 2
87 4
702 1
1 1
624 2
122 5
463 2
905 4
118 3
910 4
636 2
416 5
371 4
188 2
702 4
735 3
700 2
358 4
853 2
870 5
514 5
226 4
902 2
896 1
796 5
749 3
125 5
631 2
247 3
876 2
70 5
902 1
148 5
580 2
272 1
311 5
623 5
960 3
293 3
308 4
468 5
189 2
880 3
999 1
281 5
539 5
455 4
906 5
452 1
825 1
627 1
567 3
737 4
340 4
636 3
912 3
652 2
838 2
249 1
145 2
186 1
710 5
660 2
745 5
550 3
846 2
298 3
861 4
480 5
373 2
62 1
773 5
472 4
313 5
731 5
361 5
561 3
697 3
682 4
374 1
73 4
780 2
757 4
513 1
387 3
354 3
898 5
477 5
603 2
262 2
844 4
14 5
581 4
982 2
347 5
451 4
787 2
724 2
423 4
878 5
345 3
830 4
749 5
967 1
682 1
102 5
627 4
483 5
756 3
967 5
703 5
433 2
536 1
564 4
645 3
983 5
235 1
27 3
79 1
363 3
984 4
296 5
396 1
178 4
387 5
178 3
920 1
742 5
530 1
604 2
124 5
461 4
18 2
937 4
655 4
881 5
340 4
766 5
207 4
611 5
594 4
516 4
129 1
297 4
596 3
285 2
188 5
153 5
180 2
201 1
692 3
607 5
928 3
465 5
636 2
219 4
502 5
404 2
91 1
148 4
665 1
402 3
385 4
706 2
293 3
854 2
345 3
387 1
985 3
784 2
347 2
468 3
102 4
879 5
518 2
192 5
142 4
725 4
743 1
993 1
106 5
776 3
679 3
132 2
166 3
245 4
486 4
485 1
681 5
24 4
166 3
892 3
190 3
815 3
715 3
145 2
347 5
533 2
504 2
233 3
343 1
311 1
726 3
468 1
455 5
636 3
301 2
791 3
248 5
920 3
764 1
469 5
329 1
217 3
416 1
733 4
831 2
588 3
199 4
944 1
696 5
402 4
971 1
347 2
10 4
797 1
990 2
482 2
327 4
378 3
667 1
4 3
31 4
658 3
799 4
728 3
875 4
150 1
302 4
153 1
501 3
49 4
478 4
612 4
595 1
738 2
986 1
325 3
623 3
349 4
362 1
843 1
294 1
514 1
447 2
272 5
490 2
74 1
392 1
371 2
344 3
955 2
961 4
468 1
212 1
142 2
25 1
722 2
400 4
768 4
741 5
63 2
247 1
820 1
775 5
184 2
654 3
14 5
780 4
652 3
856 2
501 1
97 1
140 3
775 1
258 5
667 4
468 4
309 2
371 1
135 2
505 2
417 4
318 1
65 4
826 4
77 5
608 3
788 2
603 2
682 4
776 3
212 4
633 3
999 5
759 5
515 3
295 1
497 2
732 1
532 1
163 1
662 1
146 2
384 1
156 2
796 2
77 4
344 4
863 3
571 2
737 4
696 1
747 2
534 2
626 5
646 1
898 4
619 3
908 1
332 2
900 1
578 5
716 5
146 4
895 1
343 2
378 3
50 2
267 5
733 5
666 4
236 5
416 2
381 4
118 2
478 2
511 1
35 1
803 1
904 5
546 3
54 5
723 3
250 2
278 1
55 3
210 5
680 4
496 1
145 1
722 5
823 1
28 1
550 2
787 1
823 1
484 3
867 2
29 3
683 1
722 3
595 5
444 3
720 4
419 5
442 2
848 3
499 3
234 3
369 5
199 5
470 4
181 2
246 5
236 5
647 3
490 1
726 3
302 5
615 2
622 5
276 3
274 4
968 2
936 5
241 5
679 3
459 3
668 5
316 5
16 4
873 5
574 5
351 1
586 5
515 2
164 4
788 3
839 3
237 3
593 2
595 3
565 2
503 5
71 3
424 2
807 5
97 1
647 3
961 1
273 4
177 2
757 2
917 2
97 5
298 2
739 3
59 5
990 4
477 2
790 5
90 2
734 1
362 2
896 5
299 4
396 2
512 5
126 4
755 5
6 2
343 4
49 1
810 2
781 1
897 1
319 5
390 4
