116
118
118
118
118
118
118
118
118
118
122
124
124
140
144
144
142
142
150
152
152
154
154
156
156
162
166
172
172
172
172
176
176
176
176
176
180
182
186
186
182
186
186
190
190
196
196
194
194
194
194
194
202
208
230
230
230
240
240
256
256
254
254
254
236
236
266
266
250
252
256
256
256
262
262
262
262
262
262
262
268
268
274
274
276
276
272
270
258
262
248
248
248
246
246
246
254
254
246
240
240
230
232
232
244
244
260
272
272
266
270
270
270
270
262
276
276
286
286
286
284
300
302
288
292
292
308
320
320
320
312
330
326
336
336
336
332
332
328
328
328
328
328
328
328
328
302
312
312
312
318
318
290
290
290
298
306
306
306
326
326
334
328
328
328
340
320
320
320
320
324
340
346
344
344
370
362
374
378
380
404
408
408
416
424
424
420
420
422
422
376
406
406
406
344
350
352
388
388
388
388
388
388
402
420
420
420
438
438
438
404
404
404
402
402
418
398
402
408
408
414
442
442
442
442
442
460
464
438
406
406
406
406
402
408
408
408
408
418
416
374
374
374
374
398
398
370
370
370
370
370
438
438
356
356
344
344
456
456
448
448
446
380
380
380
386
494
458
458
458
444
444
430
444
444
448
474
474
510
510
510
510
608
608
608
608
644
644
600
398
398
422
422
422
442
442
512
512
668
720
720
720
720
720
720
740
740
740
728
728
728
728
752
746
746
608
608
608
608
538
538
538
538
562
552
552
552
556
556
556
556
556
562
562
546
550
550
550
552
618
618
716
716
716
716
714
820
628
856
938
866
954
954
954
790
790
772
730
696
612
718
718
718
718
914
914
914
870
870
870
760
796
926
624
620
620
620
620
620
596
528
508
508
510
510
510
468
468
468
468
468
438
462
456
456
468
468
468
468
468
468
468
468
466
466
466
466
482
490
492
500
492
450
450
450
420
420
460
456
456
456
484
496
500
456
456
466
470
474
474
486
486
530
522
522
674
686
686
686
502
590
598
598
568
580
580
580
574
566
566
566
566
620
620
682
662
676
712
712
554
554
552
552
552
550
530
536
564
638
638
638
650
650
664
680
680
680
680
680
646
636
636
584
584
584
584
604
604
604
604
586
588
588
658
658
658
642
642
638
638
598
598
596
616
636
636
672
672
642
642
712
712
712
718
718
702
702
702
702
702
702
854
854
858
858
784
828
828
912
912
840
852
828
752
752
764
634
626
600
526
542
542
560
598
598
646
652
652
652
652
658
658
658
658
542
542
542
542
770
770
770
770
634
634
784
784
784
776
776
776
776
824
824
836
836
622
602
674
686
650
734
734
734
458
452
454
484
484
484
514
514
494
494
604
604
604
604
604
604
604
604
604
604
548
548
560
562
562
562
562
562
562
562
562
562
502
502
502
468
386
386
386
386
376
376
378
460
424
404
398
406
406
406
488
462
458
458
458
458
460
460
460
492
492
492
596
616
708
708
722
730
692
692
692
630
724
744
744
744
752
752
746
746
746
876
876
876
746
884
788
788
616
596
584
584
586
586
586
586
598
598
556
564
566
566
548
548
548
692
684
646
646
692
692
724
598
800
766
766
766
830
834
980
980
1022
1022
950
950
696
696
600
600
600
600
600
600
600
990
900
990
990
682
682
682
682
682
1002
1002
1002
960
960
1008
1008
1006
700
700
706
706
702
702
702
524
472
472
472
462
462
542
620
606
606
652
652
652
652
652
652
652
652
652
654
654
524
524
524
852
852
604
600
986
986
986
1038
1084
646
646
890
1094
1094
1094
1104
1112
1112
778
780
780
780
780
796
766
766
766
1146
1166
844
828
828
828
828
828
828
828
740
754
754
754
762
1270
1270
1270
1280
1262
1262
1262
1308
1308
1370
1370
800
800
800
800
800
800
1396
1396
1396
1396
1368
1354
970
970
1028
1042
1036
1036
1036
1036
1164
716
716
716
714
714
714
684
708
708
708
708
708
756
760
808
808
808
808
808
808
808
772
820
820
820
812
782
782
622
598
646
646
646
610
610
630
632
632
658
658
630
634
582
596
596
604
514
516
512
552
552
544
544
568
568
602
578
720
736
736
744
648
802
838
838
838
838
868
888
888
888
888
888
888
888
888
758
712
712
712
702
714
714
714
710
710
852
898
906
702
702
690
690
934
934
934
936
936
936
936
936
964
666
666
648
708
708
708
708
708
730
730
730
730
730
714
734
734
734
734
734
772
772
610
608
598
536
618
692
692
646
646
646
666
830
842
698
660
660
588
616
616
752
752
752
772
656
656
710
710
710
710
710
644
644
622
622
622
622
582
582
