122
122
122
128
132
132
132
134
140
140
140
140
140
154
154
162
162
166
176
176
190
194
194
196
196
196
202
202
200
200
224
224
224
224
228
234
234
234
238
238
234
236
236
244
244
244
244
236
252
252
270
276
276
302
302
302
302
310
318
318
326
320
330
330
330
330
324
324
332
332
324
324
280
280
280
262
270
270
270
270
270
270
308
308
308
308
306
306
306
306
306
328
336
336
336
330
336
336
342
348
356
354
354
332
332
336
336
336
336
342
356
356
356
364
364
364
364
364
364
350
360
360
324
324
334
354
354
354
354
356
342
342
342
342
340
336
328
328
336
386
406
406
406
414
394
394
456
456
466
466
466
456
456
412
414
396
386
386
386
376
376
378
384
384
412
366
456
452
452
426
426
426
426
426
426
424
424
424
424
424
442
442
442
464
432
452
450
450
472
420
400
370
370
352
372
372
352
352
352
352
352
352
348
348
322
330
310
310
314
314
314
314
314
314
314
314
314
314
314
318
372
360
360
360
360
360
360
360
364
364
364
364
364
364
364
364
366
366
346
346
346
346
346
342
342
342
350
350
350
350
354
354
354
354
350
370
370
376
376
376
376
376
376
402
402
402
402
406
412
412
408
408
434
434
454
454
454
460
460
458
356
356
356
356
356
358
490
490
490
490
490
490
490
490
558
558
610
610
624
664
644
644
514
514
520
520
520
520
496
496
496
496
496
496
496
496
488
490
490
500
500
504
504
544
542
542
542
552
552
604
624
538
538
526
526
548
548
548
548
548
542
554
554
550
564
562
562
562
562
594
700
650
650
512
512
512
502
502
448
448
332
332
362
376
376
408
522
522
522
550
550
556
538
538
538
554
428
428
428
434
434
498
498
596
596
546
546
546
546
562
538
538
538
542
494
494
478
468
468
526
526
464
530
654
654
660
660
652
682
676
626
654
652
692
682
660
660
636
640
640
640
656
656
656
656
656
520
520
630
526
458
472
472
472
472
472
472
468
624
624
676
816
676
668
832
832
866
898
784
792
640
640
640
622
622
622
498
508
502
502
594
594
510
502
502
604
604
542
542
630
596
596
562
556
556
574
574
574
574
574
574
574
518
498
510
528
528
526
516
516
540
540
540
518
576
560
582
582
624
624
624
576
576
480
480
452
452
456
536
536
536
536
536
548
548
526
526
526
514
514
514
516
516
506
526
538
538
538
538
538
538
538
538
538
526
526
472
472
472
472
472
472
472
438
446
446
434
434
452
516
530
568
582
582
582
582
582
582
562
562
562
562
524
518
518
518
518
518
518
522
522
516
516
516
500
488
488
488
480
508
508
508
508
508
530
464
464
464
548
558
558
558
568
556
538
538
480
506
566
598
598
598
598
510
510
510
518
518
518
518
524
524
504
498
496
496
542
542
542
542
542
542
580
588
588
616
616
616
616
598
598
598
598
598
614
610
610
582
588
588
588
588
556
556
564
564
556
556
556
556
556
532
570
570
526
546
546
634
634
634
648
648
652
624
624
624
624
624
624
642
642
642
644
644
644
644
664
664
676
512
530
466
466
550
550
570
614
614
528
528
528
528
528
564
574
508
504
478
530
516
516
540
540
540
482
488
488
504
476
496
496
496
496
496
494
450
442
442
430
430
430
430
430
430
430
390
390
390
390
390
390
390
408
408
408
418
418
486
486
452
448
446
410
454
400
400
404
388
428
428
432
432
438
440
556
582
582
582
600
600
600
876
876
614
614
614
614
614
614
578
578
578
580
580
566
566
560
584
584
584
590
590
608
624
628
628
600
600
600
594
652
602
602
546
546
462
472
534
534
556
542
542
542
542
556
584
590
590
604
766
766
788
788
788
736
750
756
766
766
962
610
542
542
410
410
414
414
446
446
402
402
408
420
420
420
420
420
434
434
454
454
480
446
516
672
672
672
560
554
554
470
464
464
464
484
484
490
498
520
540
572
572
596
596
602
654
664
704
652
652
642
612
632
662
662
662
666
666
666
680
670
670
718
718
718
756
756
758
758
754
754
666
666
772
772
772
778
778
778
778
550
550
522
522
596
596
596
622
636
582
638
678
678
630
614
614
668
668
668
668
668
668
548
526
526
532
532
532
532
618
618
618
596
596
596
594
594
582
574
574
574
574
620
620
562
562
562
562
640
640
640
640
640
644
648
658
640
650
650
672
672
672
820
820
820
648
648
648
648
648
506
506
506
832
904
904
926
934
852
852
852
852
658
868
868
868
864
864
864
858
662
662
662
662
664
664
966
966
966
1050
