100 300 2000
160 145 195 209 47 117 226 221 75 262 236 88 6 193 100 280 178 265 17 81 114 73 159 70 249 245 279 26 129 266 164 253 269 168 50 299 190 169 242 207 83 118 20 281 113 122 167 99 109 294 106 289 91 36 96 45 74 58 180 125 12 29 150 152 15 217 77 284 16 171 4 219 144 204 238 38 67 206 230 18 40 223 257 149 165 66 287 126 31 268 298 137 166 87 232 181 210 5 264 260
1
0 74 71
0 207 107
0 167 41
0 17 30
1
1
1
0 91 42
0 75 17
0 289 285
0 221 167
0 257 123
0 264 101
0 20 124
1
1
0 219 127
1
1
1
1
1
1
1
0 195 19
0 15 146
0 269 286
0 83 282
1
0 180 243
1
1
1
0 280 59
0 126 244
1
0 58 20
1
0 19 97
0 210 172
1
0 150 267
1
0 267 233
1
0 165 227
0 281 27
0 97 128
0 236 51
0 122 288
0 4 52
1
0 129 102
1
1
1
0 29 78
0 113 239
0 31 19
0 266 173
1
0 178 289
0 96 174
1
1
0 101 53
1
0 114 28
1
0 249 7
1
0 169 8
0 193 126
0 117 48
0 149 147
0 102 224
0 286 29
0 282 37
1
0 238 54
1
0 146 55
0 109 56
0 144 138
1
1
0 40 74
0 204 246
0 37 57
1
0 57 72
0 294 9
1
0 230 247
1
1
0 137 57
0 299 169
1
0 152 248
1
0 245 225
0 16 139
1
1
1
0 239 31
1
0 172 140
1
1
1
1
1
1
0 126 60
0 107 58
0 190 10
0 232 21
0 81 61
0 8 290
1
0 61 62
1
0 57 245
0 71 101
0 290 102
1
0 174 119
1
1
1
0 31 234
1
0 45 46
0 60 228
1
1
0 279 172
0 166 107
0 123 269
0 10 37
0 29 108
0 119 103
0 244 270
1
1
0 234 79
0 268 80
1
1
1
1
1
0 37 57
1
1
0 245 75
1
0 80 104
0 145 174
1
1
1
1
0 285 148
0 171 80
1
1
0 107 170
1
1
0 62 29
0 160 81
0 103 254
0 118 107
1
0 265 22
1
1
1
1
1
0 128 76
0 46 149
0 78 23
0 7 60
1
0 99 31
0 107 24
1
1
1
0 140 229
1
1
0 127 263
1
1
1
1
1
1
0 5 165
1
1
0 206 255
1
1
1
1
1
0 173 230
1
0 36 78
0 80 256
0 30 32
0 262 61
1
1
0 248 25
1
1
0 41 80
0 79 173
0 57 182
1
0 12 33
0 173 82
0 254 248
1
0 75 210
1
1
0 263 30
1
0 72 10
0 102 57
1
1
1
1
1
1
1
0 20 34
1
1
0 172 43
0 288 89
1
1
0 58 35
0 233 75
1
1
0 100 62
1
0 33 36
0 43 20
1
0 169 33
1
0 50 109
1
0 147 257
0 22 140
1
1
0 287 249
1
1
0 226 107
0 225 79
1
0 149 211
1
1
0 253 105
1
0 73 271
0 21 290
0 269 37
1
1
0 67 68
1
1
0 27 212
1
1
1
1
1
1
1
0 32 166
1
1
0 25 49
0 33 231
0 298 232
1
0 18 169
1
0 17 250
0 9 63
0 59 171
1
1
1
0 211 27
1
0 57 172
0 29 57
0 212 64
1
0 48 11
1
1
0 77 173
0 30 83
1
0 139 251
0 107 25
1
0 81 291
1
0 10 21
0 109 233
1
1
0 64 258
0 159 84
0 61 252
0 246 234
1
1
0 89 39
0 37 81
0 140 175
0 24 235
0 257 236
1
1
0 39 85
1
1
1
0 60 58
1
0 171 237
1
1
1
0 75 253
1
1
0 34 107
0 104 109
0 168 43
1
0 167 50
0 230 254
1
0 21 86
0 174 32
1
1
0 108 171
0 38 257
0 78 59
1
1
0 59 89
0 58 48
1
0 48 259
0 124 261
1
1
1
1
0 229 262
1
0 84 7
1
0 19 183
1
1
0 270 84
0 209 238
1
0 28 174
0 50 239
1
0 83 263
1
1
1
0 20 264
1
1
1
1
1
1
1
1
1
0 106 265
1
1
0 171 184
0 181 266
0 49 267
1
1
1
0 52 24
0 125 292
0 68 28
1
1
0 247 29
0 257 90
0 183 244
1
0 244 58
0 228 59
1
1
0 63 257
1
1
1
0 76 71
0 28 268
0 31 269
1
0 265 106
0 26 171
1
1
1
1
0 166 44
0 234 60
0 236 211
1
0 237 293
0 138 185
0 101 63
0 269 61
0 36 91
0 71 294
0 29 265
0 7 166
1
1
1
1
1
0 268 71
0 294 244
1
0 57 33
1
0 171 26
0 54 64
0 82 240
1
1
0 164 92
1
0 256 268
1
1
1
0 35 234
1
0 86 285
1
1
0 235 45
1
1
0 292 167
0 172 286
1
0 90 176
1
1
0 53 168
0 239 186
0 174 108
1
1
0 81 65
0 227 81
1
1
1
0 252 171
1
1
1
0 248 67
1
0 176 172
0 167 187
0 186 252
1
0 271 52
1
0 61 86
0 211 183
1
1
1
0 165 34
0 233 176
1
1
1
1
1
0 243 186
0 87 294
0 294 243
1
0 55 110
1
0 254 239
0 67 269
0 286 82
1
0 11 111
1
0 106 233
1
0 42 188
0 266 245
1
0 63 177
0 258 28
0 45 241
0 110 45
1
1
1
0 267 87
0 241 218
1
1
1
0 33 35
0 168 61
1
0 61 189
0 185 29
1
1
0 238 7
0 43 90
0 86 46
0 231 174
1
1
1
0 253 254
0 232 253
1
1
1
1
0 56 178
0 263 61
0 262 185
0 265 179
1
1
1
0 249 8
1
1
1
0 179 235
1
1
1
0 64 67
1
1
0 81 292
1
1
0 185 75
0 29 36
1
1
1
1
1
0 46 179
1
0 34 86
0 224 246
1
1
0 183 258
0 289 224
1
1
0 179 180
0 264 262
0 255 236
1
1
1
1
1
0 8 286
1
1
0 234 149
1
1
1
0 176 63
0 243 53
0 25 37
0 89 179
0 260 150
1
0 63 243
1
0 177 63
0 111 72
0 258 68
1
1
1
1
1
1
0 150 54
0 290 73
1
0 240 237
0 70 29
0 149 181
1
1
1
0 175 76
0 88 190
1
0 239 64
0 105 255
0 291 294
0 174 225
0 184 260
1
1
0 243 174
1
0 182 38
1
0 251 69
1
1
0 51 55
1
0 58 77
1
1
1
1
1
1
0 76 56
0 7 76
0 79 219
0 268 287
0 284 243
0 257 70
0 75 57
0 84 220
0 92 288
0 250 75
0 107 78
0 69 263
1
0 178 191
0 261 69
1
1
1
1
0 237 58
1
0 217 226
0 77 79
0 244 30
1
0 188 77
0 174 31
0 262 244
0 79 33
1
0 91 25
1
0 69 182
1
1
0 166 34
0 72 69
0 76 88
1
0 253 227
0 60 72
0 82 256
0 293 60
0 170 270
0 179 39
0 173 211
0 47 289
0 28 76
0 61 40
1
0 227 61
1
0 86 79
1
1
0 67 183
1
1
0 39 67
0 108 39
1
1
1
0 78 46
1
0 52 192
0 56 78
1
1
1
0 189 261
1
0 235 41
0 55 227
1
0 23 81
0 287 247
1
1
1
1
0 233 248
1
1
0 288 82
0 34 89
0 39 249
1
1
1
1
0 27 83
1
1
0 236 84
0 60 86
1
0 259 34
0 172 91
0 256 221
1
0 41 39
1
0 192 92
0 75 55
1
0 186 250
1
1
1
1
1
1
0 270 93
0 68 251
0 45 41
1
0 227 60
0 70 94
1
1
1
1
0 109 149
1
0 248 42
0 252 95
0 286 68
0 74 70
0 71 170
1
1
1
1
1
1
0 285 71
0 87 222
0 85 74
0 88 192
1
0 245 43
1
1
0 223 184
0 226 87
1
1
0 243 45
1
0 46 75
0 34 85
0 184 56
0 260 295
0 43 88
0 255 184
0 295 290
1
0 225 96
0 184 97
1
1
1
1
0 44 27
1
0 56 98
1
1
1
1
1
0 251 223
1
1
0 70 43
1
0 90 44
1
1
0 222 70
1
0 26 90
0 81 99
0 88 100
0 61 88
1
0 25 150
0 97 81
0 93 212
1
1
1
1
1
0 290 172
1
1
1
0 223 93
1
0 250 34
1
1
0 212 188
1
1
1
1
0 191 56
0 93 151
1
0 68 93
0 34 61
0 150 97
1
0 59 68
1
1
0 96 46
0 79 96
0 46 79
1
1
0 36 101
1
1
0 39 295
0 99 102
0 89 34
0 44 36
1
1
1
0 192 99
1
0 97 59
0 24 89
0 218 97
0 66 245
1
0 247 222
1
1
1
1
0 38 103
1
1
1
0 188 104
0 103 191
1
0 40 173
0 74 103
0 220 174
0 172 296
0 96 38
0 295 66
0 79 74
0 56 96
1
1
0 102 220
1
1
1
0 174 102
1
0 37 79
1
0 31 105
0 45 106
1
1
0 62 107
1
1
0 81 108
1
0 94 223
0 65 255
0 59 184
1
1
0 244 37
1
0 83 264
0 223 150
1
1
0 249 94
0 79 293
0 88 174
0 94 175
1
1
1
1
0 90 88
0 255 31
0 35 109
0 98 270
0 60 152
1
1
1
1
0 96 110
1
0 102 153
1
1
0 174 176
0 71 223
0 170 247
0 66 188
1
1
0 97 185
1
1
0 175 35
1
1
1
1
1
1
1
0 54 111
0 219 39
1
0 33 112
0 294 113
1
1
1
0 190 102
0 184 40
0 42 114
1
1
0 114 90
0 35 56
1
1
0 263 44
0 53 154
0 64 79
1
0 176 184
0 264 71
1
0 110 94
0 93 212
1
0 183 255
1
1
1
1
1
1
0 27 294
0 82 155
1
1
0 80 42
0 87 110
0 222 96
0 269 33
1
1
1
1
1
0 173 97
1
0 246 98
0 69 114
1
0 169 115
1
1
0 98 116
1
1
1
1
1
1
0 63 248
1
1
1
1
0 79 62
0 107 79
1
1
1
0 106 107
1
1
0 40 256
0 153 225
1
1
0 90 40
0 154 246
1
1
1
1
1
0 92 213
1
0 68 153
1
1
0 150 214
1
0 151 183
1
1
0 89 80
1
0 103 290
1
0 95 59
1
0 114 215
0 261 114
1
0 44 81
0 96 271
0 94 35
1
1
0 224 154
1
1
0 37 44
0 108 117
1
0 213 37
0 191 216
1
1
1
0 225 87
1
0 216 89
1
0 74 186
0 181 249
0 102 90
0 37 82
0 292 213
1
1
1
1
0 36 118
1
1
1
0 246 181
1
1
1
0 105 83
1
0 171 92
1
0 211 257
1
0 210 189
1
0 107 258
1
1
0 271 60
0 182 93
0 189 63
0 85 45
0 114 36
1
0 289 37
1
0 76 64
0 117 65
1
1
0 153 46
1
1
1
1
0 185 189
0 64 66
0 184 216
1
1
1
1
0 87 7
0 183 102
1
0 181 217
1
1
1
1
1
1
0 37 47
0 255 259
0 63 74
1
0 42 295
1
0 88 297
1
0 102 298
1
0 32 271
0 152 299
1
1
1
0 75 156
0 254 0
1
0 187 63
0 256 114
1
1
1
0 80 94
0 57 42
0 31 117
0 45 75
0 290 45
0 270 218
1
0 259 150
1
0 218 37
1
0 258 31
0 111 48
1
0 48 49
0 101 48
0 62 151
1
0 150 157
1
1
0 45 62
1
0 248 1
1
1
1
1
1
0 180 45
1
0 39 190
1
0 112 76
0 84 85
1
0 46 152
1
1
1
0 0 218
1
1
0 77 84
1
1
1
1
1
1
1
1
1
1
0 35 219
0 215 119
1
1
1
0 186 101
0 190 158
0 148 39
1
0 84 46
1
0 109 50
1
0 297 51
1
0 85 32
1
0 48 215
1
0 155 258
0 249 48
0 63 297
1
0 50 63
0 82 105
0 212 82
0 219 95
1
1
1
1
1
0 43 159
0 296 219
0 189 102
1
0 47 57
1
1
0 215 64
1
0 118 68
0 78 69
0 40 272
1
0 219 259
1
0 157 0
1
0 97 153
0 156 8
0 6 2
1
1
1
1
0 94 155
0 159 35
0 75 77
1
0 90 103
1
1
1
1
1
1
0 49 106
0 68 40
1
1
1
1
1
1
0 35 68
0 51 84
1
1
1
0 42 43
0 155 107
0 257 222
0 119 42
0 39 155
0 38 156
0 67 75
0 214 85
0 85 150
1
1
0 213 3
1
1
0 57 224
0 82 78
1
1
1
0 65 111
1
1
0 91 80
1
1
1
1
1
0 33 94
0 259 96
0 83 65
0 101 108
0 114 38
0 7 39
0 58 47
0 224 82
0 116 49
1
0 42 50
0 68 296
1
0 272 33
0 100 83
0 99 51
0 56 159
1
1
0 220 67
1
1
0 151 68
1
0 74 4
1
0 36 219
0 154 85
1
1
0 158 160
0 271 52
0 44 243
1
0 108 97
1
1
1
0 104 74
1
1
1
0 52 220
0 74 87
0 94 56
0 103 74
1
0 295 88
1
1
0 82 154
1
0 299 224
0 150 90
1
0 2 112
0 296 52
0 243 244
0 298 44
0 217 91
0 95 42
1
0 60 157
0 75 53
0 219 60
1
1
1
0 33 75
0 247 158
0 111 246
0 37 82
0 78 189
1
1
1
1
1
1
1
1
0 52 225
0 70 94
1
0 107 98
0 102 70
0 69 95
0 160 219
1
1
1
0 65 2
0 80 52
0 246 247
0 51 78
1
0 222 35
1
0 56 99
0 49 51
1
1
0 113 80
0 83 100
1
0 48 65
1
0 159 222
0 43 48
0 38 43
0 100 190
1
0 35 100
0 94 69
1
0 48 243
0 70 94
0 79 295
0 221 33
1
1
1
0 65 101
1
1
0 96 54
1
0 81 56
1
1
1
0 93 65
0 80 83
1
0 154 93
0 62 102
1
1
0 43 79
1
1
0 0 70
0 47 221
0 69 62
1
0 42 5
1
0 245 226
0 153 116
1
1
1
1
1
1
0 88 227
0 101 69
1
0 110 96
0 87 118
1
0 227 57
0 156 103
0 52 191
1
1
1
0 98 101
1
0 115 42
0 224 87
1
0 78 224
1
0 39 6
0 68 78
1
0 76 192
0 33 107
0 152 88
1
0 82 227
0 105 217
1
0 95 43
0 295 76
0 107 35
1
0 227 228
1
0 70 227
1
0 118 193
0 63 95
1
1
0 51 33
1
1
0 93 229
1
1
1
0 43 230
1
1
0 5 93
1
1
0 242 104
0 31 80
1
1
1
1
0 66 47
1
0 149 295
0 85 81
0 227 105
0 216 245
0 192 31
0 102 85
0 229 231
0 84 118
1
1
1
0 64 36
1
1
0 72 70
1
0 95 37
1
0 220 246
0 297 38
1
0 3 95
1
0 44 43
0 85 48
1
1
1
0 57 39
0 104 82
1
1
1
0 55 119
1
1
1
1
1
1
1
0 224 107
1
1
1
0 50 98
0 71 296
1
1
1
0 61 63
0 54 120
0 245 192
0 78 84
0 112 44
1
0 101 108
0 86 101
0 98 5
0 105 297
0 244 109
1
0 67 227
0 41 98
0 227 121
0 228 122
1
0 107 102
0 121 156
0 53 9
0 35 49
0 155 104
1
0 230 227
1
1
0 117 159
1
0 188 298
1
1
0 258 105
1
0 243 85
0 108 224
1
1
1
1
0 56 228
1
0 29 299
1
1
1
1
0 34 220
1
0 295 41
0 298 229
1
0 79 295
0 46 78
1
1
1
1
1
0 219 107
0 76 230
1
0 295 108
1
0 83 110
1
1
0 2 10
1
0 40 111
0 84 160
0 111 112
1
1
0 223 232
0 94 161
1
1
1
0 102 111
1
1
0 80 11
0 217 40
1
0 85 79
0 78 61
0 79 46
0 61 113
1
1
1
1
0 246 233
0 77 194
0 36 121
0 93 295
1
1
0 113 50
0 5 102
0 101 71
1
1
0 1 234
0 43 12
0 100 113
0 59 51
0 224 13
1
1
0 81 100
0 228 114
0 113 115
1
1
0 6 123
0 297 43
1
1
1
0 190 124
0 230 223
0 63 14
1
0 96 113
1
0 90 52
0 222 117
1
0 115 162
0 62 235
0 33 115
0 52 236
0 232 52
1
1
0 235 125
0 158 53
1
1
1
0 162 163
1
0 9 126
0 97 232
0 71 195
1
1
1
0 14 15
0 293 14
0 12 54
0 8 96
1
1
0 100 76
0 236 77
0 125 127
1
0 163 125
0 74 297
1
0 40 162
0 117 224
1
0 229 55
0 82 16
0 111 222
0 95 90
1
0 53 248
0 109 298
0 77 128
1
1
0 298 109
0 128 111
0 73 33
1
1
0 13 128
1
1
0 120 129
0 116 228
0 299 34
1
1
1
0 60 116
0 108 229
1
1
0 222 298
1
1
1
1
1
0 44 158
1
1
1
1
0 228 196
0 127 12
0 126 117
0 160 66
1
0 189 197
0 128 249
1
1
1
0 224 126
1
0 38 198
0 31 120
1
0 114 77
1
1
0 233 299
1
0 162 250
0 121 199
1
0 225 121
1
0 16 56
0 111 114
0 250 251
1
1
1
1
0 232 35
0 49 160
1
1
1
1
0 14 162
1
1
1
1
1
0 193 108
0 47 93
1
1
0 115 57
0 197 222
0 156 94
0 93 97
1
0 43 127
0 35 232
1
1
1
1
0 114 128
0 90 228
1
1
1
0 39 230
0 50 78
0 11 67
0 91 79
0 105 58
0 297 130
0 76 80
1
1
0 80 105
0 159 16
0 58 200
0 195 163
1
0 125 159
1
0 232 100
1
0 65 125
1
1
0 295 164
1
0 296 68
1
0 99 71
0 67 111
0 230 114
0 124 131
0 37 31
0 110 58
0 10 90
0 161 165
0 68 197
0 66 124
0 106 91
0 192 132
0 120 230
1
1
0 71 93
1
0 32 133
1
1
0 79 224
1
0 218 232
1
0 15 71
1
0 223 225
1
0 196 120
1
0 104 95
1
1
1
1
1
1
1
0 229 79
1
1
1
0 191 110
1
1
0 129 134
1
1
0 231 13
1
1
0 98 250
0 118 166
0 30 98
1
1
