194
166
166
166
222
222
232
232
232
232
232
232
232
250
250
250
250
234
240
228
236
228
220
222
222
222
234
250
250
246
250
254
282
288
300
300
314
324
334
334
350
362
342
342
342
352
346
346
346
346
346
346
398
376
334
334
334
334
326
336
336
312
312
316
316
316
316
316
356
356
356
366
366
366
366
366
366
366
366
376
386
386
386
386
386
416
428
428
428
436
436
438
438
438
438
438
438
438
438
442
442
442
442
442
450
480
480
564
564
480
476
448
448
558
630
630
630
630
630
630
630
546
546
546
546
526
526
530
558
682
670
496
496
502
502
524
526
526
544
578
578
576
576
464
464
464
464
464
464
464
412
412
414
426
446
446
446
454
456
452
452
452
456
438
450
450
456
456
498
498
510
510
510
524
466
466
466
472
472
456
468
508
508
552
552
572
610
610
610
610
636
568
570
570
650
652
616
616
616
650
650
650
650
650
650
650
650
650
680
680
730
730
730
738
738
502
518
518
734
734
734
794
636
636
636
636
592
810
810
810
810
810
766
700
686
686
698
506
506
506
520
482
482
480
480
468
452
452
476
476
506
506
506
480
480
480
492
506
508
484
484
484
478
478
478
478
478
474
482
482
494
482
416
410
410
410
392
392
392
392
366
366
410
410
410
428
428
428
428
482
482
482
474
474
474
458
458
458
458
458
462
462
418
418
418
418
418
428
470
470
472
472
458
458
458
458
458
458
458
450
450
450
332
336
344
344
344
344
344
344
362
372
372
372
370
452
452
448
446
450
450
450
440
440
440
440
440
440
486
692
692
692
692
980
876
990
1040
688
688
856
708
1058
1158
1158
718
718
1162
1162
1162
1006
918
918
918
916
942
976
976
976
976
988
988
938
938
938
938
984
984
1146
1260
1300
824
838
838
838
838
838
838
816
888
888
888
888
890
946
946
946
946
946
946
854
890
890
850
850
910
2058
2222
2222
2222
2222
2226
1974
1974
1974
1974
1974
1992
1992
1198
878
878
1408
982
1246
1246
1246
1246
1246
1250
1250
1250
1502
1642
1642
1640
1640
1640
1640
1424
1476
1944
1944
1944
1944
1988
1988
1168
1168
1168
1246
1668
1668
1668
1668
1668
1722
1722
1722
1650
1298
1298
1172
1172
1172
1306
2466
2626
2626
2176
2176
1204
734
734
752
704
704
604
604
604
604
540
540
540
540
556
496
496
408
408
418
418
470
470
470
470
470
470
470
490
456
456
456
580
580
588
588
628
744
638
618
618
618
618
618
618
636
636
702
702
702
702
702
708
836
878
878
734
734
734
734
734
734
736
736
736
736
560
560
560
564
564
490
490
530
530
530
530
530
534
542
542
528
546
546
564
538
536
546
676
676
680
680
550
674
674
674
688
694
544
544
544
544
548
548
548
564
564
564
722
756
744
762
770
770
570
728
722
722
746
746
746
746
704
704
704
704
686
694
694
694
694
694
694
528
480
478
482
458
458
458
452
486
486
486
526
526
622
608
624
620
620
510
506
506
506
506
506
634
486
524
472
472
472
482
482
458
458
458
458
458
458
458
458
458
458
440
440
440
500
564
590
592
612
564
672
580
580
580
580
580
490
508
508
546
760
742
734
748
748
748
748
720
734
734
734
734
734
734
622
622
622
622
622
622
712
712
712
604
604
610
610
592
592
592
564
564
610
610
610
610
610
728
634
722
722
732
732
1036
694
716
716
702
700
700
700
1092
1092
1092
1150
1240
1240
874
896
1080
864
864
864
1022
1022
1022
1022
1022
1022
1022
1022
814
952
952
952
846
810
808
808
802
836
832
1016
764
764
764
730
730
594
600
600
600
648
638
638
606
606
690
692
706
706
706
706
706
706
836
910
870
870
870
828
798
760
604
674
700
712
690
698
732
732
758
758
676
676
676
674
674
764
764
760
760
760
760
756
614
614
614
626
626
594
546
524
578
560
560
560
688
688
688
684
684
684
684
684
684
684
666
666
666
770
770
770
868
762
672
674
676
676
668
668
668
742
782
782
782
782
796
798
798
798
798
860
952
880
880
880
880
880
876
946
970
970
972
920
920
606
606
606
498
498
556
660
660
660
660
678
678
690
690
622
622
560
560
686
686
686
678
754
1006
1012
1012
1052
1052
1052
1046
1080
1080
1080
1098
1098
1016
1150
702
672
602
602
718
718
732
732
692
692
692
614
614
576
576
576
576
576
534
534
534
534
502
516
516
516
512
672
522
522
522
460
538
592
592
592
592
576
576
576
576
586
586
586
586
586
588
588
474
488
488
488
488
522
522
522
516
516
532
442
438
552
552
560
576
464
464
486
494
494
498
510
512
528
658
718
718
718
718
718
718
718
676
676
676
714
714
584
584
580
580
536
536
