224
232
232
232
232
238
238
256
264
268
270
270
270
270
272
266
266
262
266
280
290
290
290
284
284
284
302
302
304
304
310
310
310
310
316
314
314
314
318
332
332
332
320
324
336
336
344
344
336
336
336
336
312
358
348
354
354
374
378
392
392
422
408
416
408
408
454
470
464
464
464
464
494
494
494
522
596
596
596
596
654
654
626
594
594
476
476
476
476
566
566
566
566
566
498
502
500
500
506
506
506
506
506
512
512
512
512
528
528
528
528
528
536
536
536
534
534
560
558
568
568
568
502
576
586
586
588
594
566
566
566
548
450
450
432
432
550
556
750
750
750
750
750
532
490
490
490
658
778
620
620
620
628
924
924
940
822
822
822
822
822
822
832
912
600
612
638
640
1016
880
880
880
880
880
882
730
504
1024
1016
930
930
930
930
880
556
556
550
550
708
544
544
544
544
544
544
802
806
1334
1334
1334
1336
1342
1342
738
714
1354
1358
866
866
866
866
866
866
866
692
566
566
566
556
556
554
554
542
542
542
542
610
562
562
1124
1158
1158
1158
996
644
596
576
656
664
664
664
618
618
618
668
668
538
538
584
584
510
518
482
482
482
482
490
490
468
468
574
624
624
668
668
668
668
690
690
690
690
690
690
686
686
692
770
740
766
766
624
624
616
616
566
506
506
506
506
506
506
514
514
434
434
432
496
496
488
416
416
568
568
566
566
568
728
728
726
594
594
594
582
596
556
562
684
638
638
642
696
726
728
896
896
896
896
896
896
896
896
896
870
870
886
882
960
812
812
832
754
754
754
754
1108
1108
1108
1442
1442
686
686
620
944
944
684
684
718
718
822
896
958
820
710
922
922
922
794
688
688
686
706
896
1052
1052
1148
1208
1208
1208
1246
1160
1240
1240
1240
1330
1330
1330
1330
1370
1370
1322
1322
1322
1052
1052
982
982
1024
954
1062
1062
1062
1062
2130
2130
2130
1554
968
968
968
968
968
968
1196
1646
1160
1160
1160
1310
1310
1310
1310
1310
1274
1274
1274
2206
2206
2206
1444
1242
1242
1242
1256
2106
2106
1484
1484
1406
1406
2864
2164
2164
2164
2164
2164
2164
2164
2164
1580
2164
1354
1354
1746
1746
1746
1746
2052
1306
1352
1352
978
1266
1266
1266
1282
1260
1260
1116
1116
1116
1224
1240
1240
760
760
760
760
728
728
810
806
1266
910
910
910
910
842
734
734
734
734
800
850
850
694
658
646
678
678
678
672
672
666
666
630
630
658
678
678
678
678
678
678
658
796
796
816
816
762
832
832
774
774
774
792
792
792
812
812
812
808
724
686
726
728
728
728
618
690
690
710
710
572
584
584
584
584
572
536
536
536
536
586
764
764
764
764
772
638
662
634
634
634
634
616
616
540
552
552
690
690
690
690
690
700
532
550
566
568
568
562
482
478
478
478
478
478
556
560
520
532
532
618
618
618
618
832
832
784
784
784
756
770
888
888
708
708
708
708
708
708
740
740
740
760
760
778
778
778
778
766
762
672
672
656
656
656
624
624
624
618
618
660
1102
1102
1102
710
1142
952
952
806
814
830
830
830
870
848
848
850
850
850
606
650
678
678
678
678
848
848
848
550
568
568
546
544
544
544
564
564
564
564
564
744
756
742
754
754
756
756
908
908
908
904
906
790
790
862
862
922
1100
1106
1126
1126
744
632
638
642
640
640
640
638
638
670
670
670
670
594
594
594
550
550
712
712
770
770
770
770
734
734
734
696
696
754
754
754
772
772
772
758
758
734
642
642
642
642
642
624
624
624
624
612
612
612
612
612
612
628
628
594
564
572
578
578
596
596
616
562
562
574
574
574
588
564
570
624
722
674
918
932
932
932
932
666
666
666
666
666
686
646
646
646
584
658
498
496
496
536
536
536
494
494
494
474
460
480
480
482
500
500
508
500
500
500
500
500
526
514
514
514
560
560
562
562
576
770
770
770
770
520
520
520
556
556
556
556
556
546
562
580
594
594
706
706
676
676
566
566
566
566
484
484
620
620
620
620
620
698
802
836
836
836
632
608
608
608
608
590
590
590
590
590
590
580
604
604
604
604
604
604
606
582
556
556
556
556
576
576
596
596
612
612
612
612
606
606
650
650
650
650
650
626
646
646
646
610
712
712
712
712
662
662
662
662
656
656
656
1002
1002
948
884
884
884
884
884
884
884
884
884
884
964
964
964
964
964
950
960
960
960
1480
1480
1480
1480
1480
1062
1062
1062
1062
1494
872
692
996
996
996
1010
998
1000
1000
1000
1000
992
992
826
826
974
964
762
846
858
858
1014
886
886
886
852
852
852
852
852
934
934
796
914
928
802
802
802
802
724
754
754
774
774
774
784
560
572
582
660
660
660
644
652
652
652
652
660
642
618
618
652
