500 1000 2000
93 391 781 833 578 118 280 257 549 495 678 505 84 798 845 494 613 554 174 996 222 399 252 191 354 96 16 779 356 194 841 384 167 330 679 455 775 132 516 594 989 379 112 269 689 463 796 585 760 327 32 469 263 808 466 605 69 735 981 966 162 571 901 285 844 918 176 233 423 769 264 335 199 710 214 908 577 203 802 184 127 361 110 825 919 923 316 381 377 806 71 179 324 794 159 917 82 599 67 849 965 196 435 195 173 190 921 286 926 230 390 733 430 714 675 704 238 164 803 642 121 221 985 413 992 698 212 323 63 826 406 336 217 588 737 916 215 924 41 321 256 914 637 258 153 158 189 331 373 611 721 452 457 482 185 272 295 138 250 840 880 13 478 431 220 774 976 673 78 485 9 934 587 460 920 723 312 839 261 120 694 659 45 575 941 568 717 53 417 343 380 425 787 347 950 504 42 600 621 907 4 337 145 793 438 444 249 792 521 813 753 318 978 858 403 440 156 146 225 456 415 188 211 113 226 616 520 592 87 682 367 314 899 355 684 757 846 681 528 119 3 248 736 365 398 325 990 824 545 972 658 551 10 739 88 274 537 904 357 79 310 977 666 137 552 370 497 595 18 785 610 980 232 227 648 638 237 645 319 487 389 44 668 818 124 477 291 375 100 570 975 519 758 624 878 768 47 11 691 0 558 348 507 565 86 416 964 701 671 362 567 707 219 631 376 791 74 322 483 754 496 862 814 175 52 709 837 294 703 636 282 627 872 424 591 762 305 332 407 39 498 33 499 341 650 963 205 778 864 223 267 109 693 827 998 439 235 553 868 342 481 995 419 56 459 620 546 641 311 177 634 315 418 997 433 810 128 771 366 522 524 630 301 255 200 172 647 426 884 130 527 956 699 297 625 371 302 178 283 486 853 927 243 111 596 628 816 639 960 329 712 224 531 838 414 702 557 836 59 21 672 432 488 320 955 259 983 715 875 245 515 228 686 822 242 149 405 201 30 590 276 236 750 359 171 722 90 328 154 756 427 443 842 27 502 619 107 832 601 726 943 680 465 764 428 396 831 372 344 759 287 449 131 776 122 241 475 114 346 271 708 31 468 388 573 563 669 598 453 135 664 476 851 511 169 43 181 404 572 540
1
1
1
0 901 523
0 381 711
1
1
0 701 123
0 375 751
1
1
1
0 691 632
1
1
1
1
1
0 399 687
1
0 943 559
1
0 710 674
1
1
1
1
0 371 752
1
1
1
1
0 762 479
1
1
1
1
0 610 429
0 703 1
0 200 251
0 708 755
0 153 326
0 190 640
0 379 204
0 846 597
0 370 229
0 286 253
0 100 254
0 466 284
1
0 242 470
0 174 270
0 482 216
1
1
1
1
1
1
0 359 643
1
1
1
0 261 381
0 511 695
1
1
0 330 125
1
0 376 480
0 996 683
1
1
0 751 345
0 596 115
0 666 70
0 917 317
0 921 905
0 960 873
0 321 358
0 752 685
1
1
0 274 574
1
0 621 231
1
0 316 234
1
1
1
0 302 182
1
0 424 260
0 711 525
1
0 459 541
1
0 810 434
0 0 57
0 86 696
1
1
1
0 684 596
0 872 797
0 324 139
1
0 591 795
0 291 239
0 390 799
1
0 685 458
1
1
0 267 991
1
1
0 524 644
0 264 503
0 619 147
0 941 261
1
1
0 405 979
1
1
1
1
0 672 957
1
1
0 463 420
0 70 126
1
0 222 646
0 683 579
1
0 343 240
0 758 218
0 346 846
0 721 80
0 873 777
0 712 879
0 851 780
0 431 436
0 229 804
1
1
1
0 322 676
1
1
1
0 18 242
0 434 529
0 366 649
0 93 670
1
1
0 736 366
1
0 121 982
1
0 357 788
0 699 89
0 991 81
1
1
1
1
1
0 695 751
1
0 780 324
1
0 693 262
0 972 229
0 456 459
0 778 83
0 507 133
1
0 227 121
0 138 12
0 644 589
1
1
0 563 14
1
0 589 921
1
0 498 593
1
1
0 682 431
1
0 295 489
1
0 659 357
1
1
0 317 244
1
0 154 129
0 238 54
0 80 672
0 997 560
1
0 515 629
1
0 259 286
0 42 206
0 460 922
0 704 967
0 229 909
1
1
1
0 452 854
0 521 644
1
0 205 259
1
0 272 134
0 444 437
1
0 499 843
1
1
0 806 847
1
1
1
0 182 330
0 884 333
0 798 91
0 122 55
1
1
1
0 431 288
1
1
0 31 408
1
0 924 490
0 593 561
0 311 202
1
0 733 92
1
0 715 182
1
1
1
1
1
0 398 770
0 182 229
0 54 264
0 380 431
0 111 828
1
0 849 246
1
1
1
0 457 834
1
0 305 602
1
0 479 289
1
0 495 97
0 577 524
0 714 265
1
1
1
0 433 334
0 678 555
1
1
0 686 848
1
1
0 287 603
0 934 778
1
1
0 638 576
1
1
0 196 849
0 694 569
0 56 433
0 324 441
1
1
1
0 504 75
0 481 338
1
1
1
1
1
1
1
0 169 34
1
1
0 82 442
1
0 179 532
1
1
0 373 192
0 627 247
1
0 645 738
0 239 550
1
1
1
1
0 587 266
0 985 881
1
1
0 263 651
1
0 596 984
1
0 918 772
0 432 471
0 234 495
0 241 924
1
1
1
1
1
0 229 138
1
0 831 15
0 779 234
0 557 140
0 33 809
0 47 835
0 45 373
0 389 665
0 404 359
0 4 421
0 345 432
1
0 478 193
0 286 736
0 554 80
1
1
0 32 141
1
0 541 850
0 772 805
0 826 910
0 486 227
0 549 17
0 332 478
1
0 139 968
1
0 717 779
0 1 238
1
0 955 806
1
1
0 990 434
1
1
1
0 847 710
1
0 905 4
1
1
1
0 67 196
0 330 925
1
1
0 832 460
0 97 281
0 696 136
0 429 424
0 164 54
1
1
1
1
1
0 13 530
0 965 349
1
0 212 382
0 264 392
0 674 928
0 525 339
0 550 139
0 118 604
1
0 595 958
1
0 252 606
0 779 472
1
0 835 635
0 553 917
1
0 216 556
1
1
1
1
0 406 798
1
0 476 263
1
0 529 190
1
1
0 416 752
0 341 758
1
0 314 241
1
1
1
1
0 907 688
1
0 880 652
0 430 389
0 408 116
0 590 761
0 771 807
1
1
0 822 368
0 775 179
1
1
0 828 429
0 842 607
1
0 365 456
0 115 444
1
0 579 457
0 240 553
1
1
1
0 753 674
1
0 326 779
1
1
0 384 142
0 647 363
0 88 985
1
0 985 815
0 91 579
1
1
0 752 847
0 839 633
1
1
1
1
0 235 547
0 575 182
1
1
1
1
0 382 122
1
1
1
1
1
1
1
0 837 473
1
1
1
1
1
1
0 796 216
1
0 808 593
1
1
0 363 682
0 201 762
0 218 430
1
1
0 777 589
1
1
1
1
0 483 541
0 756 918
1
0 265 796
1
0 167 929
0 490 800
0 39 445
0 858 855
1
0 421 252
1
1
0 426 82
1
0 433 18
0 81 433
0 269 81
0 620 911
0 781 143
1
0 441 311
1
0 354 521
1
1
1
0 855 461
0 79 441
1
0 979 369
1
0 911 548
0 909 863
1
1
0 670 763
0 737 486
0 362 404
0 707 205
0 437 446
1
1
0 791 677
1
1
0 284 678
0 759 91
1
1
1
0 424 851
1
1
0 910 765
0 74 590
0 441 235
0 71 490
0 256 855
1
1
0 975 554
0 914 88
0 698 985
1
0 173 256
0 567 19
1
1
1
1
0 366 197
1
1
0 778 562
0 588 222
0 825 370
1
1
0 636 683
1
1
0 477 506
0 112 186
1
0 246 229
0 237 374
1
0 469 979
0 361 737
1
1
1
1
0 669 608
1
1
0 333 930
0 922 931
0 315 529
1
1
1
1
1
0 488 653
0 751 740
0 478 237
0 845 777
0 576 801
1
0 739 808
1
1
0 141 393
0 629 856
0 439 416
0 312 756
0 523 778
1
0 529 141
1
0 850 264
1
1
0 460 810
1
0 431 850
0 824 666
0 679 780
1
1
0 666 636
1
1
1
1
1
1
1
0 91 144
1
1
0 495 330
1
1
0 578 200
1
0 392 239
1
0 737 447
0 928 563
1
0 519 460
1
0 123 835
1
0 634 148
1
1
0 779 595
1
0 55 272
1
1
0 957 405
0 554 454
0 760 679
1
0 920 123
0 449 360
1
0 520 564
0 280 638
1
1
1
1
0 405 476
0 738 932
1
0 682 421
0 762 422
1
0 347 928
1
1
0 633 35
0 574 424
0 335 811
0 132 265
1
1
1
1
1
0 457 711
1
0 247 617
1
1
1
0 318 390
0 271 469
1
1
1
0 221 690
1
1
1
0 272 437
0 650 36
0 59 474
0 813 554
0 649 533
1
0 827 180
0 798 969
0 143 221
1
0 878 448
0 681 684
1
1
1
0 421 498
1
0 458 198
1
0 221 645
0 388 852
0 4 246
1
1
0 571 534
1
1
1
0 417 779
1
0 780 837
0 461 780
1
1
0 639 999
1
1
1
1
0 242 361
0 223 449
1
1
1
1
1
1
0 432 798
1
0 977 812
0 485 350
1
0 480 183
0 522 22
1
0 594 685
0 331 132
1
1
1
1
0 555 76
0 592 143
0 835 150
1
1
1
1
0 459 20
0 498 639
0 396 712
1
0 181 77
1
0 344 371
1
1
0 449 766
1
1
1
1
0 311 187
1
0 246 477
1
1
0 76 343
0 604 566
0 559 64
0 565 542
1
0 671 31
1
1
0 189 344
0 566 362
0 171 771
0 757 535
0 460 772
0 390 45
0 881 240
1
0 3 189
1
0 837 439
1
0 82 449
1
1
0 244 290
0 435 441
0 472 151
0 9 933
1
1
1
1
1
0 570 857
1
1
1
0 276 781
1
0 121 773
1
0 229 813
0 677 817
1
1
0 57 839
1
0 726 819
0 199 450
0 839 284
0 679 55
1
0 969 451
0 374 820
1
0 770 858
1
0 16 536
0 360 859
0 494 152
0 252 604
1
0 120 842
0 234 466
1
1
1
1
0 119 229
0 145 860
1
0 758 691
0 134 488
0 516 452
0 123 252
1
0 638 821
1
0 603 234
1
1
0 768 478
1
1
1
1
0 904 603
1
0 921 291
0 487 267
1
0 836 268
0 377 457
0 433 677
1
0 175 13
1
0 984 85
1
1
0 13 269
0 635 394
0 842 242
0 252 835
1
1
1
1
1
1
1
0 21 199
0 818 123
0 339 458
1
1
0 231 21
0 107 934
0 289 861
1
1
1
0 150 117
0 780 145
0 474 181
0 850 324
1
1
1
0 310 118
0 505 609
1
0 604 818
1
1
0 449 472
1
0 69 757
0 989 845
1
0 203 679
1
1
0 814 555
0 844 449
1
0 531 271
1
1
0 200 935
0 359 869
0 856 479
1
1
1
1
0 330 292
0 967 82
1
0 926 321
0 808 633
0 999 200
1
0 434 686
0 632 244
1
1
0 144 612
0 864 221
1
0 182 252
1
0 261 272
1
0 443 666
0 85 596
0 551 780
1
1
1
0 553 782
1
0 403 984
0 616 93
1
0 590 626
0 469 703
0 453 604
0 840 65
1
1
0 118 32
1
1
1
0 835 246
0 227 767
0 294 66
0 651 543
1
0 32 134
1
0 640 959
1
1
0 184 23
1
0 851 91
1
0 857 37
1
1
1
1
0 381 443
0 147 647
1
1
1
0 847 999
0 430 839
0 930 549
1
1
1
0 443 182
0 77 443
1
0 216 144
0 668 610
1
1
0 807 808
0 158 184
0 256 986
1
0 416 692
0 148 147
1
1
1
1
0 89 115
0 506 326
1
0 290 936
1
1
0 217 374
0 846 969
1
1
1
1
0 151 586
0 624 614
0 547 926
0 769 148
1
0 563 286
1
1
1
1
1
1
0 723 615
0 673 298
0 548 216
0 958 459
0 202 375
0 862 231
0 804 247
1
0 679 67
0 761 504
0 258 256
0 66 920
1
0 183 24
0 37 38
1
0 928 679
0 684 68
0 189 89
0 524 987
1
0 646 557
1
1
0 292 189
0 350 649
0 425 616
1
0 329 25
1
0 130 804
1
1
0 688 640
1
1
1
1
0 456 646
0 65 130
1
0 703 688
1
0 149 183
1
1
1
0 465 223
1
1
0 27 960
1
1
1
1
1
0 849 775
0 19 302
0 248 430
1
0 572 618
1
0 285 111
0 327 988
1
1
0 222 149
1
1
1
0 848 768
0 680 248
1
0 546 201
0 766 258
0 356 928
0 420 930
0 756 376
1
1
0 815 807
0 645 970
1
1
1
1
1
0 838 629
1
0 372 937
1
0 562 723
0 414 118
0 225 261
1
0 805 756
1
0 589 989
0 540 645
0 978 805
1
0 777 453
0 908 538
1
0 75 619
1
1
0 116 456
0 793 94
0 604 862
0 960 460
0 89 212
1
1
0 475 150
0 647 990
0 325 202
1
1
0 601 273
0 177 299
1
1
0 636 95
1
0 569 203
0 615 274
0 17 207
1
1
0 990 615
0 774 783
1
0 557 112
1
1
0 605 786
1
1
1
0 391 491
1
0 216 938
1
1
1
1
0 982 425
0 688 151
0 899 116
1
1
1
0 389 461
1
0 709 814
0 238 325
0 936 238
1
0 781 550
0 530 275
1
0 24 971
1
1
0 336 276
1
1
0 504 620
0 204 965
1
0 264 119
0 808 462
1
1
0 253 587
1
0 786 936
1
1
1
1
1
1
1
0 992 474
1
1
0 573 654
1
0 606 253
0 215 277
1
1
1
1
0 445 557
1
0 654 504
1
1
1
0 765 177
1
0 259 951
0 817 693
0 556 522
0 936 562
1
1
0 92 544
0 419 287
1
0 528 539
0 275 264
1
1
0 472 97
1
1
1
1
1
0 145 153
1
0 109 808
1
0 794 546
0 649 56
1
0 562 835
1
0 342 408
0 966 758
0 458 32
1
0 924 475
1
0 541 259
0 64 292
0 260 667
1
0 10 480
0 839 204
0 264 492
0 757 260
0 616 936
1
1
0 628 982
0 609 990
0 32 372
1
0 178 426
0 539 120
0 146 215
1
0 334 815
0 229 654
0 20 208
0 613 285
1
0 273 121
1
0 127 98
1
1
1
1
0 805 264
0 980 445
0 593 289
1
1
0 53 638
1
1
0 270 724
0 639 939
0 56 99
0 522 127
1
0 425 562
1
1
0 722 145
0 125 209
0 321 539
0 374 991
0 809 458
1
0 201 374
1
0 267 765
1
0 220 992
0 736 19
1
0 193 463
0 241 85
0 478 100
0 12 425
1
0 834 267
0 260 125
1
1
0 188 751
1
0 970 464
1
1
0 54 752
1
0 124 805
1
1
0 357 124
1
0 685 736
0 124 753
1
0 654 781
1
0 423 416
1
0 916 431
0 200 146
1
1
0 461 627
0 969 588
0 207 327
1
1
1
0 956 154
1
0 415 856
1
1
0 542 673
0 740 822
0 983 628
1
1
0 755 461
0 268 725
1
0 562 89
0 638 200
0 425 487
1
1
1
1
1
1
1
1
0 934 241
0 238 559
0 856 996
0 348 92
1
0 600 260
0 122 273
0 261 966
0 537 993
0 133 275
1
1
0 990 713
0 776 238
0 144 222
0 879 178
0 502 809
0 262 737
1
1
1
1
1
1
1
0 41 755
0 439 757
0 116 940
1
0 418 377
0 119 329
0 95 261
0 679 562
0 933 188
1
1
1
1
1
0 757 303
1
1
0 998 213
1
0 428 378
1
1
1
0 646 941
1
1
0 491 133
1
1
0 289 207
0 21 994
1
0 367 101
1
0 429 646
1
1
0 843 95
1
1
1
1
0 480 540
1
0 799 569
1
1
0 999 679
0 413 563
0 473 638
1
0 643 478
0 630 570
0 355 688
1
1
1
1
0 633 680
1
1
0 209 769
1
0 486 630
1
0 430 289
1
1
1
1
1
0 677 632
1
1
0 653 321
1
0 995 653
0 723 155
1
1
1
0 713 817
0 859 726
1
1
1
1
1
0 101 465
0 629 330
1
0 324 20
0 653 856
1
1
0 599 600
1
1
1
0 190 262
1
0 273 921
0 85 379
1
0 233 498
1
1
1
1
0 25 268
0 991 823
0 536 85
1
0 188 144
0 979 270
1
1
1
1
0 620 24
1
1
1
0 261 216
0 437 467
1
1
1
1
0 628 789
1
1
1
1
1
0 55 933
1
0 711 469
0 177 727
0 458 967
1
1
0 987 380
0 640 278
0 369 859
1
0 268 261
1
0 665 279
1
1
1
0 81 565
0 750 472
0 778 790
0 203 934
0 24 969
1
1
1
0 85 458
0 156 432
1
1
1
0 533 824
0 641 541
0 968 653
0 408 473
1
1
0 344 728
0 196 156
1
0 274 201
1
0 579 101
0 928 268
1
1
1
0 440 322
1
1
1
0 255 942
1
1
1
1
0 322 157
1
1
0 432 995
0 135 825
1
0 465 480
1
0 327 53
0 454 428
1
0 614 481
0 376 987
0 470 826
0 223 499
0 626 659
1
0 863 791
1
1
1
1
0 319 620
0 841 863
0 377 943
1
0 259 405
1
1
1
1
1
0 287 37
0 422 522
0 852 864
0 283 870
1
0 323 505
1
1
0 242 990
1
1
1
0 658 188
1
1
1
0 768 283
0 478 135
1
1
0 596 417
0 966 454
0 710 273
0 795 542
0 845 259
1
1
1
1
0 268 304
0 772 465
1
1
1
0 405 470
1
1
0 771 694
0 260 255
0 248 827
1
1
0 521 566
1
1
1
1
0 756 997
1
0 796 793
1
1
1
1
0 304 242
1
0 608 500
0 476 209
0 426 476
0 265 567
0 180 639
1
0 644 158
1
1
1
0 36 571
1
0 467 12
0 480 928
0 937 536
1
0 555 695
0 736 160
1
1
0 856 572
0 374 589
0 394 703
1
0 471 573
1
0 145 260
0 277 210
1
1
0 820 784
0 209 145
0 727 161
0 438 937
1
0 263 339
1
1
1
0 130 304
1
1
1
1
1
1
0 95 163
1
0 544 613
1
0 284 287
1
1
0 498 116
0 675 248
1
0 461 263
0 35 820
0 210 119
1
0 648 265
0 281 608
1
1
0 326 164
0 189 69
1
0 804 268
1
0 942 551
1
0 211 233
0 637 922
0 964 633
1
0 822 574
0 37 822
0 68 575
0 240 102
1
0 860 576
0 608 340
1
0 15 794
1
0 325 478
1
0 241 217
0 447 577
0 783 284
0 784 498
0 63 795
1
0 933 274
1
0 372 461
0 302 933
0 404 32
1
0 691 998
0 631 796
1
0 984 165
0 835 578
1
1
1
0 139 942
1
0 993 590
0 428 591
1
0 785 428
0 499 189
0 458 614
0 452 547
1
0 591 960
1
1
1
1
0 853 166
0 43 13
1
1
1
1
0 611 467
0 996 167
0 855 33
0 869 95
0 797 139
1
0 536 350
1
1
0 470 604
0 291 579
1
1
1
1
0 246 103
1
0 547 190
0 264 605
1
1
1
1
1
0 666 203
0 951 193
1
1
0 193 640
1
1
0 152 408
0 800 944
1
1
0 443 104
1
1
1
0 338 828
1
0 150 351
1
1
0 752 599
1
0 819 691
1
0 145 819
0 779 544
1
0 990 15
0 935 829
1
0 93 264
1
0 775 591
0 252 592
1
1
1
0 969 39
0 931 277
0 176 105
1
1
1
1
1
0 151 696
0 118 830
1
0 445 553
1
1
0 550 860
1
0 943 831
0 726 924
1
1
0 561 252
1
1
1
1
0 642 168
1
0 337 547
1
0 358 697
0 187 797
0 230 187
0 464 865
1
0 289 35
0 379 990
0 161 369
0 790 363
0 632 372
0 207 209
0 276 425
0 190 331
0 104 246
1
1
0 689 616
1
0 134 689
0 676 654
1
1
1
0 557 227
1
1
1
0 140 240
0 110 374
0 282 665
1
0 858 376
1
0 219 621
0 416 130
0 564 190
1
