500 1000 2000
819 576 30 761 675 920 745 400 711 360 117 941 247 48 543 359 503 138 19 29 740 355 584 132 989 582 848 562 363 466 873 240 739 604 523 817 887 470 34 985 735 943 255 52 525 531 184 329 123 242 572 685 588 816 888 846 252 432 632 159 515 17 88 188 662 103 381 90 436 68 482 173 558 741 553 115 725 13 434 611 395 57 794 193 105 993 304 263 552 628 43 708 382 891 241 555 710 630 634 518 417 769 923 667 579 783 445 459 514 540 20 806 421 420 937 233 205 505 911 840 900 452 977 368 903 568 183 851 944 760 393 4 60 361 121 971 56 899 369 404 143 251 703 657 174 113 321 566 734 613 798 131 85 218 605 782 927 881 666 12 273 646 413 67 795 347 166 897 348 960 47 697 357 397 575 890 72 932 571 54 202 671 234 354 168 580 570 836 970 427 216 6 310 554 398 406 36 345 49 111 278 680 704 996 333 475 276 288 299 854 302 389 803 717 845 964 209 179 226 933 3 415 951 534 214 416 664 11 545 211 337 172 947 963 882 213 805 980 766 539 969 750 670 386 208 644 968 692 756 813 715 972 248 301 259 303 175 387 781 364 322 636 834 126 747 9 447 902 880 375 838 265 598 807 762 691 855 705 976 578 929 918 15 320 439 443 380 678 686 428 297 647 185 129 935 574 924 874 519 818 58 295 334 776 651 898 674 643 384 833 536 597 379 206 491 829 453 560 312 847 694 601 784 524 758 599 770 541 823 837 158 186 624 626 136 904 872 828 97 893 437 109 120 733 150 561 429 296 74 608 500 492 300 744 713 679 714 408 620 830 987 821 328 332 0 62 163 356 992 244 284 804 419 198 472 433 114 228 884 258 431 339 982 814 146 800 71 676 921 690 732 906 635 742 517 785 5 402 227 160 885 915 446 773 716 164 45 849 857 478 73 868 37 822 342 35 39 979 577 323 701 236 681 808 689 61 513 606 93 883 590 212 316 256 712 42 956 528 565 856 615 986 729 418 222 965 939 853 522 483 865 7 931 124 281 197 698 907 510 621 724 786 376 33 737 650 257 232 231 70 959 253 135 910 260 313 788 215 178 286 392 658 346 190 16 170 24 25 755 919 80 444 81 394 825 616 641 383 629 327
0 880 585
1
0 48 422
1
1
1
0 339 385
0 650 730
0 606 591
1
0 420 702
0 750 990
0 711 454
1
0 785 399
1
1
1
1
1
1
0 646 261
1
1
0 686 75
0 572 219
0 242 535
0 68 370
0 260 785
1
1
1
0 208 592
0 762 593
1
0 348 242
0 601 762
1
1
0 735 116
1
0 503 38
0 770 229
1
0 47 122
1
0 937 563
0 209 693
1
0 30 44
1
1
0 337 973
0 261 455
0 620 396
1
1
0 136 831
0 697 217
1
1
1
1
0 454 544
1
1
1
0 19 529
0 427 161
0 505 726
0 105 50
1
1
0 725 934
1
1
1
0 891 516
1
0 552 718
1
0 959 14
0 565 362
0 969 815
1
1
0 733 260
0 845 858
1
0 466 875
1
0 691 125
1
1
1
0 88 261
0 369 876
1
0 131 407
0 535 1
0 17 648
1
1
0 37 719
0 7 401
1
1
0 718 659
0 514 695
1
0 231 358
1
1
0 286 46
0 568 877
1
0 674 388
1
1
0 571 581
0 299 403
1
0 848 832
1
0 90 901
0 742 7
1
1
1
1
0 333 718
0 161 390
1
1
1
1
0 624 757
0 217 409
0 384 720
0 3 631
1
1
0 989 311
0 732 448
0 644 682
0 213 889
1
0 259 886
1
0 874 942
1
0 881 405
0 302 440
0 446 420
0 710 759
0 73 446
0 838 435
1
0 345 600
0 240 532
0 383 526
0 980 940
0 38 820
0 500 266
0 690 787
1
0 313 371
1
1
0 5 609
0 226 493
1
0 805 594
1
0 784 835
1
0 979 556
1
1
1
0 459 583
1
1
1
0 685 978
0 263 721
1
0 251 410
0 585 118
1
0 422 567
0 380 112
0 35 891
0 160 966
1
0 543 324
0 566 824
1
1
1
1
0 444 595
1
1
0 705 411
0 168 585
1
1
0 159 601
0 747 223
0 715 763
1
1
1
1
0 97 848
0 403 589
1
1
0 85 838
1
1
0 924 606
1
1
1
1
1
0 833 391
1
0 215 403
0 232 171
1
1
1
0 585 945
1
1
1
1
1
1
1
0 996 974
0 518 35
1
0 820 585
1
0 419 165
1
1
0 355 805
1
0 945 289
1
0 54 672
1
0 783 365
0 218 809
1
1
0 865 596
0 679 789
1
0 539 59
0 847 37
0 800 722
1
1
1
1
0 248 564
1
0 360 969
0 923 833
0 978 47
1
0 236 449
0 158 627
1
1
0 795 967
1
1
1
0 636 302
0 311 945
0 588 119
1
1
1
1
0 219 412
1
0 857 783
0 544 235
1
0 818 602
0 935 248
1
1
1
1
0 296 586
0 593 690
1
0 432 38
1
0 242 139
1
1
1
0 903 930
1
0 403 559
0 216 935
1
1
0 933 542
0 927 691
1
0 261 438
1
0 420 587
0 745 76
0 482 194
1
0 449 818
1
1
0 396 565
1
0 973 484
0 834 705
0 605 366
0 316 916
0 575 603
1
0 628 207
1
0 70 696
0 116 419
0 580 745
1
0 334 396
1
0 947 167
1
0 595 403
0 61 660
0 13 282
0 398 372
1
1
1
1
1
1
1
0 491 398
0 257 383
0 255 414
0 582 723
0 146 40
1
0 611 746
0 174 420
1
1
0 312 127
1
0 822 839
0 129 566
1
1
0 354 857
0 447 422
1
1
1
1
0 584 330
1
1
0 415 605
0 526 697
0 15 476
0 814 668
0 583 415
0 478 784
1
1
0 724 912
0 392 961
0 178 187
1
0 421 575
0 853 790
0 229 962
1
0 93 661
1
1
1
0 910 946
0 756 622
0 740 917
1
0 202 128
1
0 179 377
1
0 587 699
1
0 616 791
1
0 888 259
1
1
1
0 49 333
1
0 916 454
0 446 633
0 321 903
0 407 973
0 886 526
1
1
0 139 706
1
1
1
0 889 21
1
0 912 168
0 832 975
1
0 395 13
1
0 695 15
1
0 452 407
1
0 188 841
1
0 58 792
1
0 12 707
0 951 580
0 556 886
0 322 48
0 769 441
0 227 73
0 525 874
0 517 724
1
1
0 744 471
0 45 936
0 124 649
0 422 421
0 962 756
1
0 874 110
1
1
1
0 887 582
1
1
1
1
1
0 150 725
1
0 784 527
0 935 224
0 678 360
1
0 409 41
1
0 371 922
0 405 367
0 41 610
1
1
0 662 607
0 448 767
1
0 716 695
1
1
0 513 962
1
0 833 764
0 329 261
0 794 795
1
0 821 68
0 327 887
1
0 563 611
1
1
1
1
0 300 69
1
1
1
0 173 422
0 122 191
0 589 369
1
0 118 933
1
1
0 986 173
0 577 348
0 585 77
0 358 923
0 886 116
1
1
1
0 483 378
0 362 430
0 397 392
0 970 577
0 125 593
0 47 556
0 933 41
1
0 48 700
0 690 924
1
1
0 553 530
1
1
1
1
0 410 118
1
1
0 522 53
1
1
1
1
0 976 983
0 69 820
1
0 807 423
0 532 571
1
1
1
1
0 708 978
0 207 371
1
1
1
1
1
1
0 185 742
1
0 574 976
0 536 765
0 118 984
0 742 747
1
0 902 850
1
0 567 405
1
0 554 947
1
0 600 262
1
0 783 395
0 747 979
1
1
1
0 14 78
1
0 815 409
1
1
0 110 988
1
1
0 605 213
1
0 46 847
1
1
1
1
0 786 708
1
1
1
1
0 400 473
1
1
1
0 692 731
1
1
1
1
1
1
0 81 263
0 917 79
1
0 21 933
0 252 424
1
1
0 764 677
1
0 228 583
0 541 727
0 76 442
1
0 857 118
1
1
1
1
1
1
1
0 455 793
0 963 410
1
1
1
0 198 425
1
1
0 965 305
1
1
0 672 886
0 453 970
0 635 857
0 24 169
0 527 912
0 476 541
1
1
0 758 54
0 241 690
0 430 215
0 819 758
1
0 591 957
0 282 980
0 138 842
1
1
1
0 126 859
1
0 723 635
0 900 110
0 599 69
1
1
0 696 225
0 727 397
0 609 400
0 970 723
1
0 417 45
1
1
0 20 925
1
0 660 650
0 164 616
0 941 226
1
1
1
1
0 415 325
0 342 810
0 904 599
1
1
1
0 9 249
0 839 652
1
1
0 898 349
1
0 813 380
1
1
1
0 882 628
0 387 188
0 883 81
0 858 843
0 363 874
0 439 326
0 163 768
0 925 888
1
1
1
1
0 804 636
1
1
1
0 790 852
0 872 546
0 988 384
1
1
1
1
0 763 494
0 165 727
1
1
0 671 189
1
1
0 441 567
0 263 274
0 809 637
0 71 415
0 357 198
0 641 527
1
0 793 669
1
1
1
1
1
0 681 935
0 635 279
1
0 370 889
1
1
0 702 844
0 167 76
0 36 350
1
1
1
1
1
1
0 680 439
0 717 832
1
0 52 937
0 81 441
1
1
1
1
0 109 58
1
1
0 114 662
1
0 445 306
1
0 494 373
1
1
0 16 763
0 519 417
1
0 534 444
0 418 584
0 392 81
0 972 82
1
0 603 981
1
1
0 348 941
1
0 652 925
0 41 250
0 186 30
0 250 445
0 849 557
0 890 327
1
1
1
0 906 892
1
0 941 114
1
0 405 216
1
0 215 635
1
1
1
0 76 605
0 333 845
0 608 819
1
0 932 185
1
1
0 184 638
1
1
0 961 290
1
1
1
1
1
0 581 405
1
0 667 36
0 382 307
0 475 446
1
0 722 418
0 606 715
0 725 581
0 368 426
0 346 41
1
0 911 849
1
1
1
0 412 217
1
0 301 387
1
0 697 61
1
1
0 82 853
1
1
1
1
0 433 988
1
0 631 382
0 934 525
1
1
1
0 805 308
0 767 547
1
0 303 722
1
0 832 606
1
0 408 277
1
0 857 826
1
0 547 408
0 635 608
0 831 926
0 701 732
0 260 821
0 422 474
0 559 822
0 729 104
1
0 826 764
1
1
1
0 235 811
1
0 960 559
1
0 930 55
0 310 986
1
1
0 372 63
0 731 227
1
0 756 245
1
0 440 475
0 579 192
0 980 76
1
1
1
1
1
0 829 309
0 36 970
1
0 737 122
0 607 635
0 42 392
0 290 422
0 782 310
1
0 198 412
0 730 980
0 364 331
0 760 427
1
0 604 692
0 284 82
0 323 733
0 365 532
1
0 446 972
1
1
0 979 303
0 122 430
1
0 53 215
1
1
1
1
1
0 590 70
1
0 594 254
1
1
0 824 839
0 349 511
0 276 255
0 758 767
0 575 432
1
1
1
1
0 942 446
0 933 652
0 974 235
0 560 533
0 61 890
0 598 869
1
0 877 857
1
0 556 61
1
0 69 311
0 127 246
0 840 824
0 78 948
0 389 257
1
0 669 433
1
0 528 124
1
1
0 387 184
1
1
0 948 958
1
0 584 858
1
0 206 572
1
0 111 979
1
1
1
0 224 329
1
0 72 333
1
1
0 776 440
1
1
0 430 660
1
1
0 406 989
1
1
0 171 769
0 168 735
0 838 948
0 76 476
1
0 205 111
1
1
1
1
1
0 213 290
0 724 494
0 475 186
1
0 222 31
1
0 427 653
1
1
1
0 693 534
0 648 12
0 869 639
0 422 370
0 403 447
0 119 528
0 564 898
0 874 312
0 190 448
1
1
0 689 560
0 580 709
0 652 991
0 57 760
0 408 756
1
0 425 218
1
1
0 40 894
0 848 927
0 560 831
0 309 895
0 982 51
0 360 860
1
0 305 644
1
0 891 770
0 194 603
1
1
1
1
0 380 8
1
1
1
0 586 563
1
1
1
1
0 937 83
1
1
1
1
1
0 541 422
0 259 982
1
1
0 855 774
1
1
0 875 609
1
0 616 57
0 627 600
1
0 657 652
0 256 579
1
0 409 826
0 248 485
1
1
0 576 654
0 265 937
0 51 848
0 769 631
0 217 380
0 768 122
1
0 385 190
0 707 663
0 540 855
0 873 14
0 77 728
1
1
1
1
0 582 838
0 247 994
1
0 715 64
0 533 832
1
0 980 298
0 382 351
1
0 692 84
0 44 640
0 120 641
1
0 915 65
1
1
1
1
0 447 995
0 295 259
1
1
0 608 568
1
0 981 517
0 55 573
0 63 16
1
0 170 642
0 890 533
0 662 840
1
1
1
1
0 34 425
1
1
1
0 572 758
0 824 256
0 836 447
0 611 768
0 579 890
1
1
0 104 996
0 31 824
1
1
1
0 277 334
0 215 861
0 333 427
1
0 840 119
0 658 333
0 631 228
0 889 120
0 971 736
1
1
1
0 188 827
0 29 604
0 183 406
0 123 715
0 661 665
1
0 892 495
0 712 26
1
1
1
0 991 724
1
0 81 321
0 634 611
1
1
1
0 926 372
1
0 420 971
0 825 769
1
0 888 420
1
1
1
1
0 255 374
0 303 725
0 756 862
1
1
1
1
0 822 174
1
1
0 736 76
0 261 631
0 939 449
1
1
0 976 335
0 399 403
0 197 729
0 828 997
0 898 512
1
1
1
0 690 194
0 383 634
0 414 291
0 330 771
1
0 987 645
0 476 430
0 859 236
1
0 811 772
1
1
0 852 859
1
0 380 974
0 473 987
1
0 868 450
0 418 123
1
1
0 216 224
0 606 475
0 767 579
1
0 676 330
0 766 543
0 593 40
0 921 336
1
0 987 176
1
1
1
0 223 926
1
1
1
0 823 237
1
1
0 615 799
0 762 584
0 446 991
0 631 998
1
1
1
0 297 716
0 989 42
0 974 980
0 166 414
0 652 446
1
1
0 663 974
1
1
0 327 451
1
0 533 989
1
1
1
1
1
0 647 959
1
0 430 930
0 849 44
1
1
0 611 762
0 75 309
1
0 659 949
1
1
0 347 5
0 926 775
0 379 776
0 237 580
0 11 452
1
1
0 526 701
1
0 936 766
0 720 379
1
1
1
1
1
1
0 592 430
0 33 63
1
1
1
1
0 446 46
0 724 66
0 788 229
1
1
0 640 230
1
0 185 292
1
0 739 904
1
0 529 125
0 768 569
1
0 660 126
0 580 322
0 169 692
1
1
1
1
0 918 938
0 38 877
0 810 380
0 64 932
0 948 564
1
1
0 946 640
1
0 172 77
1
0 856 585
1
0 410 598
1
1
1
0 394 293
1
1
1
0 979 85
0 945 849
1
0 335 382
1
0 827 828
1
1
1
1
0 857 526
0 904 383
0 376 646
0 6 385
0 718 999
1
1
0 785 352
1
1
1
1
1
1
1
1
1
1
0 651 446
0 901 127
0 923 987
1
0 543 547
1
1
0 50 822
1
1
0 719 941
1
0 249 453
0 568 829
0 956 933
0 764 833
0 713 777
1
0 988 455
0 245 86
0 894 64
1
1
0 421 939
1
1
0 668 69
0 174 456
0 69 129
1
1
1
0 298 655
0 792 790
1
1
0 766 17
1
0 333 294
0 229 898
1
0 413 130
1
0 665 647
0 989 788
1
0 893 229
0 218 648
0 527 457
1
0 184 458
1
0 820 71
0 372 387
0 897 368
0 68 568
1
1
0 920 389
0 59 337
1
1
1
0 425 778
0 194 459
0 841 18
0 648 702
1
1
1
0 117 194
0 968 764
0 940 394
1
1
1
0 351 779
0 292 131
0 371 313
0 600 888
1
0 423 513
0 967 648
1
1
0 432 292
0 601 780
0 832 940
0 780 305
0 959 533
1
1
0 907 742
0 331 81
0 305 303
1
0 511 548
0 420 177
1
1
1
1
0 407 27
0 190 68
1
0 769 2
1
1
1
1
1
1
1
0 116 730
0 634 6
1
1
1
0 730 976
1
1
1
1
0 386 780
1
0 646 460
0 610 47
1
0 843 305
0 382 314
0 602 717
0 375 651
1
1
1
0 563 260
0 392 678
0 35 386
0 983 646
1
0 129 863
1
0 393 518
0 453 3
0 860 453
0 828 338
1
1
1
1
0 41 9
0 819 926
0 567 10
0 391 724
0 741 87
1
1
1
0 932 420
1
0 930 979
1
1
0 621 423
1
1
0 962 730
1
1
0 175 362
0 638 129
1
0 703 11
1
0 632 31
0 44 889
0 211 382
1
1
0 124 231
0 763 391
1
1
1
0 937 88
1
1
1
1
1
1
0 780 852
1
0 654 920
1
0 334 763
1
1
1
1
1
1
1
0 7 923
1
1
0 641 461
1
1
1
1
1
0 643 351
1
1
1
0 332 731
1
0 985 69
0 81 462
0 666 836
1
0 727 959
0 746 363
0 726 339
0 725 19
0 398 780
0 764 255
0 852 638
1
0 5 641
1
1
1
1
1
1
1
1
0 702 693
0 635 237
0 313 563
1
1
0 515 295
1
1
1
1
0 996 89
1
1
0 613 232
1
1
1
1
0 89 996
0 450 891
0 935 463
0 922 921
0 291 371
0 788 28
1
1
0 304 174
1
0 564 72
1
1
1
0 359 878
1
1
0 704 823
1
1
0 395 606
0 458 372
1
1
1
0 757 567
1
0 494 843
0 994 392
1
1
1
0 629 133
0 132 679
0 513 29
0 128 5
1
1
1
1
0 975 852
0 831 904
0 571 607
1
1
1
1
0 443 245
0 371 443
1
1
0 839 549
0 542 550
1
0 723 282
1
0 422 981
0 976 190
0 987 238
1
1
1
1
0 863 32
0 230 20
0 641 393
0 123 188
1
1
1
0 678 407
0 607 856
0 651 21
0 321 464
0 46 580
1
1
0 279 582
1
0 368 33
1
0 402 55
0 549 395
0 428 398
1
1
0 259 428
0 695 275
1
1
0 314 586
0 547 78
1
1
0 927 792
0 771 695
0 708 259
0 238 983
0 58 985
1
1
0 31 641
1
0 996 291
1
0 889 860
1
0 959 942
1
0 330 607
1
0 971 399
1
1
0 806 913
1
1
1
1
1
0 445 408
1
0 401 945
1
0 448 7
0 517 401
1
0 446 946
1
1
1
1
1
1
1
1
0 847 793
0 443 340
0 895 702
1
0 986 22
1
0 836 128
1
0 2 123
0 10 402
0 387 409
0 758 839
0 891 975
1
0 367 375
1
0 397 313
0 454 629
1
0 763 364
1
1
0 735 365
1
0 310 376
1
1
1
0 939 23
0 675 914
1
1
0 289 387
1
0 245 421
0 705 986
1
1
0 730 367
1
0 512 465
1
1
1
1
0 677 327
0 54 283
1
0 779 634
0 306 132
0 925 34
0 899 549
1
0 821 116
0 294 994
0 693 294
1
1
0 858 314
0 111 643
1
0 63 587
1
1
1
0 790 560
0 328 75
1
0 645 175
1
1
1
1
1
0 966 466
0 385 422
0 856 368
1
1
1
1
1
1
1
1
1
1
1
1
1
1
1
1
0 679 588
0 55 195
1
0 459 922
0 995 987
1
1
0 852 371
0 74 654
1
0 188 925
0 799 631
0 369 571
0 322 397
1
0 982 831
0 381 369
1
0 924 905
0 412 589
1
0 373 590
1
1
0 77 547
0 569 950
0 246 213
1
1
1
1
1
0 994 819
0 62 556
1
1
0 845 10
0 132 74
0 224 569
0 417 276
0 581 328
1
0 406 458
1
0 777 89
0 780 852
0 336 906
1
0 312 608
1
0 565 511
1
1
0 724 341
1
1
0 20 90
1
1
0 294 406
1
1
0 313 551
0 175 373
0 176 330
0 846 610
1
0 126 889
1
0 819 924
1
0 654 144
1
0 903 572
0 407 443
0 427 331
1
1
1
0 25 279
0 765 574
1
0 279 381
0 416 310
1
0 773 809
0 374 81
0 484 196
0 957 696
0 493 24
1
1
0 692 20
0 706 315
1
1
0 69 353
1
0 577 91
0 590 819
0 920 261
0 71 965
1
1
1
0 523 407
1
1
0 423 230
1
1
0 372 124
1
1
