1504
1512
1512
1512
1550
1510
1502
1502
1502
1502
1502
1502
1512
1512
1518
1518
1518
1522
1524
1524
1532
1558
1574
1598
1606
1606
1668
1668
1710
1710
1710
1710
1706
1706
1706
1714
1714
1722
1722
1722
1750
1756
1814
1814
1820
1826
1826
1826
1826
1840
1830
1830
1846
1846
1808
1870
1870
1888
1922
1922
1986
2004
2044
2044
2044
2044
2080
2080
2080
2080
1996
1996
2008
2038
2026
2206
2308
2304
2304
2294
2280
2288
2294
2294
2294
2352
2352
2352
2374
2394
2408
2456
2456
2456
2456
2448
2448
2500
2500
2470
2470
2470
2470
2292
2292
2312
2312
2314
2314
2314
2314
2314
2410
2758
2758
2758
2748
2748
2748
2748
2748
2748
2748
2752
2680
2662
2662
2646
2636
2640
2664
2664
2764
2800
2800
2800
2800
2806
2846
2876
2876
2952
2952
2952
3086
3086
3086
3086
3196
3184
3182
3182
3182
3182
3104
3104
3104
3104
3104
3096
2714
2714
2718
2750
2776
2790
2790
2638
2532
2508
2320
2486
2494
2394
2394
2394
2394
2394
2394
2394
3208
3336
3336
3356
3394
3394
3476
3476
3476
3476
3468
3468
3556
3556
3068
3040
3058
3058
3058
3062
3084
3088
3104
3122
3074
3074
3074
3074
2726
2726
2734
2734
2734
2732
2816
2756
2706
3034
3036
3042
3152
3152
3040
3040
3040
3040
3046
3046
3046
3046
3046
3084
3090
2798
2704
2704
2790
2838
2838
2932
2946
2956
2928
2928
2928
2928
2924
2924
2924
2970
2974
2974
2890
2890
2890
2790
2944
2944
2966
2966
2966
2966
3020
3020
3018
3018
3018
3018
3004
2990
2990
2990
2990
2988
2988
2988
2988
2988
2988
2974
2990
2966
3022
3034
2924
2974
2974
2974
2978
2990
2990
2962
2962
2904
2922
2922
2922
2922
2930
2930
2930
2930
2878
2878
2878
2816
2816
2816
2816
2816
2816
2844
2884
2884
2810
2820
2868
2868
2868
2868
2868
2868
2868
3120
3120
3120
3166
3166
3156
3156
3322
3322
3316
3344
3344
3344
3350
3324
3324
4052
3484
3484
3498
3430
3430
3430
3430
3320
3320
3320
3296
3296
3296
3342
3342
3342
3146
3146
3146
3146
3156
3156
3156
3186
3186
3186
3186
3178
3178
3198
3198
3322
3332
3332
3332
3332
3332
3296
3290
3290
3178
3178
3178
3178
3178
3178
3192
3238
3238
3238
3238
3230
3230
3154
3164
3164
3164
3716
3008
3086
3086
3110
3078
3078
3078
3082
3120
2794
2834
2834
2834
2830
2788
2788
2806
2806
2804
2804
2804
2804
2804
3086
3070
3594
3670
3670
3670
3074
3110
3124
3124
3252
3252
3252
3252
3228
3318
3318
3318
3322
3328
3330
3214
3186
3226
3264
3264
3264
3262
3300
3422
3422
3440
3400
3206
3206
3206
3206
3206
3150
3992
5532
5588
5814
5814
5738
5746
5746
5746
5746
5746
5752
5750
5750
6026
6026
6026
6026
5938
5974
6006
4506
5114
5046
5046
5002
5002
4996
5058
5060
5116
5116
5116
5140
5148
5148
5860
5860
4490
4490
3734
3734
3724
3766
3766
3766
3766
3766
3782
3784
3672
3672
3672
3438
3438
3482
3480
3480
3082
3054
2996
2996
2996
2996
2918
2918
2918
2922
2922
2922
2922
2926
2926
2926
2926
2926
3180
3180
3100
3100
3108
3160
3148
3122
3122
3330
3540
3540
3540
3540
3580
3556
3336
3378
3400
3400
3400
3400
3366
3366
3366
3270
3608
3608
3608
3608
3664
3664
3664
3708
3708
3782
3782
3782
3908
3740
3740
3740
3708
3704
3704
3704
3598
3518
3518
3518
3498
3294
3504
3504
3504
3504
3610
3610
3610
3610
3580
3580
3632
3632
3626
3626
3626
3578
4060
4152
4152
4040
4060
3922
3922
3758
3816
3778
3778
3778
3786
3786
3786
3792
3792
3428
3428
3428
3682
3682
3710
3710
3696
3692
3692
3692
3692
3692
3698
3156
3156
3218
3228
3228
3272
3272
3224
3198
3198
3198
3198
3198
3198
3794
3794
3794
3794
3444
3444
3350
3348
3350
3370
3394
3394
3394
3394
3364
3364
3456
3450
3400
3432
3432
3432
3394
3394
3394
3438
3434
3432
3432
3432
3432
3424
3424
3428
3428
3428
3428
3428
3428
3428
3428
3428
3428
4028
4030
4030
4042
4042
4044
4110
4100
4100
3908
3908
4004
4004
4004
4012
4012
4020
3994
4006
4024
4198
4270
4312
4312
4370
4370
4370
4114
4114
4114
4050
4050
4050
4044
4142
4142
3812
3812
3806
3804
3804
3804
3804
3792
3776
3776
3776
3776
3776
3776
3776
3690
3690
3690
3726
3726
3726
3726
3510
3460
3478
3478
3478
3524
3440
3458
3458
3458
3458
3466
3466
3466
3454
3490
3490
3494
3494
3512
3512
3494
3638
3742
3742
3620
3620
3620
3630
3630
3630
3630
3630
3630
3658
3654
3694
3694
3694
3694
3694
3694
3694
3522
3522
3514
3514
3514
3514
3514
3486
3486
3486
3594
3668
3550
3554
3554
3554
3554
3554
3554
3554
3554
3532
3532
3540
3540
3540
3540
3500
3500
3606
3606
3606
3606
3176
3176
3126
3180
3180
3180
3184
3184
3190
3190
3132
3132
3132
3148
3144
3144
3144
3146
3146
3146
3146
3144
3144
3144
3144
3104
3104
3114
3106
3156
3156
3156
3156
3140
3140
3140
3192
3192
3236
3236
3330
3330
3322
3322
3346
3346
3372
3372
3354
3378
3360
3384
3388
3502
3502
3504
3504
3504
3504
3504
3386
3352
3622
3654
3654
3654
3654
3654
3654
3654
3654
3518
3544
3564
3164
3168
2902
2900
2900
2904
2966
2966
2966
2960
2960
3252
3266
3266
3250
3262
3262
3262
3262
3282
3252
3260
3260
3362
3288
3288
3288
3428
3326
3326
3326
3326
3326
3058
3058
3058
3058
3058
3058
3058
3058
3058
3058
3058
3058
3058
3058
3058
3058
3094
3112
3112
3234
3254
3308
3300
3120
3120
3100
3100
3100
3100
3100
3124
3124
3304
3144
3170
3182
3172
3172
3180
3180
3054
3054
3202
3202
3426
3426
3454
3450
3378
3378
3378
3386
3560
3338
3338
3516
3516
3428
3426
3426
3426
3550
3550
3626
3626
3606
3606
