3946
3946
3976
3976
3980
3980
4166
4190
4268
4474
4488
4482
4568
4596
4692
4692
4692
4648
4558
4558
4552
4552
4552
4722
4722
4722
4722
4782
4810
4810
4810
4810
4824
4832
4832
4832
4822
4794
4794
4794
4840
5056
5056
5048
5048
5048
4996
4996
4960
4960
4960
4960
4802
4782
4796
4796
4796
4796
4908
5150
5150
5150
5150
5202
5218
5218
5220
5220
5258
5386
5386
5172
5006
5284
5372
5372
5372
5386
5386
5386
5386
5474
5474
5474
5660
5660
5660
5520
5520
5438
5438
5438
5712
5834
5834
5866
5866
5866
5838
5498
5522
5522
5486
5486
5486
5484
5626
5626
5552
5394
5394
5492
5516
5492
5600
5614
5614
5614
5614
5420
5426
5426
5190
5286
5286
5286
5286
5312
5312
5312
5300
5300
5300
5300
5300
5300
5300
5300
5300
5300
5384
5582
5582
5582
5586
5538
5608
5482
5482
5482
5482
5482
5516
5516
5516
5566
5662
5662
5752
5752
5752
5912
5942
5942
5942
5942
5942
5942
5942
6066
6076
6076
6076
6076
6076
6066
6066
6170
6008
6008
6008
6008
6168
5816
5862
5862
6012
6012
6012
6012
6032
6034
6034
6034
6034
6034
6034
6034
6034
5310
5310
5328
5328
5328
5328
5412
5418
5418
5418
5418
5630
5330
5330
5198
5198
5198
5198
5178
5212
5212
5118
5118
5118
5118
5118
5118
5118
5110
5110
5110
5124
5124
5124
5124
5124
5330
5330
5442
5120
5084
5056
5056
4998
5064
5064
5064
5104
5104
5104
5328
5328
5328
5328
5400
5400
5394
5394
5394
5394
5390
5440
5574
5574
5978
5986
5986
5642
5642
5642
5650
5656
5490
5522
5522
5522
5752
5752
5752
5752
5752
5560
5560
5560
5560
5344
5620
5620
5620
6106
6250
6256
6256
6256
6256
6256
6256
6224
6196
6196
6276
6276
6276
6276
6276
6276
6284
6284
5524
5782
6566
6518
6468
6468
6468
6468
6762
5972
6078
6078
5958
5958
5958
5958
5930
5930
5930
5930
5922
5986
5986
6162
6162
6162
6162
6162
6506
6724
6768
6768
6952
6952
6952
7032
7028
7028
7046
7614
7656
7680
7680
7680
7680
7680
7780
7234
7234
7046
6898
7462
7462
7492
7504
7362
7362
7362
6900
6970
6884
6884
6884
6834
6744
6744
6806
6806
6806
6852
6852
6852
6852
6854
6854
6790
6790
6738
6858
6858
6858
6882
6882
6898
6780
6780
6780
6780
6796
6796
6950
6950
7524
7524
7408
7406
7406
7406
7296
7296
7296
7220
7254
7254
7268
7040
7050
7050
7050
7050
6810
6804
6716
6864
7484
7482
7454
7450
7134
7160
7160
7120
6900
6680
6680
6756
6756
6756
6762
6762
6762
6762
6762
6762
6678
6784
6784
6858
6858
6910
6910
7024
6996
6996
6998
6510
6510
6510
6652
6720
7204
7204
7204
7350
7350
7350
7446
7446
7534
7096
7096
6982
6982
6904
7366
7366
7366
7366
7620
7620
7620
7620
7620
7620
7374
7394
7394
7422
7412
7412
7462
7258
7258
7258
7634
7634
7634
7830
7830
7926
8176
8176
8128
8128
8128
8138
8138
8138
8342
8004
8004
8004
8116
8192
8192
8172
8172
8172
7968
7968
8000
8000
8000
8000
8000
8000
8000
8000
8000
8104
8104
7874
7874
7874
7876
7876
7928
7928
7928
7924
7956
7960
8118
8020
9310
9310
9310
9310
9310
9310
9352
9352
9352
9352
9398
9398
9398
9584
9584
9584
9666
9666
9666
9666
9800
9800
10044
10044
10044
10080
9822
9822
9908
9856
9982
9936
9966
9138
10482
9138
9128
9380
9380
9552
9552
9552
9552
9552
9310
9384
8540
8540
8540
8542
8542
8542
8390
8390
8390
8390
8538
8538
8586
8568
8846
8864
8864
8918
8394
8394
8394
7928
7928
7928
7928
8776
8776
8690
8294
8320
8364
8244
8446
8568
8568
8628
8628
8628
8628
8616
8616
8654
8654
8658
8570
8166
8166
8166
8166
8386
8386
8386
8386
8386
8386
8386
8386
8386
8386
8386
8320
8324
7994
7994
7094
7094
7094
7094
7110
7110
7184
7184
7104
7084
7060
7810
7872
7908
7908
7908
7908
7888
8288
8214
8214
9380
9384
9384
9384
9204
9204
9420
8260
8260
8260
8260
8260
8260
8260
8260
8504
8504
8504
8560
8714
8714
8436
8436
8446
8564
8564
8564
8564
8564
8564
8564
8564
8564
8614
8614
8614
8614
8620
8620
8620
8620
8620
8620
8924
8924
8924
8924
9318
9318
9318
9484
9484
10846
11074
11418
11418
11418
11418
11418
11610
10268
10004
10208
10734
9282
9282
9266
10954
10954
10954
10954
10954
11150
11150
10966
10980
10980
10980
9364
9372
9372
9372
9376
9376
9376
9200
9200
9342
9482
9422
9600
9458
8990
8990
8990
8990
8990
8990
8990
8950
8950
8950
8950
8806
8806
8806
8818
8912
8912
8912
8912
8930
8930
8954
8954
8954
8962
8722
8628
8948
8948
8964
8872
8872
8572
8710
8710
8682
8682
8622
8622
8540
7876
7986
7986
8008
9112
9112
9122
9122
9122
9122
9122
9002
9002
9794
8866
8866
8866
8866
8960
9096
8986
8824
8824
8786
9166
9712
9800
9822
9808
8602
8462
8466
8430
8430
8430
8430
8418
8286
8236
8144
10464
10732
10732
10122
10218
10218
10238
10238
10306
10746
10746
10746
10746
10746
10746
10864
10864
10844
10844
10840
9682
9682
9682
10158
10158
10318
10504
10504
10136
10136
11566
11566
11566
11854
11810
9970
9970
9970
9318
8804
9406
9406
9734
9734
9734
9734
9770
9770
9838
9810
9810
9810
9808
9820
9820
9820
8064
8064
8042
8042
10420
10420
10666
10666
10666
10666
10666
10670
11416
11112
9558
9552
9552
9552
9552
9436
8502
8502
8508
8508
8368
8368
8368
8368
8368
9188
9188
9690
9690
9690
10156
10210
10210
10210
10210
10538
10538
8346
8414
8344
8388
8322
7654
7742
7742
7742
7742
7742
7682
7682
7642
8272
7904
7904
7940
7928
7954
7984
7986
7958
8172
8382
8382
8456
8456
8416
8436
8436
8414
8414
8242
7608
7592
7544
7634
8202
8202
8234
8468
8468
8202
8202
8128
8054
8054
8054
8054
8330
8330
8330
8360
8360
9128
9128
9128
9128
