700 1000 2000
862 304 374 111 530 19 507 333 950 588 199 353 249 526 651 389 770 856 794 414 627 893 406 769 610 844 995 795 78 757 38 895 265 376 36 917 221 260 905 224 954 957 625 423 395 96 560 165 649 76 241 490 964 796 13 361 599 598 305 447 468 626 743 458 75 561 41 947 821 944 441 446 106 28 702 239 400 282 185 55 44 427 146 679 97 888 160 962 230 748 864 35 462 176 731 438 298 435 681 193 614 128 633 574 742 9 999 368 866 2 46 508 943 972 788 81 747 278 140 534 378 408 274 870 889 741 177 922 851 5 20 478 233 908 618 231 547 536 724 65 519 483 548 647 945 949 502 689 114 484 854 294 264 382 324 225 393 169 891 787 161 192 229 632 204 833 83 855 572 710 852 705 300 459 549 466 619 47 183 112 621 872 309 558 723 936 33 703 72 194 535 509 206 577 412 875 273 923 482 763 325 171 565 312 567 510 761 167 804 60 661 332 403 387 780 939 149 797 912 861 636 346 629 736 326 148 135 823 129 738 411 932 315 422 362 911 542 281 994 479 595 646 100 296 103 520 217 157 69 662 152 494 3 497 303 575 4 245 967 663 755 142 84 295 442 816 656 790 262 722 791 730 713 504 396 127 678 848 887 752 327 263 555 690 489 367 227 685 311 877 209 348 517 585 554 14 372 380 8 30 219 82 609 541 538 965 432 843 290 375 156 958 830 377 475 31 109 449 677 488 701 980 951 70 753 366 373 398 902 340 343 392 779 277 242 62 876 601 498 608 976 568 977 728 162 835 784 279 240 339 879 883 579 680 452 6 198 707 744 170 391 768 537 186 532 301 918 657 17 989 789 299 903 611 596 91 993 824 110 126 244 956 762 456 25 172 22 892 969 612 781 124 771 686 811 766 553 370 451 179 853 566 98 925 719 602 809 261 955 329 52 272 909 630 251 58 289 430 364 491 987 840 540 846 73 739 894 559 717 573 828 288 571 716 998 101 708 499 344 817 941 166 802 500 214 196 210 310 258 880 429 287 280 448 782 383 718 168 523 963 102 250 984 201 477 275 94 812 255 570 145 151 818 254 990 139 56 397 799 645 485 658 307 42 356 470 822 551 11 628 133 725 521 803 463 89 338 45 590 426 921 946 104 765 237 158 68 313 669 635 660 906 591 890 659 873 437 961 683 600 85 306 155 775 181 358 814 915 18 709 12 785 53 248 335 399 115 834 706 587 341 668 154 137 460 654 666 959 583 385 268 543 643 829 774 314 350 187 913 528 34 174 26 557 524 164 107 952 518 776 948 417 991 759 77 684 564 49 293 464 37 869 845 132 61 860 667 603 516 688 931 334 323 283 988 342 184 469 842 924 228 360 297 914 652 858 495 212 351 276 234 792 916 409 253 700 394 320 904 215 720 216 696 226 992 859 671 605 29 673 190 715 322 331 189 594 871 16 960 21 444 223 749 546 415 644 51 929 552 868 974 63 691 938 648 80 676 569 637 211 120 88 735 384 131 550 259 471 316 352 79 182 751 586 933 354 721 90 604 419 897 122 481 32 767 874 805 512 418 218 87 756 884 813 857 407 576 675 726 697
1
1
0 585 345
0 128 806
0 646 815
1
1
0 224 105
1
1
0 739 772
0 374 86
0 792 773
1
0 268 777
1
0 848 15
1
0 18 953
1
0 543 501
0 806 792
1
0 676 150
1
0 618 108
1
0 586 379
0 794 401
1
0 598 764
1
1
1
0 717 200
0 169 863
1
0 540 638
0 858 48
1
1
0 843 639
1
1
1
0 902 778
1
1
1
1
0 483 374
0 645 631
1
0 829 655
1
1
1
1
0 660 213
1
0 346 284
1
1
1
0 260 328
0 720 252
1
0 218 926
1
1
1
0 681 50
1
0 3 966
0 532 783
1
1
0 552 402
1
1
1
0 686 841
0 673 461
0 77 836
1
1
0 889 885
1
1
1
1
0 278 562
0 944 39
1
0 324 195
1
0 58 130
1
1
1
1
0 97 302
1
0 9 92
0 294 886
0 411 308
1
1
0 976 134
0 199 503
0 743 664
0 49 727
1
1
0 63 578
1
0 887 346
0 751 416
1
1
0 736 580
0 990 613
0 811 940
1
1
0 845 317
1
0 441 23
0 400 336
0 541 232
0 254 650
0 742 645
0 382 934
0 643 159
0 56 93
0 461 238
0 38 634
0 626 584
0 621 43
1
1
0 954 453
0 130 400
0 242 843
1
0 781 786
0 609 837
0 787 581
0 662 260
1
0 977 954
1
0 448 318
0 558 319
0 184 985
1
1
1
0 790 184
1
1
1
1
0 19 278
1
1
1
0 189 563
1
1
1
0 888 790
0 774 347
1
1
0 824 242
0 766 410
1
1
1
0 338 38
0 890 321
0 274 653
0 675 95
1
0 217 349
0 342 944
0 219 927
0 438 527
1
1
0 926 660
1
1
1
0 131 838
0 915 887
1
0 302 888
1
0 696 865
1
1
0 395 606
0 29 711
0 645 552
0 730 935
1
1
1
0 452 246
0 187 337
1
0 871 40
1
1
0 94 640
1
0 139 291
0 349 404
0 635 420
0 326 641
1
1
0 594 968
1
0 451 970
0 108 71
0 277 349
1
0 263 996
1
0 726 582
1
0 145 217
1
1
1
1
0 946 424
1
0 410 363
1
1
0 780 480
0 377 597
0 87 845
0 308 428
0 535 405
1
0 214 858
1
1
1
1
0 998 113
1
1
1
0 822 642
0 499 780
0 642 467
1
1
1
1
1
1
1
1
1
1
0 432 410
0 216 704
0 639 0
0 765 18
1
0 475 49
1
1
1
0 290 670
1
0 314 787
1
0 661 971
1
0 50 94
1
1
1
1
1
0 744 726
1
1
1
0 818 338
1
0 280 973
0 509 910
1
1
0 631 50
0 82 509
1
1
1
0 85 867
0 916 205
0 943 324
1
0 458 607
1
1
1
1
1
1
1
0 994 314
0 509 7
1
0 462 915
1
1
1
1
1
0 814 116
0 748 266
1
1
0 182 254
0 670 496
0 327 798
0 200 425
0 400 839
0 351 898
0 527 847
0 68 54
1
0 49 800
0 383 400
0 762 472
1
1
1
1
0 625 108
1
0 966 848
0 374 117
0 41 342
0 853 878
1
0 677 585
1
1
0 6 586
1
1
1
1
0 4 214
1
0 722 661
1
1
1
1
1
1
1
1
0 577 118
0 107 997
0 952 465
1
1
0 50 82
1
1
1
1
0 248 448
0 151 853
0 265 513
1
0 402 609
1
1
1
1
0 466 381
0 796 662
0 816 107
1
0 859 748
0 601 739
0 554 793
1
1
0 113 74
1
1
1
1
0 606 937
1
0 172 631
1
1
0 923 919
0 962 589
0 856 975
0 471 187
0 162 928
0 904 665
0 213 256
0 332 635
0 336 151
0 927 698
0 316 395
1
1
1
1
1
1
1
0 668 302
0 853 712
0 580 188
0 888 692
0 749 374
1
1
1
0 115 213
1
1
1
1
1
0 176 765
0 635 402
0 194 522
0 813 97
1
1
0 463 19
0 318 635
0 481 247
1
0 573 216
0 389 888
0 101 525
0 691 920
0 657 668
0 522 942
1
0 912 169
0 549 1
1
0 560 263
1
1
0 37 749
1
0 279 243
1
1
1
0 589 24
0 547 162
1
1
1
0 102 794
0 229 796
0 802 774
1
1
1
1
0 479 411
1
1
0 770 589
0 468 801
1
1
1
1
0 552 539
1
0 217 27
1
0 321 351
0 575 573
1
1
0 817 601
0 306 29
0 536 994
0 666 802
1
0 74 180
0 613 522
0 168 849
0 110 527
1
1
0 26 355
0 392 49
1
1
1
0 370 450
1
0 784 77
0 569 382
0 959 946
0 498 26
0 350 294
1
0 508 369
0 312 552
0 470 189
0 530 613
0 800 277
0 104 810
1
0 246 580
1
1
1
0 933 279
0 180 306
0 898 350
0 568 916
1
1
1
1
1
0 406 143
1
1
1
1
0 347 981
1
0 134 37
0 804 365
0 602 280
1
1
1
0 702 41
1
0 70 421
1
0 177 750
1
1
1
1
1
1
0 628 505
1
0 879 101
1
1
0 778 308
1
1
1
1
1
1
0 291 492
1
1
0 334 235
0 26 454
1
0 812 770
0 86 657
1
0 416 952
0 522 290
0 893 26
0 741 923
0 71 907
1
0 92 370
1
0 581 926
0 500 592
1
1
1
1
0 101 493
0 127 99
0 769 92
0 521 406
0 215 85
1
0 31 686
1
0 845 754
0 711 312
0 210 413
1
1
0 312 246
1
1
1
1
0 972 717
0 250 431
1
1
1
1
0 527 455
1
0 329 312
0 920 215
1
1
0 114 920
0 873 927
1
1
1
1
1
0 242 912
0 103 845
1
0 211 329
0 435 50
1
0 770 110
0 656 699
0 110 702
0 640 56
0 15 656
0 376 163
0 54 959
1
1
0 517 457
0 773 347
1
1
1
0 715 711
1
0 233 527
1
1
0 429 773
0 52 498
0 772 962
1
0 171 416
0 761 316
0 296 998
1
0 932 383
0 595 691
1
0 649 593
0 897 930
1
1
1
1
1
0 117 850
1
0 413 853
1
1
0 489 693
0 345 932
1
0 37 265
1
0 892 831
0 46 413
1
1
0 572 130
0 739 357
1
0 496 191
1
0 877 3
0 301 110
1
1
1
0 915 332
0 347 670
0 48 229
0 974 800
0 395 615
1
0 243 804
1
0 308 489
0 576 101
1
1
1
0 367 889
1
0 92 966
0 162 972
0 845 6
1
1
0 776 554
0 988 856
1
1
1
0 600 233
1
1
1
1
0 848 371
0 287 386
1
1
0 662 321
0 719 131
1
1
0 838 714
0 427 974
1
0 492 549
0 995 31
0 670 824
0 860 250
0 727 568
1
1
1
0 684 168
1
1
0 209 113
1
0 942 806
0 574 217
0 397 468
0 31 715
1
1
1
1
0 679 330
1
1
0 259 121
0 493 395
0 284 359
1
1
0 876 31
0 5 37
1
1
0 753 594
0 201 727
0 924 639
1
0 320 859
1
1
1
0 349 995
0 945 976
0 258 811
0 786 569
1
1
1
0 507 46
0 788 388
0 424 257
1
0 2 719
1
1
0 122 102
1
0 379 52
0 973 258
1
0 846 694
1
1
1
1
0 951 766
1
0 93 729
1
0 17 54
1
0 482 236
0 756 57
1
0 586 48
0 431 753
0 281 720
0 396 242
1
0 193 640
0 862 540
1
0 314 541
1
0 312 141
1
0 56 58
0 245 56
0 659 86
0 22 114
1
0 467 730
1
1
0 912 284
0 62 291
1
0 755 529
0 961 845
1
0 566 807
0 346 788
0 527 301
0 95 115
0 708 616
1
1
0 478 193
0 637 424
0 885 871
0 959 2
1
1
1
0 148 103
1
1
1
1
1
1
0 714 326
1
0 997 600
0 257 808
1
1
0 989 243
1
1
0 980 860
0 280 945
0 750 345
0 694 521
0 958 530
1
1
0 853 427
0 131 873
0 688 117
0 767 312
1
0 156 879
1
1
0 567 15
0 615 320
1
0 227 642
0 44 104
1
1
1
0 225 492
0 582 308
1
0 669 66
0 608 739
0 348 714
1
0 841 314
0 110 318
0 565 722
0 344 687
1
1
1
0 181 862
0 234 522
1
1
1
0 542 429
0 631 659
0 297 662
0 810 443
1
1
0 418 876
0 888 418
0 49 234
1
0 406 451
1
0 779 988
1
0 655 376
1
1
0 972 59
0 420 877
1
0 338 44
0 701 708
1
1
1
1
0 353 732
0 278 701
1
1
1
1
1
1
0 300 431
0 236 816
0 126 915
1
0 158 257
1
1
0 169 881
1
0 412 452
0 583 750
1
1
0 66 595
1
0 854 236
0 317 649
0 526 134
1
1
1
0 938 598
0 215 958
0 525 317
0 630 144
1
1
1
0 81 367
1
1
0 936 245
1
0 157 194
0 616 461
0 752 248
0 35 81
1
1
0 187 560
0 914 327
0 831 810
0 152 740
0 248 666
1
1
1
0 502 169
0 480 506
0 430 959
1
1
1
0 633 458
0 639 95
0 23 377
1
0 863 630
1
1
1
0 166 430
0 146 882
1
0 959 406
1
1
0 53 812
1
1
1
0 871 389
1
1
0 947 951
1
1
1
1
1
1
1
1
1
0 855 379
0 371 259
0 425 813
0 671 733
1
1
0 813 933
0 798 87
1
1
1
0 870 152
0 350 615
1
1
0 771 119
1
1
1
0 861 846
0 654 947
0 387 654
1
0 238 655
1
0 198 156
1
0 909 542
0 887 92
0 373 887
0 837 420
0 418 470
0 663 110
1
0 449 755
1
0 801 798
0 15 93
0 156 418
0 282 334
1
1
1
1
1
1
0 933 122
1
1
1
1
0 988 15
0 384 586
1
1
1
0 343 123
1
1
1
0 563 125
1
1
1
1
0 915 734
1
1
0 364 35
0 190 449
1
1
1
0 400 507
0 444 126
1
0 30 829
1
1
0 419 861
0 141 924
1
0 301 62
1
0 613 336
0 62 462
1
0 809 62
1
0 937 162
1
0 85 933
0 553 547
1
0 860 85
0 889 338
0 960 885
1
0 83 543
0 16 643
0 550 801
0 150 888
0 660 390
0 996 419
0 856 63
0 101 602
0 374 22
0 87 606
1
0 89 267
0 522 909
1
0 543 30
1
1
0 360 387
0 748 977
0 380 138
0 839 608
1
1
1
1
1
0 455 278
0 513 628
0 656 645
0 24 23
1
0 295 736
1
0 116 972
0 309 285
0 998 224
0 755 942
1
1
1
0 497 525
1
1
1
0 261 741
0 833 550
1
1
1
1
0 427 973
0 193 83
1
1
0 46 613
1
0 447 87
0 318 860
0 90 737
1
0 458 24
1
0 985 127
1
1
0 806 46
1
0 600 767
1
1
1
0 702 936
0 233 912
1
1
1
1
0 501 600
0 470 412
1
1
0 994 444
0 704 742
1
0 36 863
1
0 95 89
0 547 166
1
0 862 646
1
0 649 517
1
0 468 870
0 972 871
0 196 620
1
0 232 972
1
1
0 550 743
1
1
1
1
0 737 318
1
1
0 214 937
1
1
0 0 16
1
0 85 171
0 963 522
1
0 289 581
0 727 95
1
1
1
1
0 115 261
0 788 806
0 517 616
1
1
1
1
1
1
1
1
1
1
1
0 162 837
0 391 914
1
0 843 702
1
0 323 938
1
1
0 361 499
0 601 809
0 404 769
0 873 770
1
1
1
1
0 787 771
1
0 142 295
0 305 959
1
0 311 737
0 113 978
1
1
0 522 778
0 124 843
1
0 2 4
0 43 113
0 851 979
1
0 389 360
0 245 776
1
0 700 727
1
0 294 238
1
0 224 384
1
1
1
1
0 355 391
1
0 907 915
1
0 163 813
0 450 744
0 592 621
1
1
0 278 943
0 768 896
1
0 169 268
1
1
1
0 412 115
1
1
0 629 601
0 107 768
1
0 589 688
0 924 425
1
1
1
1
1
1
1
1
0 35 412
0 357 565
0 967 814
1
1
1
0 492 74
1
0 308 694
0 212 438
0 171 116
1
1
0 743 380
0 705 669
0 915 455
0 443 994
0 167 960
0 337 980
1
1
0 578 704
0 11 695
1
0 369 631
0 859 961
1
1
1
1
1
1
1
1
1
0 452 982
0 885 85
1
1
1
1
0 913 131
1
1
1
1
1
1
0 829 963
1
1
1
1
0 130 90
1
1
0 857 745
1
0 591 124
0 646 245
0 279 439
1
1
0 616 617
0 815 967
0 668 873
0 110 0
1
0 370 427
0 55 64
1
0 909 101
1
1
1
1
1
0 40 17
1
0 968 779
0 330 684
1
0 260 432
0 974 670
1
0 539 743
1
0 469 968
1
0 821 232
0 715 369
0 363 696
0 937 681
1
1
0 382 616
1
0 194 974
0 742 35
0 356 937
1
1
1
1
1
0 266 404
1
1
0 810 266
1
0 216 190
1
1
1
0 969 486
0 232 715
0 939 207
1
0 326 563
0 152 500
1
1
1
0 109 501
1
1
1
0 403 574
1
1
0 485 939
0 957 389
1
0 662 107
1
0 534 305
0 975 308
1
0 1 566
0 993 885
1
0 736 618
0 980 278
0 863 897
0 562 957
0 830 543
0 183 825
0 955 36
1
0 79 292
1
1
1
1
1
1
1
0 238 622
1
1
1
1
0 14 679
1
1
1
0 681 66
0 159 355
1
0 44 343
0 908 337
0 126 433
1
1
1
1
0 57 623
0 805 40
0 490 567
0 19 382
0 546 167
0 529 841
0 245 572
1
1
0 739 126
0 843 550
1
1
1
0 195 898
1
0 937 969
0 47 323
1
0 958 396
1
0 129 502
0 223 805
0 979 958
1
1
0 137 67
1
0 618 810
1
1
0 879 889
1
0 456 639
0 971 392
0 127 815
1
1
0 964 434
0 405 817
0 920 397
1
1
0 947 344
0 352 43
1
1
0 306 5
0 317 346
1
0 322 544
0 28 964
0 714 400
0 657 44
0 395 656
1
0 825 818
0 358 993
0 697 127
0 570 772
0 818 109
1
1
0 984 435
0 394 152
1
0 560 492
0 275 110
1
1
0 528 996
1
0 506 128
0 612 618
0 284 781
1
1
1
1
0 729 697
1
1
0 319 624
0 18 79
0 958 347
0 571 394
1
0 81 975
1
1
1
1
0 999 129
1
0 378 395
1
0 771 403
0 84 436
0 834 81
1
0 192 440
0 598 300
0 290 862
0 77 955
0 565 279
1
1
0 898 526
0 718 784
1
0 538 729
0 878 818
0 366 260
1
0 636 130
1
0 334 681
0 6 378
1
0 715 348
1
0 267 819
1
0 109 441
1
0 113 636
0 569 136
1
0 563 569
1
0 87 137
1
1
1
1
0 713 289
1
0 402 820
0 61 68
1
0 320 334
0 338 979
0 277 466
1
0 608 447
0 603 402
0 692 493
1
0 974 405
1
0 454 443
1
1
0 384 445
1
0 982 139
0 605 467
1
1
0 551 506
1
1
0 217 238
1
0 720 109
0 315 450
0 521 208
0 268 705
1
1
1
1
1
1
0 441 452
0 263 113
0 784 713
0 993 84
1
1
0 978 192
0 190 171
1
1
0 847 662
1
0 408 971
0 564 280
0 845 958
1
1
1
0 102 408
0 650 47
1
1
0 744 49
1
0 778 974
0 636 598
1
1
0 956 714
1
1
0 865 441
1
1
1
0 205 301
0 948 454
1
0 680 682
0 931 556
1
0 747 890
0 401 838
0 653 657
0 376 309
1
1
1
0 396 545
0 126 496
0 780 376
0 390 456
1
0 803 878
1
0 54 458
0 544 646
1
1
0 543 892
0 705 187
0 3 879
1
1
1
1
0 17 190
1
1
0 696 193
0 682 937
1
0 83 558
1
1
1
0 777 468
1
0 468 508
1
1
0 912 17
1
0 423 760
1
1
0 346 625
1
1
0 973 463
0 247 245
0 360 423
0 280 468
1
1
0 773 469
0 659 470
1
1
1
1
1
0 161 267
1
0 229 521
0 918 263
0 110 471
0 766 77
0 26 384
0 489 931
0 67 893
1
0 888 898
0 526 473
1
0 461 70
1
0 684 474
1
1
1
1
0 622 53
0 384 649
0 691 993
1
0 259 736
0 380 575
0 453 766
1
1
0 588 366
0 579 9
1
1
0 963 582
0 686 997
1
1
1
1
1
0 962 453
1
1
0 4 175
0 910 888
1
1
1
0 331 126
1
0 16 141
1
1
1
1
0 27 14
0 618 338
0 33 691
0 883 839
0 470 461
1
1
0 885 668
0 208 352
0 432 142
1
0 179 145
1
0 808 715
1
0 382 718
1
0 874 956
1
0 456 478
1
0 381 346
1
1
1
1
1
0 736 653
1
1
0 335 146
1
0 230 16
0 272 57
0 770 526
0 888 899
0 393 456
1
0 423 546
0 12 843
1
1
0 537 845
0 613 214
1
0 669 680
1
0 293 808
0 807 26
1
0 835 618
0 234 194
0 899 583
1
0 870 560
0 279 268
1
0 946 315
1
0 492 650
1
0 328 147
0 307 148
1
1
0 526 562
0 795 924
1
1
0 104 18
0 94 705
0 78 489
1
0 996 659
1
1
0 53 306
1
1
0 408 612
0 523 390
1
0 460 736
0 44 962
1
0 426 269
1
0 647 87
0 405 380
0 732 432
1
0 548 907
0 111 732
1
0 40 460
0 403 863
0 817 784
1
1
0 255 603
0 546 692
1
0 868 973
0 20 739
0 741 633
0 727 647
1
1
0 896 696
0 937 10
1
1
0 343 946
0 41 570
1
0 967 27
1
1
1
1
0 878 487
0 50 937
1
1
1
0 600 982
0 516 608
0 938 700
0 837 110
0 979 821
0 147 605
1
1
0 262 847
0 417 669
0 48 938
0 409 963
0 572 720
1
1
1
1
