1000 50 40 959
457 1
675 2
555 3
764 4
647 5
152 6
234 7
963 8
679 9
436 10
242 11
815 12
726 13
7 14
668 15
386 16
382 17
620 18
353 19
594 20
465 21
44 22
853 23
163 24
850 25
987 26
603 27
224 28
773 29
645 30
805 31
405 32
697 33
953 34
697 35
347 36
874 37
847 38
928 39
923 40
700 41
390 42
2 43
775 44
695 45
896 46
812 47
586 48
434 49
656 50
451 13
104 45
966 33
6 13
232 7
21 15
667 20
1000 41
81 30
201 9
227 1
146 38
322 33
393 29
852 1
691 12
984 46
569 8
36 48
577 38
173 37
718 7
973 32
647 16
406 4
850 33
612 30
780 39
197 47
997 19
304 5
505 47
90 14
857 32
459 25
698 15
166 4
24 16
854 5
980 43
53 22
514 45
323 2
582 43
683 27
783 7
724 3
626 48
4 33
958 18
652 33
250 47
841 20
92 12
164 21
617 33
837 18
650 9
499 23
487 2
83 32
110 36
320 35
567 30
224 34
800 21
772 37
589 28
352 36
259 13
428 18
926 48
63 47
245 21
713 2
671 7
680 46
726 4
757 41
176 38
395 35
155 26
428 48
727 27
956 19
209 36
906 44
236 50
604 3
629 2
567 48
695 20
623 16
147 35
26 13
993 45
684 36
625 32
875 10
345 2
487 2
352 50
479 34
384 32
184 12
789 7
903 31
795 17
995 15
128 22
225 49
643 44
817 42
207 29
217 46
891 22
753 14
18 4
370 25
604 43
362 18
374 12
713 11
820 43
630 32
818 48
503 10
871 48
142 40
120 38
515 9
725 32
38 44
846 49
395 50
639 13
921 42
988 16
125 8
583 7
546 3
408 23
530 34
634 4
874 3
809 6
387 13
763 10
915 32
860 11
31 6
952 28
977 42
637 30
508 44
495 28
421 36
846 42
305 31
329 31
741 41
457 44
964 11
640 47
845 46
183 29
247 1
806 11
167 7
674 18
229 17
583 32
459 39
629 41
131 34
672 19
525 49
397 49
393 20
648 42
526 22
920 34
247 20
287 33
324 14
319 6
884 18
530 15
123 29
830 22
813 12
479 2
878 16
322 28
286 31
206 19
436 7
294 45
422 21
948 9
344 7
515 41
666 43
830 37
350 10
124 35
170 25
93 35
173 46
858 12
372 7
623 33
172 20
930 32
927 1
231 7
473 47
819 4
78 30
507 36
532 41
764 13
333 17
953 20
186 38
986 20
20 2
9 29
409 14
357 45
786 14
198 45
810 10
489 20
577 26
731 39
404 27
80 26
561 50
921 44
961 7
389 40
34 29
782 8
926 44
113 31
220 19
917 35
547 45
666 3
984 20
310 40
293 23
641 34
904 3
858 31
402 34
140 6
197 28
316 24
728 36
209 41
814 1
910 18
116 20
554 42
899 44
167 18
989 2
765 12
164 26
120 3
184 26
596 50
213 14
688 16
415 38
118 15
446 27
559 15
234 1
378 17
911 12
605 1
65 29
171 19
914 2
785 10
994 40
342 34
627 38
14 32
277 26
294 32
416 43
469 35
511 13
580 8
56 20
216 43
486 4
355 1
713 38
359 4
53 11
316 39
909 12
108 12
179 31
493 24
639 37
888 41
96 48
417 23
316 36
748 39
401 32
208 12
936 30
773 30
270 45
600 38
484 21
926 45
126 6
317 47
619 40
499 44
426 13
800 31
19 10
862 18
345 38
258 13
30 43
968 46
679 5
839 48
438 47
592 19
416 27
608 20
653 31
897 40
530 13
112 41
953 46
316 35
234 41
653 28
591 5
458 20
375 22
503 41
161 25
62 44
98 11
68 42
701 35
754 25
980 27
871 41
977 21
541 46
482 26
123 49
207 14
432 39
234 12
673 40
738 47
973 6
218 49
978 7
807 30
999 22
901 20
348 7
986 17
918 32
985 27
447 33
532 2
607 50
629 38
136 25
848 1
264 43
149 12
379 27
906 41
528 24
785 1
839 34
899 40
915 17
431 48
350 27
493 50
904 4
922 10
105 23
863 38
621 14
626 3
198 23
695 11
391 10
887 17
851 18
511 1
489 15
137 28
898 17
814 12
256 32
943 48
351 20
309 24
939 50
751 19
375 14
798 24
420 31
657 19
435 48
57 16
660 18
228 9
22 44
773 8
188 15
624 30
504 4
291 26
871 24
105 14
823 8
636 32
964 40
231 7
395 38
377 3
265 22
216 15
804 1
715 18
577 31
62 30
592 8
15 3
48 2
818 22
471 17
607 14
857 35
848 2
327 32
660 29
919 20
152 5
970 44
237 29
439 29
604 22
483 29
572 37
430 11
241 7
226 25
507 6
857 13
159 11
642 1
390 34
348 1
336 11
976 15
803 34
100 20
82 44
627 42
599 14
641 34
730 7
76 12
962 28
62 35
430 48
359 24
137 20
101 24
309 46
777 18
663 22
824 43
189 41
776 44
744 50
472 27
825 14
328 48
619 26
914 48
119 40
50 12
749 13
329 22
298 39
549 50
979 41
238 49
312 16
553 29
607 46
2 50
52 31
873 12
178 38
490 43
538 19
72 1
760 11
807 7
44 8
985 15
495 19
793 47
54 43
403 21
614 34
955 41
344 33
189 21
462 13
310 9
949 24
198 34
446 23
272 18
760 20
333 17
743 41
479 47
129 13
703 43
880 26
7 20
118 20
811 15
663 22
29 10
931 14
885 28
266 46
838 46
992 18
246 9
259 3
336 40
138 18
892 43
344 8
975 43
264 9
57 33
942 13
568 3
606 8
732 12
190 13
842 31
631 27
919 1
977 36
535 10
753 21
117 16
738 5
166 24
341 29
527 19
805 16
414 16
186 5
414 32
533 42
126 17
17 16
859 20
936 49
810 50
373 27
632 17
538 18
1000 27
496 43
228 39
748 16
869 6
864 28
258 13
958 44
936 45
360 46
28 17
693 29
716 13
62 13
761 45
571 45
669 32
993 1
815 10
407 45
665 32
826 16
743 28
377 48
745 18
170 27
647 4
603 46
727 18
511 36
22 8
768 43
963 20
477 28
498 19
18 18
974 7
233 25
536 16
886 31
60 4
845 9
849 30
742 42
680 39
53 39
282 36
392 4
144 9
123 6
216 45
766 10
488 35
264 43
367 20
439 30
930 7
541 4
192 33
817 2
911 17
391 1
673 4
804 7
716 1
72 31
317 34
266 5
604 29
149 22
851 42
838 24
202 16
495 12
265 13
429 45
628 45
773 43
539 3
101 41
718 49
905 2
34 42
226 5
603 37
846 30
778 14
435 42
69 27
905 42
782 7
907 1
524 31
926 23
641 1
339 34
691 33
637 14
719 9
873 29
799 48
750 48
83 10
783 16
194 20
31 48
443 32
435 26
992 22
33 16
66 44
527 49
602 4
152 17
608 11
304 35
243 40
876 28
421 15
731 21
277 43
911 15
71 34
424 19
674 28
658 41
879 47
879 26
854 14
643 14
366 45
88 30
104 41
803 29
622 44
436 32
624 44
976 21
770 45
938 14
357 23
289 50
325 5
600 39
462 32
376 40
53 13
284 10
570 26
221 50
247 36
598 4
471 46
718 8
884 34
32 30
242 22
40 23
774 39
376 21
252 31
476 12
782 50
295 50
617 50
180 34
727 41
92 1
252 9
119 12
995 49
352 24
306 6
265 2
20 11
70 12
84 2
657 32
920 42
528 24
533 13
739 7
179 34
359 38
969 10
511 49
925 47
705 41
275 29
237 36
465 19
186 16
706 18
831 23
818 38
289 22
367 1
905 17
552 27
116 21
749 17
633 7
649 33
729 48
1000 13
408 16
57 25
13 23
395 41
388 1
738 37
566 4
169 16
431 6
327 22
30 24
187 13
99 4
272 8
900 30
332 17
32 31
975 30
302 8
533 28
433 45
372 49
643 5
781 33
391 42
218 6
949 35
995 14
210 16
589 16
806 38
94 15
191 3
616 37
152 18
816 22
956 43
393 21
930 4
212 32
284 35
526 45
304 31
224 38
63 50
524 16
332 32
819 44
542 35
571 32
536 36
353 27
292 37
887 28
256 24
954 33
755 30
9 10
814 47
342 27
155 41
153 26
339 8
307 16
24 18
946 46
792 4
350 22
658 48
469 38
409 2
145 17
732 21
376 47
994 45
277 18
456 37
727 12
256 45
23 31
287 41
440 31
606 29
489 9
929 42
208 3
438 3
577 49
91 36
186 37
507 18
216 2
394 21
586 14
559 24
193 47
211 15
151 16
826 23
587 15
583 15
411 10
113 30
943 29
620 27
244 45
296 46
406 25
67 35
850 16
225 38
190 8
983 25
415 2
796 33
797 18
228 24
934 44
287 10
658 26
16 2
999 35
958 35
793 16
904 11
266 43
218 44
685 20
430 20
723 14
171 32
194 7
83 28
762 21
563 35
787 44
120 4
386 14
305 31
508 21
529 37
14 28
321 3
165 10
93 37
10 45
267 7
283 23
209 29
21 8
