1000 50 400 7792
820 1
414 2
209 3
946 4
164 5
114 6
733 7
806 8
270 9
318 10
608 11
998 12
424 13
385 14
854 15
84 16
193 17
93 18
730 19
403 20
292 21
386 22
142 23
423 24
296 25
227 26
788 27
703 28
843 29
868 30
804 31
87 32
852 33
968 34
41 35
717 36
153 37
817 38
895 39
893 40
464 41
420 42
642 43
823 44
794 45
426 46
283 47
819 48
917 49
768 50
139 23
766 2
229 7
854 30
270 10
99 26
256 49
310 34
469 45
955 2
380 17
10 18
195 28
252 8
10 14
373 15
884 36
164 49
198 17
643 48
191 25
928 22
727 14
586 42
686 49
918 10
165 21
508 35
447 37
665 19
853 45
858 36
398 10
416 17
60 35
872 31
423 10
992 34
363 19
575 2
423 20
478 44
749 6
771 3
406 37
272 22
287 30
925 31
956 19
691 35
989 16
381 20
567 28
410 10
38 23
664 47
146 31
920 28
322 49
295 24
614 24
217 46
819 12
538 30
905 32
771 34
462 29
998 30
489 50
14 23
888 38
601 23
793 25
180 17
97 48
969 2
650 34
655 3
996 7
783 22
225 24
679 19
934 40
569 15
288 17
717 45
290 37
696 31
74 9
374 24
654 10
375 32
525 31
682 32
672 31
895 9
526 35
421 32
649 46
146 8
545 35
867 19
713 28
313 32
268 38
916 11
413 4
475 23
251 27
52 9
733 42
59 20
469 3
775 41
349 34
833 32
716 44
109 22
895 25
777 24
275 18
665 44
747 36
296 30
300 47
101 38
887 14
395 36
4 17
653 7
451 13
686 6
961 26
210 15
958 46
632 45
122 9
550 19
286 16
980 39
448 17
669 29
597 46
962 26
683 25
384 14
757 6
719 26
852 9
642 25
105 36
752 8
524 49
311 1
900 45
126 18
737 7
281 23
569 39
796 27
866 20
821 47
645 16
232 33
158 20
616 12
753 8
709 32
792 4
699 28
830 5
968 2
890 5
70 17
821 15
327 25
269 12
731 25
728 37
910 27
578 4
281 37
433 38
817 47
740 5
65 49
923 2
943 22
139 39
394 41
834 46
437 9
312 26
276 28
762 49
139 12
277 48
118 20
895 5
110 2
905 37
630 48
912 14
322 35
788 22
614 10
281 19
528 44
739 5
971 29
747 49
260 46
801 43
925 15
270 2
27 47
476 2
320 36
911 16
443 9
428 33
565 30
538 37
917 34
294 40
992 14
127 39
803 49
796 44
924 48
681 40
78 33
678 1
398 46
910 24
103 2
241 49
330 25
881 11
62 43
233 1
279 20
333 24
778 38
562 40
936 22
19 39
86 19
635 17
353 18
859 32
884 27
525 3
908 18
606 9
379 46
390 30
855 34
61 2
288 43
707 42
356 3
223 14
892 48
878 38
879 21
346 31
580 26
792 27
911 49
663 21
877 12
632 24
159 26
858 26
786 29
225 47
556 46
980 34
467 4
796 19
315 25
106 3
754 12
953 23
276 49
352 17
815 45
342 3
396 5
148 11
878 41
776 24
155 15
248 14
569 45
653 15
895 36
949 6
27 18
438 11
577 50
620 37
462 36
941 13
856 35
752 42
937 14
899 26
376 40
697 19
787 18
949 9
829 24
735 38
140 27
29 3
38 47
178 41
960 48
182 16
494 42
788 2
960 49
223 39
666 43
810 43
85 3
302 28
53 19
80 14
880 35
281 31
740 20
639 1
123 18
435 7
546 9
102 21
340 7
825 30
740 15
551 42
662 25
167 26
604 15
584 38
113 4
217 20
771 6
790 50
552 50
582 16
734 48
457 36
271 35
471 15
58 35
764 25
248 7
401 41
648 23
457 12
365 26
644 34
417 30
821 37
715 1
257 3
778 10
336 48
141 30
318 31
637 21
71 13
217 1
95 42
130 44
818 21
37 15
765 21
349 48
403 39
437 3
93 46
469 33
606 40
148 50
252 41
380 23
716 10
291 48
68 49
480 11
675 36
342 14
679 34
926 4
445 32
737 4
142 29
248 2
562 37
877 39
424 22
273 45
390 29
375 5
18 30
88 25
75 45
181 37
763 27
190 9
835 17
140 24
983 40
493 39
912 47
941 33
369 15
673 38
478 22
614 11
577 48
488 41
660 7
676 47
343 15
447 33
580 45
236 34
565 2
898 35
182 6
179 50
246 48
925 28
650 31
716 16
965 20
459 2
6 20
142 25
85 14
504 39
908 36
504 33
342 14
434 8
156 35
246 34
943 36
926 45
2 27
276 18
79 24
501 6
164 33
91 50
342 50
750 1
326 26
556 26
450 40
518 32
569 17
568 9
815 33
573 36
724 29
374 38
976 18
773 7
652 21
713 27
192 44
111 22
506 25
465 16
810 25
107 48
783 31
449 12
584 50
615 37
54 25
901 36
76 23
850 23
516 32
79 14
724 21
814 46
922 46
724 37
68 11
17 17
856 34
86 21
602 10
627 29
742 24
358 34
52 20
65 9
725 10
315 22
815 27
735 9
292 28
645 31
170 41
697 21
410 14
208 32
672 45
56 15
650 23
449 44
427 17
790 30
700 50
534 12
138 42
358 15
560 15
627 38
82 36
560 26
6 21
1 4
161 25
48 32
336 36
533 14
313 14
370 37
173 28
517 21
852 12
201 23
63 16
456 30
869 21
564 35
187 7
957 25
44 1
67 37
781 31
739 13
116 36
524 32
647 31
266 48
908 47
346 11
658 48
948 35
686 47
590 4
191 37
559 15
60 49
788 13
268 2
311 33
40 18
204 48
627 21
534 45
562 41
213 19
830 2
227 17
91 12
766 30
9 28
702 40
903 20
494 6
403 42
893 31
159 29
673 6
268 3
215 11
201 11
981 9
176 20
411 50
272 5
319 7
847 25
91 34
529 43
831 18
402 45
465 8
259 9
947 28
294 42
505 5
192 28
707 41
756 13
48 7
859 33
130 5
158 30
272 5
559 45
344 15
796 17
289 17
366 11
27 31
697 5
660 8
424 34
371 17
34 14
586 48
636 17
946 13
271 40
502 47
274 47
727 15
137 1
509 17
547 34
346 48
248 14
219 49
176 34
849 40
792 5
916 47
488 48
947 13
90 10
704 46
509 45
942 42
599 12
558 46
655 24
715 43
1 36
256 8
726 35
917 32
933 37
763 35
455 49
579 36
401 34
660 18
68 50
242 6
139 3
920 8
995 15
658 30
565 42
319 45
475 38
613 21
744 34
253 9
421 49
617 28
765 23
79 26
572 45
866 20
891 7
865 32
312 42
616 17
115 37
516 18
117 17
468 29
775 44
560 21
835 24
819 41
699 19
843 49
862 29
539 41
464 6
594 9
434 34
898 39
235 17
949 38
783 9
633 32
274 14
243 10
789 29
676 14
591 41
278 9
158 31
363 38
598 26
678 39
685 33
871 42
557 29
565 43
446 5
343 28
114 11
701 41
815 14
275 40
399 33
876 5
933 48
687 18
899 49
170 14
583 19
618 14
524 31
489 40
276 28
365 20
675 21
854 35
898 48
561 31
395 6
566 21
308 39
543 11
300 7
987 3
696 43
610 19
25 39
818 10
689 12
62 1
82 3
616 24
639 9
427 50
857 39
196 9
745 2
52 1
917 11
868 37
159 48
527 6
90 35
962 35
921 4
530 20
448 4
502 13
531 30
783 25
498 9
461 33
479 44
68 25
786 35
395 5
257 1
426 11
454 9
467 32
348 8
748 46
911 23
999 37
424 45
978 48
357 10
508 46
672 5
188 8
985 46
60 49
192 50
468 17
667 37
249 9
783 8
812 30
105 17
165 19
427 21
742 39
989 20
723 34
344 22
219 26
804 45
698 1
254 46
372 45
971 26
343 7
810 34
131 6
205 40
619 27
483 34
593 39
815 27
362 27
379 42
464 34
91 4
646 45
535 10
47 6
769 22
600 23
532 7
195 27
609 15
41 48
348 30
151 48
85 49
870 44
308 43
319 50
414 34
643 33
639 42
423 30
46 33
405 44
732 25
777 10
377 23
352 6
61 1
634 1
385 42
824 38
68 24
603 24
905 46
468 15
118 1
279 26
40 4
455 46
284 20
761 44
793 37
408 45
99 49
316 45
16 50
158 16
558 31
341 12
619 38
337 38
232 22
712 30
221 11
809 24
62 9
922 25
410 36
199 11
857 7
242 43
197 14
135 22
918 16
171 39
686 35
77 31
624 13
710 31
919 20
875 2
936 25
415 35
155 44
571 14
870 1
307 5
630 7
228 27
245 13
333 28
72 35
749 5
395 15
188 31
57 50
41 38
605 14
370 4
895 12
603 4
384 42
976 41
177 13
807 3
695 41
175 34
621 41
182 3
822 16
524 15
616 44
756 25
207 25
519 16
743 35
476 14
786 38
630 38
868 5
439 21
26 5
409 32
562 28
358 35
164 33
331 45
660 50
363 2
432 40
978 48
342 12
12 5
269 2
295 47
328 39
910 23
277 4
311 35
