1000 60 900 832
211 1
128 2
611 3
240 4
675 5
402 6
829 7
550 8
669 9
866 10
278 11
499 12
352 13
405 14
653 15
949 16
237 17
536 18
140 19
266 20
734 21
915 22
308 23
532 24
418 25
996 26
53 27
52 28
838 29
590 30
251 31
220 32
638 33
138 34
153 35
24 36
469 37
884 38
7 39
149 40
123 41
98 42
51 43
550 44
43 45
305 46
77 47
666 48
137 49
668 50
480 51
23 52
268 53
335 54
370 55
718 56
635 57
721 58
616 59
427 60
270 48
281 38
621 39
998 60
806 15
168 39
343 21
632 4
155 24
585 5
270 60
627 24
856 11
555 13
246 2
290 11
609 48
184 34
882 5
287 8
228 33
451 33
133 44
137 40
891 36
254 56
16 38
265 42
868 2
174 41
116 35
514 20
277 15
541 47
425 16
13 22
236 28
84 5
555 33
972 48
391 17
58 52
406 40
536 1
985 17
793 36
457 50
590 52
167 59
206 53
595 57
344 45
729 40
857 20
139 46
820 30
757 49
748 53
259 31
913 41
733 11
182 39
67 38
190 29
533 38
227 23
873 36
649 25
159 48
359 20
888 5
406 59
244 56
246 1
821 58
964 28
372 37
625 30
963 1
431 57
380 33
234 13
293 3
291 11
24 38
48 31
678 46
95 9
711 48
795 56
164 4
522 37
553 55
765 58
62 9
166 23
365 49
89 34
319 14
210 36
929 11
679 57
230 45
169 45
842 55
112 22
226 41
965 8
168 19
608 47
145 10
169 57
689 48
382 46
265 4
566 15
181 12
459 58
818 34
549 23
57 44
195 38
193 2
925 21
164 33
623 47
580 44
998 40
674 27
868 34
880 2
498 29
845 59
584 55
37 21
396 59
216 24
509 44
921 53
884 46
270 33
773 57
430 40
920 52
577 11
373 53
303 33
194 39
997 52
753 3
519 13
227 8
761 45
886 47
944 38
893 34
439 32
176 4
294 57
768 19
417 38
561 34
235 16
485 49
612 30
829 3
942 41
512 56
864 56
909 12
417 26
760 55
95 42
16 34
461 9
908 16
581 56
959 14
424 33
559 7
24 31
669 40
693 47
898 47
508 42
171 39
437 41
859 40
956 27
349 41
655 10
79 43
693 11
587 19
935 29
915 10
300 50
699 14
658 9
674 21
201 6
168 4
928 9
604 37
567 20
217 4
897 18
845 56
80 51
4 26
339 52
720 41
457 54
202 13
984 38
74 26
582 29
746 20
678 4
921 3
379 49
15 22
450 34
413 35
600 53
866 57
184 9
287 35
807 50
833 59
702 43
514 44
447 16
829 45
684 52
567 54
85 32
220 2
72 44
440 27
958 1
15 2
102 42
391 24
324 53
54 9
811 21
347 44
798 23
11 43
384 28
947 56
166 46
447 24
708 11
424 26
83 25
776 35
10 56
995 34
452 49
960 39
149 12
865 20
163 18
703 1
181 56
369 18
441 60
919 21
851 6
488 30
809 52
580 50
715 45
478 19
829 16
281 23
773 33
481 11
78 59
101 29
766 24
115 1
972 23
230 13
570 20
242 52
263 23
995 5
517 30
38 47
353 11
811 42
677 40
223 28
173 48
955 46
811 55
958 45
889 40
893 35
857 11
619 37
628 18
47 35
264 40
255 36
678 30
888 40
318 35
970 14
589 32
47 1
201 51
3 7
339 3
682 15
459 39
680 59
852 40
456 22
307 38
809 60
556 47
724 29
458 2
556 51
196 6
269 5
17 26
427 36
98 53
827 16
660 13
839 49
412 36
805 27
554 47
420 56
986 20
198 35
457 7
97 58
186 41
911 45
883 34
631 18
468 33
461 14
895 46
429 6
709 22
831 43
363 17
779 25
376 45
22 48
359 59
354 12
350 37
28 9
376 53
262 35
609 53
373 11
20 13
221 14
138 42
688 35
662 58
50 59
923 32
519 27
849 28
362 38
803 9
476 51
532 36
551 19
928 41
407 3
515 37
491 23
802 10
992 12
611 49
324 30
678 56
732 28
294 21
84 3
229 41
5 59
714 20
972 21
828 7
746 36
512 25
254 38
890 46
148 58
34 19
269 7
875 30
867 58
770 11
739 37
322 15
13 52
542 51
40 37
45 27
299 20
853 23
325 14
762 18
428 37
539 50
8 44
487 35
868 16
91 50
453 51
542 45
519 9
802 6
700 24
812 17
797 32
931 11
737 36
275 18
525 17
580 44
466 55
167 40
160 3
641 28
65 25
469 52
220 37
446 51
526 14
140 5
508 7
437 51
979 34
914 58
895 51
204 34
1000 3
899 2
457 22
271 16
116 28
551 21
806 11
652 59
345 26
140 49
288 22
615 42
479 42
907 28
879 16
365 29
701 20
181 28
279 15
174 56
685 18
323 18
931 50
293 52
873 47
753 20
585 56
110 19
20 47
662 17
721 10
196 1
914 48
438 7
967 6
19 32
730 48
292 56
244 36
716 9
686 9
44 53
26 23
104 7
198 12
970 60
476 38
122 48
129 56
510 35
127 51
78 12
975 3
788 30
173 20
230 5
93 46
376 59
581 14
830 31
850 14
614 26
841 37
412 29
941 19
915 44
763 43
309 18
331 42
419 34
47 24
647 55
454 8
795 20
974 24
761 50
363 12
129 8
568 34
722 36
324 56
909 1
681 45
376 23
294 31
960 9
120 2
99 12
641 33
261 57
15 8
664 1
110 12
494 28
248 33
871 17
826 7
971 5
402 50
455 47
996 60
453 49
321 59
469 42
244 30
734 31
122 21
755 33
955 28
271 42
683 60
430 16
826 26
584 25
854 13
948 10
962 32
720 51
954 18
124 9
759 19
10 59
681 37
335 16
422 30
472 35
375 14
139 13
302 7
586 22
743 36
881 58
908 7
826 37
620 18
188 43
69 40
247 55
298 52
571 58
748 45
359 42
143 50
754 10
31 49
960 46
914 1
453 39
807 39
355 33
950 25
607 37
466 35
109 27
411 5
69 36
170 42
17 48
532 47
108 21
982 22
323 38
826 60
862 18
285 43
511 53
704 1
370 9
908 2
176 50
998 47
666 37
140 38
631 3
404 41
524 16
383 36
602 26
622 35
57 58
973 21
436 1
10 6
726 16
830 17
238 7
36 26
632 36
478 58
991 30
206 13
297 60
932 18
596 24
997 21
900 15
741 30
648 2
96 30
37 23
371 11
235 37
515 49
287 41
541 8
838 58
93 8
565 36
821 41
135 14
425 45
341 48
620 50
160 41
442 6
249 53
280 35
219 45
730 30
170 18
11 24
206 52
500 45
352 24
999 21
927 46
813 49
96 48
593 36
20 51
93 37
896 14
502 38
800 13
539 1
620 19
611 52
721 1
221 2
95 16
849 2
993 11
801 10
191 60
727 46
37 4
92 47
102 54
963 16
665 26
200 43
873 35
625 50
772 23
835 14
200 11
722 38
365 17
166 41
365 9
89 53
166 31
403 14
591 47
155 8
143 20
434 15
876 34
161 13
808 2
348 3
821 34
769 18
831 48
715 21
77 23
811 52
380 49
567 11
416 51
360 32
973 7
117 48
563 39
597 35
19 35
938 59
380 10
14 52
365 36
768 56
57 19
685 16
527 48
634 4
242 28
441 55
142 32
139 59
489 19
676 58
402 46
42 57
902 6
827 14
589 25
892 39
145 32
121 18
633 49
9 7
406 16
875 48
831 52
934 54
998 47
346 24
987 60
247 18
246 47
215 2
141 38
556 29
505 23
39 52
167 59
262 2
2 13
221 49
111 52
44 40
366 22
457 36
658 48
582 30
227 15
901 28
32 58
146 9
864 2
100 39
123 38
137 53
806 1
752 26
234 35
405 32
690 50
156 9
290 60
877 27
55 6
747 60
145 35
23 55
245 9
611 2
459 2
68 33
598 14
304 5
764 24
652 15
641 15
361 44
389 36
929 30
342 28
624 22
55 59
5 24
68 32
691 1
906 15
878 47
440 39
472 59
113 19
815 47
629 8
672 2
972 3
377 8
210 30
855 22
829 32
174 44
671 24
210 1
77 53
12 47
497 18
23 57
716 53
733 50
231 59
187 19
12 46
925 37
308 45
285 13
271 12
47 16
190 44
219 45
111 34
627 42
534 58
691 59
57 28
498 14
772 2
726 41
543 44
476 41
29 22
80 12
227 3
271 42
833 34
773 2
652 45
699 52
396 4
349 27
573 18
553 16
889 27
310 45
694 56
949 33
614 14
706 23
424 36
835 12
401 27
875 34
918 27
95 41
67 24
365 40
938 30
914 57
296 41
105 43
23 3
772 8
201 44
591 60
377 13
873 1
424 40
504 53
802 31
485 31
880 26
904 18
134 27
549 40
43 22
15 4
614 37
295 37
891 55
226 57
255 23
305 47
487 34
438 54
759 31
651 15
112 2
561 41
326 20
921 13
700 41
585 49
154 23
42 2
361 40
932 1
880 27
549 20
392 57
63 21
679 15
211 36
401 22
716 34
