1000 500 50 190
690 1
336 2
676 3
913 4
822 5
604 6
163 7
646 8
794 9
843 10
884 11
297 12
142 13
315 14
732 15
504 16
970 17
782 18
233 19
883 20
241 21
589 22
274 23
672 24
386 25
471 26
578 27
584 28
5 29
25 30
590 31
512 32
426 33
312 34
489 35
382 36
659 37
812 38
960 39
771 40
390 41
551 42
126 43
304 44
825 45
829 46
897 47
534 48
883 49
591 50
119 51
747 52
127 53
77 54
789 55
679 56
607 57
708 58
957 59
288 60
887 61
85 62
659 63
950 64
976 65
615 66
625 67
28 68
412 69
889 70
324 71
974 72
975 73
566 74
200 75
543 76
32 77
617 78
718 79
986 80
598 81
391 82
88 83
479 84
842 85
847 86
730 87
602 88
879 89
617 90
95 91
390 92
6 93
430 94
896 95
138 96
294 97
661 98
338 99
821 100
842 101
615 102
129 103
264 104
460 105
655 106
559 107
659 108
991 109
293 110
888 111
114 112
781 113
748 114
669 115
67 116
566 117
742 118
711 119
260 120
718 121
640 122
658 123
669 124
98 125
399 126
711 127
448 128
695 129
959 130
170 131
642 132
940 133
620 134
319 135
863 136
62 137
479 138
65 139
90 140
230 141
884 142
657 143
997 144
737 145
725 146
854 147
43 148
159 149
981 150
39 151
284 152
353 153
174 154
82 155
530 156
754 157
46 158
875 159
163 160
22 161
344 162
479 163
606 164
917 165
898 166
244 167
386 168
325 169
48 170
197 171
905 172
106 173
818 174
339 175
835 176
676 177
569 178
401 179
921 180
495 181
599 182
515 183
356 184
478 185
654 186
740 187
604 188
46 189
978 190
298 191
729 192
346 193
405 194
692 195
804 196
12 197
291 198
774 199
714 200
516 201
819 202
232 203
69 204
708 205
179 206
127 207
545 208
526 209
119 210
113 211
624 212
505 213
883 214
437 215
515 216
494 217
692 218
337 219
655 220
241 221
533 222
623 223
301 224
388 225
99 226
59 227
288 228
275 229
43 230
705 231
303 232
910 233
530 234
303 235
329 236
584 237
552 238
755 239
896 240
42 241
259 242
682 243
200 244
194 245
430 246
36 247
861 248
3 249
236 250
132 251
331 252
171 253
958 254
915 255
957 256
553 257
740 258
837 259
822 260
85 261
168 262
766 263
626 264
768 265
890 266
903 267
515 268
211 269
472 270
746 271
910 272
951 273
834 274
867 275
862 276
64 277
647 278
980 279
675 280
65 281
964 282
715 283
436 284
892 285
936 286
450 287
256 288
186 289
300 290
735 291
360 292
877 293
145 294
822 295
503 296
482 297
787 298
651 299
269 300
417 301
768 302
547 303
403 304
466 305
323 306
993 307
434 308
652 309
114 310
37 311
193 312
598 313
619 314
232 315
112 316
954 317
772 318
899 319
166 320
52 321
751 322
286 323
567 324
768 325
42 326
721 327
358 328
148 329
794 330
972 331
473 332
699 333
654 334
28 335
461 336
865 337
551 338
122 339
22 340
173 341
428 342
799 343
953 344
650 345
863 346
370 347
532 348
359 349
678 350
882 351
238 352
746 353
637 354
264 355
791 356
148 357
454 358
555 359
645 360
338 361
760 362
949 363
762 364
388 365
872 366
447 367
722 368
596 369
344 370
656 371
548 372
156 373
657 374
828 375
22 376
414 377
260 378
241 379
441 380
353 381
689 382
616 383
637 384
882 385
812 386
353 387
839 388
294 389
546 390
483 391
871 392
611 393
337 394
489 395
2 396
810 397
296 398
65 399
255 400
257 401
895 402
322 403
154 404
885 405
104 406
897 407
921 408
493 409
67 410
749 411
448 412
967 413
516 414
994 415
447 416
668 417
450 418
830 419
336 420
742 421
193 422
919 423
507 424
965 425
917 426
767 427
312 428
237 429
882 430
659 431
762 432
172 433
109 434
364 435
776 436
953 437
718 438
388 439
681 440
523 441
784 442
66 443
361 444
618 445
924 446
573 447
532 448
331 449
206 450
583 451
790 452
316 453
638 454
547 455
92 456
19 457
472 458
761 459
194 460
43 461
905 462
836 463
992 464
524 465
3 466
344 467
563 468
754 469
316 470
180 471
327 472
451 473
247 474
97 475
556 476
628 477
479 478
793 479
406 480
450 481
486 482
257 483
526 484
140 485
162 486
763 487
982 488
203 489
767 490
131 491
468 492
659 493
419 494
170 495
642 496
252 497
746 498
242 499
166 500
542 187
391 155
810 75
871 283
903 153
988 47
815 107
581 43
652 238
543 228
905 103
29 387
119 477
463 264
970 209
477 470
441 121
10 277
906 95
811 78
570 153
146 169
506 365
696 43
437 214
856 186
959 458
894 401
775 145
931 333
97 461
637 286
714 453
475 427
583 319
667 353
37 435
33 251
241 281
34 1
105 159
604 418
41 55
893 126
679 246
288 268
657 318
637 295
689 60
287 486
595 81
61 344
494 251
993 2
256 44
550 357
219 172
725 337
10 7
179 409
292 354
766 259
873 397
726 422
387 131
731 211
14 428
467 189
621 473
765 76
508 472
1 397
367 316
599 496
586 302
892 481
158 378
282 111
50 227
245 62
694 321
430 372
676 103
641 295
429 299
287 108
944 124
496 450
807 34
392 253
398 106
927 48
872 168
126 106
370 289
155 408
696 420
615 133
565 189
607 172
159 169
902 381
175 420
317 211
729 66
337 460
690 223
989 59
760 397
128 125
377 246
31 467
253 112
453 247
418 484
476 20
96 59
18 386
145 236
666 480
933 21
685 103
590 401
43 496
989 48
746 341
568 466
251 180
463 144
98 479
996 43
491 313
352 165
902 245
529 295
143 439
546 193
261 468
238 241
182 454
834 370
276 171
766 255
373 106
970 60
112 217
439 476
498 362
491 176
155 70
774 194
425 166
675 205
195 81
830 65
651 8
629 137
631 200
372 207
859 43
261 61
318 220
563 164
401 225
965 403
860 467
9 440
629 161
539 53
187 290
939 288
498 37
162 208
178 305
570 172
11 462
14 109
886 12
423 331
645 141
748 308
194 131
158 374
410 450
24 444
143 428
94 294
308 359
401 224
499 215
523 408
561 23
765 180
330 133
628 195
371 32
343 122
684 382
475 283
304 301
812 298
553 90
509 458
249 89
528 425
181 215
272 456
307 11
856 309
687 338
646 124
271 384
633 277
515 228
78 297
34 74
889 389
354 395
414 305
807 56
277 408
638 266
773 56
77 152
329 169
454 248
7 270
419 152
280 172
671 266
275 135
718 154
13 147
223 427
751 388
403 178
119 361
789 243
766 285
455 377
368 19
226 74
763 225
341 162
567 373
806 208
593 8
863 202
965 401
802 121
394 421
440 490
147 29
116 244
369 7
331 490
194 148
839 277
571 253
379 412
323 476
439 35
145 335
823 155
85 407
411 490
214 479
761 204
249 136
432 428
935 496
554 450
328 247
357 292
606 497
782 31
512 190
551 140
844 488
218 84
449 366
946 48
833 240
93 493
618 268
617 286
856 234
870 281
5 4
945 248
253 452
395 462
510 314
122 76
979 8
48 126
340 469
917 344
276 125
50 91
172 399
569 386
297 103
584 11
865 147
174 403
901 327
442 154
59 124
590 155
174 173
962 86
857 202
807 70
203 246
990 254
216 33
784 355
565 311
157 60
457 361
882 2
554 183
55 7
95 355
549 372
1000 207
345 287
425 71
312 187
201 227
787 19
631 350
570 287
584 110
471 175
224 259
868 94
333 413
135 452
170 100
16 204
428 248
175 425
554 10
428 289
992 135
767 317
403 334
58 204
670 324
492 19
33 407
460 278
437 15
303 272
959 42
845 155
884 279
912 175
123 48
695 356
236 248
779 405
395 386
648 110
445 243
866 327
375 183
445 433
107 427
855 272
152 347
278 387
651 477
598 126
910 410
50 69
648 325
805 462
913 4
392 310
934 206
824 102
550 129
728 60
990 176
925 233
954 411
79 87
746 411
295 176
570 228
671 286
807 93
427 312
746 447
214 33
718 22
967 464
772 477
610 97
475 117
214 140
879 98
899 188
179 48
468 471
673 335
980 47
917 457
900 178
255 481
416 183
357 319
320 83
136 65
481 230
643 94
244 238
77 72
779 276
213 59
641 416
414 354
316 64
647 334
141 476
765 365
888 210
183 253
1 161
345 185
687 117
170 134
107 327
124 29
851 405
926 437
328 430
435 271
191 23
551 388
749 81
251 369
999 472
913 302
249 350
690 54
228 207
586 456
429 135
56 363
511 88
627 383
211 75
987 15
563 153
390 124
641 203
539 334
676 197
405 41
950 138
269 135
576 107
826 452
380 265
261 53
968 275
180 162
443 301
110 10
674 205
550 222
115 458
42 458
535 338
542 204
906 155
403 58
820 214
618 166
547 469
982 488
572 497
381 284
116 165
259 55
61 400
844 11
139 311
334 271
622 223
186 166
957 26
333 278
758 240
703 158
870 177
