1000 900 900 6
188 1
285 2
853 3
74 4
883 5
374 6
185 7
920 8
701 9
814 10
360 11
612 12
760 13
589 14
117 15
714 16
218 17
973 18
184 19
505 20
929 21
97 22
896 23
626 24
175 25
591 26
210 27
666 28
576 29
478 30
707 31
547 32
398 33
333 34
806 35
535 36
658 37
745 38
808 39
80 40
403 41
815 42
712 43
879 44
946 45
675 46
136 47
454 48
384 49
563 50
752 51
862 52
301 53
414 54
391 55
757 56
185 57
48 58
1000 59
124 60
977 61
97 62
211 63
771 64
754 65
490 66
249 67
962 68
470 69
321 70
406 71
875 72
71 73
613 74
848 75
397 76
468 77
165 78
523 79
33 80
759 81
186 82
210 83
94 84
792 85
27 86
591 87
683 88
372 89
326 90
880 91
369 92
698 93
217 94
149 95
3 96
471 97
478 98
493 99
276 100
486 101
7 102
395 103
305 104
401 105
87 106
710 107
834 108
800 109
550 110
184 111
397 112
456 113
88 114
196 115
672 116
354 117
188 118
64 119
483 120
101 121
385 122
768 123
333 124
48 125
195 126
517 127
243 128
400 129
840 130
465 131
761 132
236 133
25 134
728 135
903 136
645 137
577 138
471 139
212 140
16 141
365 142
913 143
752 144
289 145
107 146
271 147
623 148
660 149
342 150
29 151
403 152
826 153
164 154
460 155
188 156
45 157
931 158
298 159
327 160
455 161
200 162
272 163
413 164
160 165
305 166
727 167
681 168
524 169
138 170
938 171
229 172
829 173
546 174
51 175
603 176
314 177
491 178
217 179
880 180
246 181
279 182
467 183
453 184
183 185
273 186
982 187
43 188
494 189
207 190
5 191
182 192
11 193
117 194
955 195
351 196
257 197
321 198
979 199
731 200
310 201
509 202
611 203
546 204
664 205
906 206
828 207
806 208
711 209
921 210
990 211
309 212
317 213
860 214
317 215
779 216
813 217
938 218
567 219
489 220
105 221
133 222
155 223
737 224
423 225
98 226
348 227
521 228
66 229
320 230
927 231
465 232
692 233
325 234
40 235
708 236
60 237
775 238
109 239
214 240
262 241
262 242
257 243
344 244
708 245
670 246
820 247
928 248
140 249
455 250
679 251
983 252
850 253
909 254
956 255
211 256
782 257
508 258
899 259
442 260
490 261
31 262
562 263
999 264
156 265
487 266
858 267
729 268
592 269
875 270
659 271
246 272
239 273
358 274
202 275
108 276
281 277
3 278
418 279
194 280
163 281
975 282
110 283
13 284
324 285
867 286
275 287
343 288
474 289
737 290
737 291
630 292
565 293
154 294
851 295
279 296
564 297
226 298
979 299
821 300
431 301
829 302
813 303
333 304
341 305
287 306
924 307
591 308
595 309
331 310
636 311
744 312
42 313
361 314
754 315
327 316
536 317
321 318
802 319
533 320
722 321
338 322
663 323
767 324
794 325
122 326
111 327
622 328
649 329
963 330
977 331
527 332
7 333
555 334
804 335
726 336
800 337
259 338
176 339
938 340
223 341
520 342
359 343
491 344
93 345
465 346
454 347
15 348
797 349
545 350
498 351
449 352
900 353
557 354
892 355
217 356
136 357
201 358
486 359
403 360
993 361
25 362
948 363
542 364
307 365
104 366
84 367
316 368
101 369
945 370
338 371
897 372
159 373
295 374
95 375
460 376
229 377
221 378
524 379
668 380
73 381
466 382
444 383
492 384
922 385
25 386
709 387
302 388
995 389
903 390
259 391
419 392
46 393
790 394
209 395
416 396
463 397
892 398
537 399
909 400
347 401
536 402
790 403
740 404
861 405
970 406
919 407
397 408
262 409
341 410
576 411
665 412
309 413
278 414
87 415
643 416
723 417
297 418
973 419
989 420
496 421
663 422
685 423
493 424
122 425
79 426
808 427
576 428
264 429
270 430
984 431
183 432
284 433
188 434
970 435
958 436
335 437
967 438
640 439
889 440
656 441
533 442
429 443
664 444
175 445
234 446
16 447
171 448
460 449
696 450
806 451
351 452
584 453
600 454
815 455
131 456
752 457
929 458
770 459
255 460
730 461
709 462
881 463
404 464
643 465
383 466
924 467
410 468
60 469
58 470
363 471
989 472
589 473
556 474
460 475
72 476
339 477
349 478
451 479
455 480
708 481
892 482
398 483
89 484
789 485
568 486
566 487
229 488
190 489
194 490
794 491
776 492
583 493
676 494
730 495
257 496
453 497
627 498
364 499
959 500
816 501
861 502
181 503
621 504
293 505
819 506
426 507
255 508
647 509
45 510
857 511
80 512
58 513
911 514
36 515
787 516
774 517
97 518
429 519
929 520
831 521
783 522
748 523
721 524
671 525
368 526
318 527
810 528
226 529
462 530
911 531
589 532
833 533
766 534
732 535
623 536
573 537
166 538
751 539
462 540
311 541
169 542
494 543
79 544
943 545
355 546
948 547
613 548
934 549
427 550
419 551
526 552
227 553
857 554
432 555
53 556
472 557
966 558
419 559
134 560
724 561
676 562
886 563
825 564
393 565
446 566
215 567
105 568
463 569
151 570
18 571
60 572
533 573
587 574
324 575
646 576
473 577
267 578
954 579
723 580
469 581
435 582
342 583
145 584
407 585
222 586
958 587
568 588
145 589
738 590
535 591
371 592
267 593
979 594
784 595
798 596
481 597
657 598
487 599
54 600
181 601
428 602
479 603
403 604
734 605
607 606
609 607
192 608
256 609
286 610
617 611
257 612
164 613
808 614
980 615
486 616
321 617
455 618
747 619
63 620
523 621
416 622
710 623
363 624
900 625
223 626
867 627
105 628
734 629
722 630
81 631
409 632
930 633
657 634
369 635
882 636
537 637
578 638
546 639
243 640
291 641
218 642
117 643
410 644
262 645
44 646
943 647
450 648
9 649
616 650
484 651
582 652
861 653
274 654
640 655
3 656
498 657
706 658
34 659
379 660
278 661
289 662
288 663
905 664
930 665
981 666
125 667
103 668
978 669
848 670
189 671
604 672
701 673
818 674
405 675
288 676
313 677
317 678
464 679
458 680
169 681
939 682
478 683
813 684
496 685
63 686
738 687
724 688
605 689
990 690
784 691
825 692
320 693
788 694
476 695
990 696
456 697
610 698
90 699
101 700
952 701
924 702
715 703
405 704
515 705
294 706
70 707
871 708
654 709
453 710
67 711
772 712
172 713
491 714
397 715
759 716
739 717
844 718
974 719
810 720
401 721
99 722
391 723
6 724
171 725
188 726
876 727
939 728
213 729
449 730
723 731
40 732
24 733
238 734
503 735
902 736
598 737
421 738
632 739
921 740
648 741
281 742
99 743
927 744
880 745
267 746
193 747
812 748
398 749
834 750
510 751
719 752
188 753
550 754
243 755
26 756
385 757
264 758
932 759
980 760
849 761
783 762
141 763
976 764
114 765
2 766
797 767
649 768
548 769
488 770
885 771
740 772
731 773
428 774
722 775
120 776
728 777
504 778
928 779
312 780
603 781
63 782
29 783
113 784
19 785
486 786
900 787
472 788
497 789
648 790
233 791
251 792
611 793
978 794
49 795
425 796
210 797
990 798
824 799
786 800
982 801
872 802
476 803
518 804
498 805
385 806
450 807
190 808
815 809
468 810
847 811
675 812
682 813
113 814
658 815
172 816
97 817
563 818
198 819
490 820
388 821
83 822
772 823
657 824
747 825
441 826
970 827
733 828
607 829
722 830
48 831
843 832
266 833
168 834
793 835
10 836
285 837
933 838
821 839
255 840
576 841
923 842
86 843
990 844
404 845
72 846
727 847
363 848
106 849
440 850
540 851
26 852
358 853
308 854
684 855
346 856
129 857
238 858
659 859
489 860
894 861
343 862
298 863
484 864
80 865
821 866
883 867
566 868
725 869
167 870
6 871
276 872
14 873
687 874
895 875
118 876
910 877
825 878
912 879
688 880
659 881
401 882
836 883
239 884
400 885
639 886
22 887
204 888
62 889
493 890
20 891
321 892
216 893
117 894
270 895
5 896
140 897
718 898
979 899
843 900
975 591
260 27
594 468
546 32
12 810
486 582
683 458
785 805
673 194
125 282
176 570
888 151
926 675
526 153
523 434
262 741
583 278
165 898
76 515
947 224
538 168
157 506
852 843
862 195
649 711
749 716
922 288
528 404
254 374
778 723
879 277
346 172
818 165
593 724
437 382
426 885
991 757
15 135
187 796
648 815
370 810
350 489
670 481
23 326
234 209
566 599
31 499
651 358
34 527
996 385
654 769
471 650
441 392
811 318
218 30
764 770
948 317
726 135
522 862
941 124
133 599
444 753
160 281
591 28
966 411
821 559
74 104
394 326
74 654
426 443
38 76
399 552
342 167
642 184
165 64
565 628
75 635
130 781
89 647
793 610
503 647
80 547
388 703
778 443
408 717
444 155
403 277
108 448
103 29
474 763
909 751
788 176
243 42
698 207
715 676
147 616
731 758
747 135
918 430
891 200
