9944 3697418
0 0
1 2
0 4
1 6
0 8
1 10
0 12
1 14
0 16
1 18
0 20
1 22
0 24
1 26
0 28
1 30
0 32
1 34
0 36
1 38
0 40
1 42
0 44
1 46
0 48
1 50
0 52
1 54
0 56
1 58
0 60
1 62
0 64
1 66
0 68
1 70
0 72
1 74
0 76
1 78
0 80
1 82
0 84
1 86
0 88
1 90
0 92
1 94
0 96
1 98
0 100
1 102
0 104
1 106
0 108
1 110
0 112
1 114
0 116
1 118
0 120
1 122
0 124
1 126
0 128
1 130
0 132
1 134
0 136
1 138
0 140
1 142
0 144
1 146
0 148
1 150
0 152
1 154
0 156
1 158
0 160
1 162
0 164
1 166
0 168
1 170
0 172
1 174
0 176
1 178
0 180
1 182
0 184
1 186
0 188
1 190
0 192
1 194
0 196
1 198
0 200
1 202
0 204
1 206
0 208
1 210
0 212
1 214
0 216
1 218
0 220
1 222
0 224
1 226
0 228
1 230
0 232
1 234
0 236
1 238
0 240
1 242
0 244
1 246
0 248
1 250
0 252
1 254
0 256
1 258
0 260
1 262
0 264
1 266
0 268
1 270
0 272
1 274
0 276
1 278
0 280
1 282
0 284
1 286
0 288
1 290
0 292
1 294
0 296
1 298
0 300
1 302
0 304
1 306
0 308
1 310
0 312
1 314
0 316
1 318
0 320
1 322
0 324
1 326
0 328
1 330
0 332
1 334
0 336
1 338
0 340
1 342
0 344
1 346
0 348
1 350
0 352
1 354
0 356
1 358
0 360
1 362
0 364
1 366
0 368
1 370
0 372
1 374
0 376
1 378
0 380
1 382
0 384
1 386
0 388
1 390
0 392
1 394
0 396
1 398
0 400
1 402
0 404
1 406
0 408
1 410
0 412
1 414
0 416
1 418
0 420
1 422
0 424
1 426
0 428
1 430
0 432
1 434
0 436
1 438
0 440
1 442
0 444
1 446
0 448
1 450
0 452
1 454
0 456
1 458
0 460
1 462
0 464
1 466
0 468
1 470
0 472
1 474
0 476
1 478
0 480
1 482
0 484
1 486
0 488
1 490
0 492
1 494
0 496
1 498
0 500
1 502
0 504
1 506
0 508
1 510
0 512
1 514
0 516
1 518
0 520
1 522
0 524
1 526
0 528
1 530
0 532
1 534
0 536
1 538
0 540
1 542
0 544
1 546
0 548
1 550
0 552
1 554
0 556
1 558
0 560
1 562
0 564
1 566
0 568
1 570
0 572
1 574
0 576
1 578
0 580
1 582
0 584
1 586
0 588
1 590
0 592
1 594
0 596
1 598
0 600
1 602
0 604
1 606
0 608
1 610
0 612
1 614
0 616
1 618
0 620
1 622
0 624
1 626
0 628
1 630
0 632
1 634
0 636
1 638
0 640
1 642
0 644
1 646
0 648
1 650
0 652
1 654
0 656
1 658
0 660
1 662
0 664
1 666
0 668
1 670
0 672
1 674
0 676
1 678
0 680
1 682
0 684
1 686
0 688
1 690
0 692
1 694
0 696
1 698
0 700
1 702
0 704
1 706
0 708
1 710
0 712
1 714
0 716
1 718
0 720
1 722
0 724
1 726
0 728
1 730
0 732
1 734
0 736
1 738
0 740
1 742
0 744
1 746
0 748
1 750
0 752
1 754
0 756
1 758
0 760
1 762
0 764
1 766
0 768
1 770
0 772
1 774
0 776
1 778
0 780
1 782
0 784
1 786
0 788
1 790
0 792
1 794
0 796
1 798
0 800
1 802
0 804
1 806
0 808
1 810
0 812
1 814
0 816
1 818
0 820
1 822
0 824
1 826
0 828
1 830
0 832
1 834
0 836
1 838
0 840
1 842
0 844
1 846
0 848
1 850
0 852
1 854
0 856
1 858
0 860
1 862
0 864
1 866
0 868
1 870
0 872
1 874
0 876
1 878
0 880
1 882
0 884
1 886
0 888
1 890
0 892
1 894
0 896
1 898
0 900
1 902
0 904
1 906
0 908
1 910
0 912
1 914
0 916
1 918
0 920
1 922
0 924
1 926
0 928
1 930
0 932
1 934
0 936
1 938
0 940
1 942
0 944
1 946
0 948
1 950
0 952
1 954
0 956
1 958
0 960
1 962
0 964
1 966
0 968
1 970
0 972
1 974
0 976
1 978
0 980
1 982
0 984
1 986
0 988
1 990
0 992
1 994
0 996
1 998
0 1000
1 1002
0 1004
1 1006
0 1008
1 1010
0 1012
1 1014
0 1016
1 1018
0 1020
1 1022
0 1024
1 1026
0 1028
1 1030
0 1032
1 1034
0 1036
1 1038
0 1040
1 1042
0 1044
1 1046
0 1048
1 1050
0 1052
1 1054
0 1056
1 1058
0 1060
1 1062
0 1064
1 1066
0 1068
1 1070
0 1072
1 1074
0 1076
1 1078
0 1080
1 1082
0 1084
1 1086
0 1088
1 1090
0 1092
1 1094
0 1096
1 1098
0 1100
1 1102
0 1104
1 1106
0 1108
1 1110
0 1112
1 1114
0 1116
1 1118
0 1120
1 1122
0 1124
1 1126
0 1128
1 1130
0 1132
1 1134
0 1136
1 1138
0 1140
1 1142
0 1144
1 1146
0 1148
1 1150
0 1152
1 1154
0 1156
1 1158
0 1160
1 1162
0 1164
1 1166
0 1168
1 1170
0 1172
1 1174
0 1176
1 1178
0 1180
1 1182
0 1184
1 1186
0 1188
1 1190
0 1192
1 1194
0 1196
1 1198
0 1200
1 1202
0 1204
1 1206
0 1208
1 1210
0 1212
1 1214
0 1216
1 1218
0 1220
1 1222
0 1224
1 1226
0 1228
1 1230
0 1232
1 1234
0 1236
1 1238
0 1240
1 1242
0 1244
1 1246
0 1248
1 1250
0 1252
1 1254
0 1256
1 1258
0 1260
1 1262
0 1264
1 1266
0 1268
1 1270
0 1272
1 1274
0 1276
1 1278
0 1280
1 1282
0 1284
1 1286
0 1288
1 1290
0 1292
1 1294
0 1296
1 1298
0 1300
1 1302
0 1304
1 1306
0 1308
1 1310
0 1312
1 1314
0 1316
1 1318
0 1320
1 1322
0 1324
1 1326
0 1328
1 1330
0 1332
1 1334
0 1336
1 1338
0 1340
1 1342
0 1344
1 1346
0 1348
1 1350
0 1352
1 1354
0 1356
1 1358
0 1360
1 1362
0 1364
1 1366
0 1368
1 1370
0 1372
1 1374
0 1376
1 1378
0 1380
1 1382
0 1384
1 1386
0 1388
1 1390
0 1392
1 1394
0 1396
1 1398
0 1400
1 1402
0 1404
1 1406
0 1408
1 1410
0 1412
1 1414
0 1416
1 1418
0 1420
1 1422
0 1424
1 1426
0 1428
1 1430
0 1432
1 1434
0 1436
1 1438
0 1440
1 1442
0 1444
1 1446
0 1448
1 1450
0 1452
1 1454
0 1456
1 1458
0 1460
1 1462
0 1464
1 1466
0 1468
1 1470
0 1472
1 1474
0 1476
1 1478
0 1480
1 1482
0 1484
1 1486
0 1488
1 1490
0 1492
1 1494
0 1496
1 1498
0 1500
1 1502
0 1504
1 1506
0 1508
1 1510
0 1512
1 1514
0 1516
1 1518
0 1520
1 1522
0 1524
1 1526
0 1528
1 1530
0 1532
1 1534
0 1536
1 1538
0 1540
1 1542
0 1544
1 1546
0 1548
1 1550
0 1552
1 1554
0 1556
1 1558
0 1560
1 1562
0 1564
1 1566
0 1568
1 1570
0 1572
1 1574
0 1576
1 1578
0 1580
1 1582
0 1584
1 1586
0 1588
1 1590
0 1592
1 1594
0 1596
1 1598
0 1600
1 1602
0 1604
1 1606
0 1608
1 1610
0 1612
1 1614
0 1616
1 1618
0 1620
1 1622
0 1624
1 1626
0 1628
1 1630
0 1632
1 1634
0 1636
1 1638
0 1640
1 1642
0 1644
1 1646
0 1648
1 1650
0 1652
1 1654
0 1656
1 1658
0 1660
1 1662
0 1664
1 1666
0 1668
1 1670
0 1672
1 1674
0 1676
1 1678
0 1680
1 1682
0 1684
1 1686
0 1688
1 1690
0 1692
1 1694
0 1696
1 1698
0 1700
1 1702
0 1704
1 1706
0 1708
1 1710
0 1712
1 1714
0 1716
1 1718
0 1720
1 1722
0 1724
1 1726
0 1728
1 1730
0 1732
1 1734
0 1736
1 1738
0 1740
1 1742
0 1744
1 1746
0 1748
1 1750
0 1752
1 1754
0 1756
1 1758
0 1760
1 1762
0 1764
1 1766
0 1768
1 1770
0 1772
1 1774
0 1776
1 1778
0 1780
1 1782
0 1784
1 1786
0 1788
1 1790
0 1792
1 1794
0 1796
1 1798
0 1800
1 1802
0 1804
1 1806
0 1808
1 1810
0 1812
1 1814
0 1816
1 1818
0 1820
1 1822
0 1824
1 1826
0 1828
1 1830
0 1832
1 1834
0 1836
1 1838
0 1840
1 1842
0 1844
1 1846
0 1848
1 1850
0 1852
1 1854
0 1856
1 1858
0 1860
1 1862
0 1864
1 1866
0 1868
1 1870
0 1872
1 1874
0 1876
1 1878
0 1880
1 1882
0 1884
1 1886
0 1888
1 1890
0 1892
1 1894
0 1896
1 1898
0 1900
1 1902
0 1904
1 1906
0 1908
1 1910
0 1912
1 1914
0 1916
1 1918
0 1920
1 1922
0 1924
1 1926
0 1928
1 1930
0 1932
1 1934
0 1936
1 1938
0 1940
1 1942
0 1944
1 1946
0 1948
1 1950
0 1952
1 1954
0 1956
1 1958
0 1960
1 1962
0 1964
1 1966
0 1968
1 1970
0 1972
1 1974
0 1976
1 1978
0 1980
1 1982
0 1984
1 1986
0 1988
1 1990
0 1992
1 1994
0 1996
1 1998
0 2000
1 2002
0 2004
1 2006
0 2008
1 2010
0 2012
1 2014
0 2016
1 2018
0 2020
1 2022
0 2024
1 2026
0 2028
1 2030
0 2032
1 2034
0 2036
1 2038
0 2040
1 2042
0 2044
1 2046
0 2048
1 2050
0 2052
1 2054
0 2056
1 2058
0 2060
1 2062
0 2064
1 2066
0 2068
1 2070
0 2072
1 2074
0 2076
1 2078
0 2080
1 2082
0 2084
1 2086
0 2088
1 2090
0 2092
1 2094
0 2096
1 2098
0 2100
1 2102
0 2104
1 2106
0 2108
1 2110
0 2112
1 2114
0 2116
1 2118
0 2120
1 2122
0 2124
1 2126
0 2128
1 2130
0 2132
1 2134
0 2136
1 2138
0 2140
1 2142
0 2144
1 2146
0 2148
1 2150
0 2152
1 2154
0 2156
1 2158
0 2160
1 2162
0 2164
1 2166
0 2168
1 2170
0 2172
1 2174
0 2176
1 2178
0 2180
1 2182
0 2184
1 2186
0 2188
1 2190
0 2192
1 2194
0 2196
1 2198
0 2200
1 2202
0 2204
1 2206
0 2208
1 2210
0 2212
1 2214
0 2216
1 2218
0 2220
1 2222
0 2224
1 2226
0 2228
1 2230
0 2232
1 2234
0 2236
1 2238
0 2240
1 2242
0 2244
1 2246
0 2248
1 2250
0 2252
1 2254
0 2256
1 2258
0 2260
1 2262
0 2264
1 2266
0 2268
1 2270
0 2272
1 2274
0 2276
1 2278
0 2280
1 2282
0 2284
1 2286
0 2288
1 2290
0 2292
1 2294
0 2296
1 2298
0 2300
1 2302
0 2304
1 2306
0 2308
1 2310
0 2312
1 2314
0 2316
1 2318
0 2320
1 2322
0 2324
1 2326
0 2328
1 2330
0 2332
1 2334
0 2336
1 2338
0 2340
1 2342
0 2344
1 2346
0 2348
1 2350
0 2352
1 2354
0 2356
1 2358
0 2360
1 2362
0 2364
1 2366
0 2368
1 2370
0 2372
1 2374
0 2376
1 2378
0 2380
1 2382
0 2384
1 2386
0 2388
1 2390
0 2392
1 2394
0 2396
1 2398
0 2400
1 2402
0 2404
1 2406
0 2408
1 2410
0 2412
1 2414
0 2416
1 2418
0 2420
1 2422
0 2424
1 2426
0 2428
1 2430
0 2432
1 2434
0 2436
1 2438
0 2440
1 2442
0 2444
1 2446
0 2448
1 2450
0 2452
1 2454
0 2456
1 2458
0 2460
1 2462
0 2464
1 2466
0 2468
1 2470
0 2472
1 2474
0 2476
1 2478
0 2480
1 2482
0 2484
1 2486
0 2488
1 2490
0 2492
1 2494
0 2496
1 2498
0 2500
1 2502
0 2504
1 2506
0 2508
1 2510
0 2512
1 2514
0 2516
1 2518
0 2520
1 2522
0 2524
1 2526
0 2528
1 2530
0 2532
1 2534
0 2536
1 2538
0 2540
1 2542
0 2544
1 2546
0 2548
1 2550
0 2552
1 2554
0 2556
1 2558
0 2560
1 2562
0 2564
1 2566
0 2568
1 2570
0 2572
1 2574
0 2576
1 2578
0 2580
1 2582
0 2584
1 2586
0 2588
1 2590
0 2592
1 2594
0 2596
1 2598
0 2600
1 2602
0 2604
1 2606
0 2608
1 2610
0 2612
1 2614
0 2616
1 2618
0 2620
1 2622
0 2624
1 2626
0 2628
1 2630
0 2632
1 2634
0 2636
1 2638
0 2640
1 2642
0 2644
1 2646
0 2648
1 2650
0 2652
1 2654
0 2656
1 2658
0 2660
1 2662
0 2664
1 2666
0 2668
1 2670
0 2672
1 2674
0 2676
1 2678
0 2680
1 2682
0 2684
1 2686
0 2688
1 2690
0 2692
1 2694
0 2696
1 2698
0 2700
1 2702
0 2704
1 2706
0 2708
1 2710
0 2712
1 2714
0 2716
1 2718
0 2720
1 2722
0 2724
1 2726
0 2728
1 2730
0 2732
1 2734
0 2736
1 2738
0 2740
1 2742
0 2744
1 2746
0 2748
1 2750
0 2752
1 2754
0 2756
1 2758
0 2760
1 2762
0 2764
1 2766
0 2768
1 2770
0 2772
1 2774
0 2776
1 2778
0 2780
1 2782
0 2784
1 2786
0 2788
1 2790
0 2792
1 2794
0 2796
1 2798
0 2800
1 2802
0 2804
1 2806
0 2808
1 2810
0 2812
1 2814
0 2816
1 2818
0 2820
1 2822
0 2824
1 2826
0 2828
1 2830
0 2832
1 2834
0 2836
1 2838
0 2840
1 2842
0 2844
1 2846
0 2848
1 2850
0 2852
1 2854
0 2856
1 2858
0 2860
1 2862
0 2864
1 2866
0 2868
1 2870
0 2872
1 2874
0 2876
1 2878
0 2880
1 2882
0 2884
1 2886
0 2888
1 2890
0 2892
1 2894
0 2896
1 2898
0 2900
1 2902
0 2904
1 2906
0 2908
1 2910
0 2912
1 2914
0 2916
1 2918
0 2920
1 2922
0 2924
1 2926
0 2928
1 2930
0 2932
1 2934
0 2936
1 2938
0 2940
1 2942
0 2944
1 2946
0 2948
1 2950
0 2952
1 2954
0 2956
1 2958
0 2960
1 2962
0 2964
1 2966
0 2968
1 2970
0 2972
1 2974
0 2976
1 2978
0 2980
1 2982
0 2984
1 2986
0 2988
1 2990
0 2992
1 2994
0 2996
1 2998
0 3000
1 3002
0 3004
1 3006
0 3008
1 3010
0 3012
1 3014
0 3016
1 3018
0 3020
1 3022
0 3024
1 3026
0 3028
1 3030
0 3032
1 3034
0 3036
1 3038
0 3040
1 3042
0 3044
1 3046
0 3048
1 3050
0 3052
1 3054
0 3056
1 3058
0 3060
1 3062
0 3064
1 3066
0 3068
1 3070
0 3072
1 3074
0 3076
1 3078
0 3080
1 3082
0 3084
1 3086
0 3088
1 3090
0 3092
1 3094
0 3096
1 3098
0 3100
1 3102
0 3104
1 3106
0 3108
1 3110
0 3112
1 3114
0 3116
1 3118
0 3120
1 3122
0 3124
1 3126
0 3128
1 3130
0 3132
1 3134
0 3136
1 3138
0 3140
1 3142
0 3144
1 3146
0 3148
1 3150
0 3152
1 3154
0 3156
1 3158
0 3160
1 3162
0 3164
1 3166
0 3168
1 3170
0 3172
1 3174
0 3176
1 3178
0 3180
1 3182
0 3184
1 3186
0 3188
1 3190
0 3192
1 3194
0 3196
1 3198
0 3200
1 3202
0 3204
1 3206
0 3208
1 3210
0 3212
1 3214
0 3216
1 3218
0 3220
1 3222
0 3224
1 3226
0 3228
1 3230
0 3232
1 3234
0 3236
1 3238
0 3240
1 3242
0 3244
1 3246
0 3248
1 3250
0 3252
1 3254
0 3256
1 3258
0 3260
1 3262
0 3264
1 3266
0 3268
1 3270
0 3272
1 3274
0 3276
1 3278
0 3280
1 3282
0 3284
1 3286
0 3288
1 3290
0 3292
1 3294
0 3296
1 3298
0 3300
1 3302
0 3304
1 3306
0 3308
1 3310
0 3312
1 3314
0 3316
1 3318
0 3320
1 3322
0 3324
1 3326
0 3328
1 3330
0 3332
1 3334
0 3336
1 3338
0 3340
1 3342
0 3344
1 3346
0 3348
1 3350
0 3352
1 3354
0 3356
1 3358
0 3360
1 3362
0 3364
1 3366
0 3368
1 3370
0 3372
1 3374
0 3376
1 3378
0 3380
1 3382
0 3384
1 3386
0 3388
1 3390
0 3392
1 3394
0 3396
1 3398
0 3400
1 3402
0 3404
1 3406
0 3408
1 3410
0 3412
1 3414
0 3416
1 3418
0 3420
1 3422
0 3424
1 3426
0 3428
1 3430
0 3432
1 3434
0 3436
1 3438
0 3440
1 3442
0 3444
1 3446
0 3448
1 3450
0 3452
1 3454
0 3456
1 3458
0 3460
1 3462
0 3464
1 3466
0 3468
1 3470
0 3472
1 3474
0 3476
1 3478
0 3480
1 3482
0 3484
1 3486
0 3488
1 3490
0 3492
1 3494
0 3496
1 3498
0 3500
1 3502
0 3504
1 3506
0 3508
1 3510
0 3512
1 3514
0 3516
1 3518
0 3520
1 3522
0 3524
1 3526
0 3528
1 3530
0 3532
1 3534
0 3536
1 3538
0 3540
1 3542
0 3544
1 3546
0 3548
1 3550
0 3552
1 3554
0 3556
1 3558
0 3560
1 3562
0 3564
1 3566
0 3568
1 3570
0 3572
1 3574
0 3576
1 3578
0 3580
1 3582
0 3584
1 3586
0 3588
1 3590
0 3592
1 3594
0 3596
1 3598
0 3600
1 3602
0 3604
1 3606
0 3608
1 3610
0 3612
1 3614
0 3616
1 3618
0 3620
1 3622
0 3624
1 3626
0 3628
1 3630
0 3632
1 3634
0 3636
1 3638
0 3640
1 3642
0 3644
1 3646
0 3648
1 3650
0 3652
1 3654
0 3656
1 3658
0 3660
1 3662
0 3664
1 3666
0 3668
1 3670
0 3672
1 3674
0 3676
1 3678
0 3680
1 3682
0 3684
1 3686
0 3688
1 3690
0 3692
1 3694
0 3696
1 3698
0 3700
1 3702
0 3704
1 3706
0 3708
1 3710
0 3712
1 3714
0 3716
1 3718
0 3720
1 3722
0 3724
1 3726
0 3728
1 3730
0 3732
1 3734
0 3736
1 3738
0 3740
1 3742
0 3744
1 3746
0 3748
1 3750
0 3752
1 3754
0 3756
1 3758
0 3760
1 3762
0 3764
1 3766
0 3768
1 3770
0 3772
1 3774
0 3776
1 3778
0 3780
1 3782
0 3784
1 3786
0 3788
1 3790
0 3792
1 3794
0 3796
1 3798
0 3800
1 3802
0 3804
1 3806
0 3808
1 3810
0 3812
1 3814
0 3816
1 3818
0 3820
1 3822
0 3824
1 3826
0 3828
1 3830
0 3832
1 3834
0 3836
1 3838
0 3840
1 3842
0 3844
1 3846
0 3848
1 3850
0 3852
1 3854
0 3856
1 3858
0 3860
1 3862
0 3864
1 3866
0 3868
1 3870
0 3872
1 3874
0 3876
1 3878
0 3880
1 3882
0 3884
1 3886
0 3888
1 3890
0 3892
1 3894
0 3896
1 3898
0 3900
1 3902
0 3904
1 3906
0 3908
1 3910
0 3912
1 3914
0 3916
1 3918
0 3920
1 3922
0 3924
1 3926
0 3928
1 3930
0 3932
1 3934
0 3936
1 3938
0 3940
1 3942
0 3944
1 3946
0 3948
1 3950
0 3952
1 3954
0 3956
1 3958
0 3960
1 3962
0 3964
1 3966
0 3968
1 3970
0 3972
1 3974
0 3976
1 3978
0 3980
1 3982
0 3984
1 3986
0 3988
1 3990
0 3992
1 3994
0 3996
1 3998
0 4000
1 4002
0 4004
1 4006
0 4008
1 4010
0 4012
1 4014
0 4016
1 4018
0 4020
1 4022
0 4024
1 4026
0 4028
1 4030
0 4032
1 4034
0 4036
1 4038
0 4040
1 4042
0 4044
1 4046
0 4048
1 4050
0 4052
1 4054
0 4056
1 4058
0 4060
1 4062
0 4064
1 4066
0 4068
1 4070
0 4072
1 4074
0 4076
1 4078
0 4080
1 4082
0 4084
1 4086
0 4088
1 4090
0 4092
1 4094
0 4096
1 4098
0 4100
1 4102
0 4104
1 4106
0 4108
1 4110
0 4112
1 4114
0 4116
1 4118
0 4120
1 4122
0 4124
1 4126
0 4128
1 4130
0 4132
1 4134
0 4136
1 4138
0 4140
1 4142
0 4144
1 4146
0 4148
1 4150
0 4152
1 4154
0 4156
1 4158
0 4160
1 4162
0 4164
1 4166
0 4168
1 4170
0 4172
1 4174
0 4176
1 4178
0 4180
1 4182
0 4184
1 4186
0 4188
1 4190
0 4192
1 4194
0 4196
1 4198
0 4200
1 4202
0 4204
1 4206
0 4208
1 4210
0 4212
1 4214
0 4216
1 4218
0 4220
1 4222
0 4224
1 4226
0 4228
1 4230
0 4232
1 4234
0 4236
1 4238
0 4240
1 4242
0 4244
1 4246
0 4248
1 4250
0 4252
1 4254
0 4256
1 4258
0 4260
1 4262
0 4264
1 4266
0 4268
1 4270
0 4272
1 4274
0 4276
1 4278
0 4280
1 4282
0 4284
1 4286
0 4288
1 4290
0 4292
1 4294
0 4296
1 4298
0 4300
1 4302
0 4304
1 4306
0 4308
1 4310
0 4312
1 4314
0 4316
1 4318
0 4320
1 4322
0 4324
1 4326
0 4328
1 4330
0 4332
1 4334
0 4336
1 4338
0 4340
1 4342
0 4344
1 4346
0 4348
1 4350
0 4352
1 4354
0 4356
1 4358
0 4360
1 4362
0 4364
1 4366
0 4368
1 4370
0 4372
1 4374
0 4376
1 4378
0 4380
1 4382
0 4384
1 4386
0 4388
1 4390
0 4392
1 4394
0 4396
1 4398
0 4400
1 4402
0 4404
1 4406
0 4408
1 4410
0 4412
1 4414
0 4416
1 4418
0 4420
1 4422
0 4424
1 4426
0 4428
1 4430
0 4432
1 4434
0 4436
1 4438
0 4440
1 4442
0 4444
1 4446
0 4448
1 4450
0 4452
1 4454
0 4456
1 4458
0 4460
1 4462
0 4464
1 4466
0 4468
1 4470
0 4472
1 4474
0 4476
1 4478
0 4480
1 4482
0 4484
1 4486
0 4488
1 4490
0 4492
1 4494
0 4496
1 4498
0 4500
1 4502
0 4504
1 4506
0 4508
1 4510
0 4512
1 4514
0 4516
1 4518
0 4520
1 4522
0 4524
1 4526
0 4528
1 4530
0 4532
1 4534
0 4536
1 4538
0 4540
1 4542
0 4544
1 4546
0 4548
1 4550
0 4552
1 4554
0 4556
1 4558
0 4560
1 4562
0 4564
1 4566
0 4568
1 4570
0 4572
1 4574
0 4576
1 4578
0 4580
1 4582
0 4584
1 4586
0 4588
1 4590
0 4592
1 4594
0 4596
1 4598
0 4600
1 4602
0 4604
1 4606
0 4608
1 4610
0 4612
1 4614
0 4616
1 4618
0 4620
1 4622
0 4624
1 4626
0 4628
1 4630
0 4632
1 4634
0 4636
1 4638
0 4640
1 4642
0 4644
1 4646
0 4648
1 4650
0 4652
1 4654
0 4656
1 4658
0 4660
1 4662
0 4664
1 4666
0 4668
1 4670
0 4672
1 4674
0 4676
1 4678
0 4680
1 4682
0 4684
1 4686
0 4688
1 4690
0 4692
1 4694
0 4696
1 4698
0 4700
1 4702
0 4704
1 4706
0 4708
1 4710
0 4712
1 4714
0 4716
1 4718
0 4720
1 4722
0 4724
1 4726
0 4728
1 4730
0 4732
1 4734
0 4736
1 4738
0 4740
1 4742
0 4744
1 4746
0 4748
1 4750
0 4752
1 4754
0 4756
1 4758
0 4760
1 4762
0 4764
1 4766
0 4768
1 4770
0 4772
1 4774
0 4776
1 4778
0 4780
1 4782
0 4784
1 4786
0 4788
1 4790
0 4792
1 4794
0 4796
1 4798
0 4800
1 4802
0 4804
1 4806
0 4808
1 4810
0 4812
1 4814
0 4816
1 4818
0 4820
1 4822
0 4824
1 4826
0 4828
1 4830
0 4832
1 4834
0 4836
1 4838
0 4840
1 4842
0 4844
1 4846
0 4848
1 4850
0 4852
1 4854
0 4856
1 4858
0 4860
1 4862
0 4864
1 4866
0 4868
1 4870
0 4872
1 4874
0 4876
1 4878
0 4880
1 4882
0 4884
1 4886
0 4888
1 4890
0 4892
1 4894
0 4896
1 4898
0 4900
1 4902
0 4904
1 4906
0 4908
1 4910
0 4912
1 4914
0 4916
1 4918
0 4920
1 4922
0 4924
1 4926
0 4928
1 4930
0 4932
1 4934
0 4936
1 4938
0 4940
1 4942
0 4944
1 4946
0 4948
1 4950
0 4952
1 4954
0 4956
1 4958
0 4960
1 4962
0 4964
1 4966
0 4968
1 4970
0 4972
1 4974
0 4976
1 4978
0 4980
1 4982
0 4984
1 4986
0 4988
1 4990
0 4992
1 4994
0 4996
1 4998
0 5000
1 5002
0 5004
1 5006
0 5008
1 5010
0 5012
1 5014
0 5016
1 5018
0 5020
1 5022
0 5024
1 5026
0 5028
1 5030
0 5032
1 5034
0 5036
1 5038
0 5040
1 5042
0 5044
1 5046
0 5048
1 5050
0 5052
1 5054
0 5056
1 5058
0 5060
1 5062
0 5064
1 5066
0 5068
1 5070
0 5072
1 5074
0 5076
1 5078
0 5080
1 5082
0 5084
1 5086
0 5088
1 5090
0 5092
1 5094
0 5096
1 5098
0 5100
1 5102
0 5104
1 5106
0 5108
1 5110
0 5112
1 5114
0 5116
1 5118
0 5120
1 5122
0 5124
1 5126
0 5128
1 5130
0 5132
1 5134
0 5136
1 5138
0 5140
1 5142
0 5144
1 5146
0 5148
1 5150
0 5152
1 5154
0 5156
1 5158
0 5160
1 5162
0 5164
1 5166
0 5168
1 5170
0 5172
1 5174
0 5176
1 5178
0 5180
1 5182
0 5184
1 5186
0 5188
1 5190
0 5192
1 5194
0 5196
1 5198
0 5200
1 5202
0 5204
1 5206
0 5208
1 5210
0 5212
1 5214
0 5216
1 5218
0 5220
1 5222
0 5224
1 5226
0 5228
1 5230
0 5232
1 5234
0 5236
1 5238
0 5240
1 5242
0 5244
1 5246
0 5248
1 5250
0 5252
1 5254
0 5256
1 5258
0 5260
1 5262
0 5264
1 5266
0 5268
1 5270
0 5272
1 5274
0 5276
1 5278
0 5280
1 5282
0 5284
1 5286
0 5288
1 5290
0 5292
1 5294
0 5296
1 5298
0 5300
1 5302
0 5304
1 5306
0 5308
1 5310
0 5312
1 5314
0 5316
1 5318
0 5320
1 5322
0 5324
1 5326
0 5328
1 5330
0 5332
1 5334
0 5336
1 5338
0 5340
1 5342
0 5344
1 5346
0 5348
1 5350
0 5352
1 5354
0 5356
1 5358
0 5360
1 5362
0 5364
1 5366
0 5368
1 5370
0 5372
1 5374
0 5376
1 5378
0 5380
1 5382
0 5384
1 5386
0 5388
1 5390
0 5392
1 5394
0 5396
1 5398
0 5400
1 5402
0 5404
1 5406
0 5408
1 5410
0 5412
1 5414
0 5416
1 5418
0 5420
1 5422
0 5424
1 5426
0 5428
1 5430
0 5432
1 5434
0 5436
1 5438
0 5440
1 5442
0 5444
1 5446
0 5448
1 5450
0 5452
1 5454
0 5456
1 5458
0 5460
1 5462
0 5464
1 5466
0 5468
1 5470
0 5472
1 5474
0 5476
1 5478
0 5480
1 5482
0 5484
1 5486
0 5488
1 5490
0 5492
1 5494
0 5496
1 5498
0 5500
1 5502
0 5504
1 5506
0 5508
1 5510
0 5512
1 5514
0 5516
1 5518
0 5520
1 5522
0 5524
1 5526
0 5528
1 5530
0 5532
1 5534
0 5536
1 5538
0 5540
1 5542
0 5544
1 5546
0 5548
1 5550
0 5552
1 5554
0 5556
1 5558
0 5560
1 5562
0 5564
1 5566
0 5568
1 5570
0 5572
1 5574
0 5576
1 5578
0 5580
1 5582
0 5584
1 5586
0 5588
1 5590
0 5592
1 5594
0 5596
1 5598
0 5600
1 5602
0 5604
1 5606
0 5608
1 5610
0 5612
1 5614
0 5616
1 5618
0 5620
1 5622
0 5624
1 5626
0 5628
1 5630
0 5632
1 5634
0 5636
1 5638
0 5640
1 5642
0 5644
1 5646
0 5648
1 5650
0 5652
1 5654
0 5656
1 5658
0 5660
1 5662
0 5664
1 5666
0 5668
1 5670
0 5672
1 5674
0 5676
1 5678
0 5680
1 5682
0 5684
1 5686
0 5688
1 5690
0 5692
1 5694
0 5696
1 5698
0 5700
1 5702
0 5704
1 5706
0 5708
1 5710
0 5712
1 5714
0 5716
1 5718
0 5720
1 5722
0 5724
1 5726
0 5728
1 5730
0 5732
1 5734
0 5736
1 5738
0 5740
1 5742
0 5744
1 5746
0 5748
1 5750
0 5752
1 5754
0 5756
1 5758
0 5760
1 5762
0 5764
1 5766
0 5768
1 5770
0 5772
1 5774
0 5776
1 5778
0 5780
1 5782
0 5784
1 5786
0 5788
1 5790
0 5792
1 5794
0 5796
1 5798
0 5800
1 5802
0 5804
1 5806
0 5808
1 5810
0 5812
1 5814
0 5816
1 5818
0 5820
1 5822
0 5824
1 5826
0 5828
1 5830
0 5832
1 5834
0 5836
1 5838
0 5840
1 5842
0 5844
1 5846
0 5848
1 5850
0 5852
1 5854
0 5856
1 5858
0 5860
1 5862
0 5864
1 5866
0 5868
1 5870
0 5872
1 5874
0 5876
1 5878
0 5880
1 5882
0 5884
1 5886
0 5888
1 5890
0 5892
1 5894
0 5896
1 5898
0 5900
1 5902
0 5904
1 5906
0 5908
1 5910
0 5912
1 5914
0 5916
1 5918
0 5920
1 5922
0 5924
1 5926
0 5928
1 5930
0 5932
1 5934
0 5936
1 5938
0 5940
1 5942
0 5944
1 5946
0 5948
1 5950
0 5952
1 5954
0 5956
1 5958
0 5960
1 5962
0 5964
1 5966
0 5968
1 5970
0 5972
1 5974
0 5976
1 5978
0 5980
1 5982
0 5984
1 5986
0 5988
1 5990
0 5992
1 5994
0 5996
1 5998
0 6000
1 6002
0 6004
1 6006
0 6008
1 6010
0 6012
1 6014
0 6016
1 6018
0 6020
1 6022
0 6024
1 6026
0 6028
1 6030
0 6032
1 6034
0 6036
1 6038
0 6040
1 6042
0 6044
1 6046
0 6048
1 6050
0 6052
1 6054
0 6056
1 6058
0 6060
1 6062
0 6064
1 6066
0 6068
1 6070
0 6072
1 6074
0 6076
1 6078
0 6080
1 6082
0 6084
1 6086
0 6088
1 6090
0 6092
1 6094
0 6096
1 6098
0 6100
1 6102
0 6104
1 6106
0 6108
1 6110
0 6112
1 6114
0 6116
1 6118
0 6120
1 6122
0 6124
1 6126
0 6128
1 6130
0 6132
1 6134
0 6136
1 6138
0 6140
1 6142
0 6144
1 6146
0 6148
1 6150
0 6152
1 6154
0 6156
1 6158
0 6160
1 6162
0 6164
1 6166
0 6168
1 6170
0 6172
1 6174
0 6176
1 6178
0 6180
1 6182
0 6184
1 6186
0 6188
1 6190
0 6192
1 6194
0 6196
1 6198
0 6200
1 6202
0 6204
1 6206
0 6208
1 6210
0 6212
1 6214
0 6216
1 6218
0 6220
1 6222
0 6224
1 6226
0 6228
1 6230
0 6232
1 6234
0 6236
1 6238
0 6240
1 6242
0 6244
1 6246
0 6248
1 6250
0 6252
1 6254
0 6256
1 6258
0 6260
1 6262
0 6264
1 6266
0 6268
1 6270
0 6272
1 6274
0 6276
1 6278
0 6280
1 6282
0 6284
1 6286
0 6288
1 6290
0 6292
1 6294
0 6296
1 6298
0 6300
1 6302
0 6304
1 6306
0 6308
1 6310
0 6312
1 6314
0 6316
1 6318
0 6320
1 6322
0 6324
1 6326
0 6328
1 6330
0 6332
1 6334
0 6336
1 6338
0 6340
1 6342
0 6344
1 6346
0 6348
1 6350
0 6352
1 6354
0 6356
1 6358
0 6360
1 6362
0 6364
1 6366
0 6368
1 6370
0 6372
1 6374
0 6376
1 6378
0 6380
1 6382
0 6384
1 6386
0 6388
1 6390
0 6392
1 6394
0 6396
1 6398
0 6400
1 6402
0 6404
1 6406
0 6408
1 6410
0 6412
1 6414
0 6416
1 6418
0 6420
1 6422
0 6424
1 6426
0 6428
1 6430
0 6432
1 6434
0 6436
1 6438
0 6440
1 6442
0 6444
1 6446
0 6448
1 6450
0 6452
1 6454
0 6456
1 6458
0 6460
1 6462
0 6464
1 6466
0 6468
1 6470
0 6472
1 6474
0 6476
1 6478
0 6480
1 6482
0 6484
1 6486
0 6488
1 6490
0 6492
1 6494
0 6496
1 6498
0 6500
1 6502
0 6504
1 6506
0 6508
1 6510
0 6512
1 6514
0 6516
1 6518
0 6520
1 6522
0 6524
1 6526
0 6528
1 6530
0 6532
1 6534
0 6536
1 6538
0 6540
1 6542
0 6544
1 6546
0 6548
1 6550
0 6552
1 6554
0 6556
1 6558
0 6560
1 6562
0 6564
1 6566
0 6568
1 6570
0 6572
1 6574
0 6576
1 6578
0 6580
1 6582
0 6584
1 6586
0 6588
1 6590
0 6592
1 6594
0 6596
1 6598
0 6600
1 6602
0 6604
1 6606
0 6608
1 6610
0 6612
1 6614
0 6616
1 6618
0 6620
1 6622
0 6624
1 6626
0 6628
1 6630
0 6632
1 6634
0 6636
1 6638
0 6640
1 6642
0 6644
1 6646
0 6648
1 6650
0 6652
1 6654
0 6656
1 6658
0 6660
1 6662
0 6664
1 6666
0 6668
1 6670
0 6672
1 6674
0 6676
1 6678
0 6680
1 6682
0 6684
1 6686
0 6688
1 6690
0 6692
1 6694
0 6696
1 6698
0 6700
1 6702
0 6704
1 6706
0 6708
1 6710
0 6712
1 6714
0 6716
1 6718
0 6720
1 6722
0 6724
1 6726
0 6728
1 6730
0 6732
1 6734
0 6736
1 6738
0 6740
1 6742
0 6744
1 6746
0 6748
1 6750
0 6752
1 6754
0 6756
1 6758
0 6760
1 6762
0 6764
1 6766
0 6768
1 6770
0 6772
1 6774
0 6776
1 6778
0 6780
1 6782
0 6784
1 6786
0 6788
1 6790
0 6792
1 6794
0 6796
1 6798
0 6800
1 6802
0 6804
1 6806
0 6808
1 6810
0 6812
1 6814
0 6816
1 6818
0 6820
1 6822
0 6824
1 6826
0 6828
1 6830
0 6832
1 6834
0 6836
1 6838
0 6840
1 6842
0 6844
1 6846
0 6848
1 6850
0 6852
1 6854
0 6856
1 6858
0 6860
1 6862
0 6864
1 6866
0 6868
1 6870
0 6872
1 6874
0 6876
1 6878
0 6880
1 6882
0 6884
1 6886
0 6888
1 6890
0 6892
1 6894
0 6896
1 6898
0 6900
1 6902
0 6904
1 6906
0 6908
1 6910
0 6912
1 6914
0 6916
1 6918
0 6920
1 6922
0 6924
1 6926
0 6928
1 6930
0 6932
1 6934
0 6936
1 6938
0 6940
1 6942
0 6944
1 6946
0 6948
1 6950
0 6952
1 6954
0 6956
1 6958
0 6960
1 6962
0 6964
1 6966
0 6968
1 6970
0 6972
1 6974
0 6976
1 6978
0 6980
1 6982
0 6984
1 6986
0 6988
1 6990
0 6992
1 6994
0 6996
1 6998
0 7000
1 7002
0 7004
1 7006
0 7008
1 7010
0 7012
1 7014
0 7016
1 7018
0 7020
1 7022
0 7024
1 7026
0 7028
1 7030
0 7032
1 7034
0 7036
1 7038
0 7040
1 7042
0 7044
1 7046
0 7048
1 7050
0 7052
1 7054
0 7056
1 7058
0 7060
1 7062
0 7064
1 7066
0 7068
1 7070
0 7072
1 7074
0 7076
1 7078
0 7080
1 7082
0 7084
1 7086
0 7088
1 7090
0 7092
1 7094
0 7096
1 7098
0 7100
1 7102
0 7104
1 7106
0 7108
1 7110
0 7112
1 7114
0 7116
1 7118
0 7120
1 7122
0 7124
1 7126
0 7128
1 7130
0 7132
1 7134
0 7136
1 7138
0 7140
1 7142
0 7144
1 7146
0 7148
1 7150
0 7152
1 7154
0 7156
1 7158
0 7160
1 7162
0 7164
1 7166
0 7168
1 7170
0 7172
1 7174
0 7176
1 7178
0 7180
1 7182
0 7184
1 7186
0 7188
1 7190
0 7192
1 7194
0 7196
1 7198
0 7200
1 7202
0 7204
1 7206
0 7208
1 7210
0 7212
1 7214
0 7216
1 7218
0 7220
1 7222
0 7224
1 7226
0 7228
1 7230
0 7232
1 7234
0 7236
1 7238
0 7240
1 7242
0 7244
1 7246
0 7248
1 7250
0 7252
1 7254
0 7256
1 7258
0 7260
1 7262
0 7264
1 7266
0 7268
1 7270
0 7272
1 7274
0 7276
1 7278
0 7280
1 7282
0 7284
1 7286
0 7288
1 7290
0 7292
1 7294
0 7296
1 7298
0 7300
1 7302
0 7304
1 7306
0 7308
1 7310
0 7312
1 7314
0 7316
1 7318
0 7320
1 7322
0 7324
1 7326
0 7328
1 7330
0 7332
1 7334
0 7336
1 7338
0 7340
1 7342
0 7344
1 7346
0 7348
1 7350
0 7352
1 7354
0 7356
1 7358
0 7360
1 7362
0 7364
1 7366
0 7368
1 7370
0 7372
1 7374
0 7376
1 7378
0 7380
1 7382
0 7384
1 7386
0 7388
1 7390
0 7392
1 7394
0 7396
1 7398
0 7400
1 7402
0 7404
1 7406
0 7408
1 7410
0 7412
1 7414
0 7416
1 7418
0 7420
1 7422
0 7424
1 7426
0 7428
1 7430
0 7432
1 7434
0 7436
1 7438
0 7440
1 7442
0 7444
1 7446
0 7448
1 7450
0 7452
1 7454
0 7456
1 7458
0 7460
1 7462
0 7464
1 7466
0 7468
1 7470
0 7472
1 7474
0 7476
1 7478
0 7480
1 7482
0 7484
1 7486
0 7488
1 7490
0 7492
1 7494
0 7496
1 7498
0 7500
1 7502
0 7504
1 7506
0 7508
1 7510
0 7512
1 7514
0 7516
1 7518
0 7520
1 7522
0 7524
1 7526
0 7528
1 7530
0 7532
1 7534
0 7536
1 7538
0 7540
1 7542
0 7544
1 7546
0 7548
1 7550
0 7552
1 7554
0 7556
1 7558
0 7560
1 7562
0 7564
1 7566
0 7568
1 7570
0 7572
1 7574
0 7576
1 7578
0 7580
1 7582
0 7584
1 7586
0 7588
1 7590
0 7592
1 7594
0 7596
1 7598
0 7600
1 7602
0 7604
1 7606
0 7608
1 7610
0 7612
1 7614
0 7616
1 7618
0 7620
1 7622
0 7624
1 7626
0 7628
1 7630
0 7632
1 7634
0 7636
1 7638
0 7640
1 7642
0 7644
1 7646
0 7648
1 7650
0 7652
1 7654
0 7656
1 7658
0 7660
1 7662
0 7664
1 7666
0 7668
1 7670
0 7672
1 7674
0 7676
1 7678
0 7680
1 7682
0 7684
1 7686
0 7688
1 7690
0 7692
1 7694
0 7696
1 7698
0 7700
1 7702
0 7704
1 7706
0 7708
1 7710
0 7712
1 7714
0 7716
1 7718
0 7720
1 7722
0 7724
1 7726
0 7728
1 7730
0 7732
1 7734
0 7736
1 7738
0 7740
1 7742
0 7744
1 7746
0 7748
1 7750
0 7752
1 7754
0 7756
1 7758
0 7760
1 7762
0 7764
1 7766
0 7768
1 7770
0 7772
1 7774
0 7776
1 7778
0 7780
1 7782
0 7784
1 7786
0 7788
1 7790
0 7792
1 7794
0 7796
1 7798
0 7800
1 7802
0 7804
1 7806
0 7808
1 7810
0 7812
1 7814
0 7816
1 7818
0 7820
1 7822
0 7824
1 7826
0 7828
1 7830
0 7832
1 7834
0 7836
1 7838
0 7840
1 7842
0 7844
1 7846
0 7848
1 7850
0 7852
1 7854
0 7856
1 7858
0 7860
1 7862
0 7864
1 7866
0 7868
1 7870
0 7872
1 7874
0 7876
1 7878
0 7880
1 7882
0 7884
1 7886
0 7888
1 7890
0 7892
1 7894
0 7896
1 7898
0 7900
1 7902
0 7904
1 7906
0 7908
1 7910
0 7912
1 7914
0 7916
1 7918
0 7920
1 7922
0 7924
1 7926
0 7928
1 7930
0 7932
1 7934
0 7936
1 7938
0 7940
1 7942
0 7944
1 7946
0 7948
1 7950
0 7952
1 7954
0 7956
1 7958
0 7960
1 7962
0 7964
1 7966
0 7968
1 7970
0 7972
1 7974
0 7976
1 7978
0 7980
1 7982
0 7984
1 7986
0 7988
1 7990
0 7992
1 7994
0 7996
1 7998
0 8000
1 8002
0 8004
1 8006
0 8008
1 8010
0 8012
1 8014
0 8016
1 8018
0 8020
1 8022
0 8024
1 8026
0 8028
1 8030
0 8032
1 8034
0 8036
1 8038
0 8040
1 8042
0 8044
1 8046
0 8048
1 8050
0 8052
1 8054
0 8056
1 8058
0 8060
1 8062
0 8064
1 8066
0 8068
1 8070
0 8072
1 8074
0 8076
1 8078
0 8080
1 8082
0 8084
1 8086
0 8088
1 8090
0 8092
1 8094
0 8096
1 8098
0 8100
1 8102
0 8104
1 8106
0 8108
1 8110
0 8112
1 8114
0 8116
1 8118
0 8120
1 8122
0 8124
1 8126
0 8128
1 8130
0 8132
1 8134
0 8136
1 8138
0 8140
1 8142
0 8144
1 8146
0 8148
1 8150
0 8152
1 8154
0 8156
1 8158
0 8160
1 8162
0 8164
1 8166
0 8168
1 8170
0 8172
1 8174
0 8176
1 8178
0 8180
1 8182
0 8184
1 8186
0 8188
1 8190
0 8192
1 8194
0 8196
1 8198
0 8200
1 8202
0 8204
1 8206
0 8208
1 8210
0 8212
1 8214
0 8216
1 8218
0 8220
1 8222
0 8224
1 8226
0 8228
1 8230
0 8232
1 8234
0 8236
1 8238
0 8240
1 8242
0 8244
1 8246
0 8248
1 8250
0 8252
1 8254
0 8256
1 8258
0 8260
1 8262
0 8264
1 8266
0 8268
1 8270
0 8272
1 8274
0 8276
1 8278
0 8280
1 8282
0 8284
1 8286
0 8288
1 8290
0 8292
1 8294
0 8296
1 8298
0 8300
1 8302
0 8304
1 8306
0 8308
1 8310
0 8312
1 8314
0 8316
1 8318
0 8320
1 8322
0 8324
1 8326
0 8328
1 8330
0 8332
1 8334
0 8336
1 8338
0 8340
1 8342
0 8344
1 8346
0 8348
1 8350
0 8352
1 8354
0 8356
1 8358
0 8360
1 8362
0 8364
1 8366
0 8368
1 8370
0 8372
1 8374
0 8376
1 8378
0 8380
1 8382
0 8384
1 8386
0 8388
1 8390
0 8392
1 8394
0 8396
1 8398
0 8400
1 8402
0 8404
1 8406
0 8408
1 8410
0 8412
1 8414
0 8416
1 8418
0 8420
1 8422
0 8424
1 8426
0 8428
1 8430
0 8432
1 8434
0 8436
1 8438
0 8440
1 8442
0 8444
1 8446
0 8448
1 8450
0 8452
1 8454
0 8456
1 8458
0 8460
1 8462
0 8464
1 8466
0 8468
1 8470
0 8472
1 8474
0 8476
1 8478
0 8480
1 8482
0 8484
1 8486
0 8488
1 8490
0 8492
1 8494
0 8496
1 8498
0 8500
1 8502
0 8504
1 8506
0 8508
1 8510
0 8512
1 8514
0 8516
1 8518
0 8520
1 8522
0 8524
1 8526
0 8528
1 8530
0 8532
1 8534
0 8536
1 8538
0 8540
1 8542
0 8544
1 8546
0 8548
1 8550
0 8552
1 8554
0 8556
1 8558
0 8560
1 8562
0 8564
1 8566
0 8568
1 8570
0 8572
1 8574
0 8576
1 8578
0 8580
1 8582
0 8584
1 8586
0 8588
1 8590
0 8592
1 8594
0 8596
1 8598
0 8600
1 8602
0 8604
1 8606
0 8608
1 8610
0 8612
1 8614
0 8616
1 8618
0 8620
1 8622
0 8624
1 8626
0 8628
1 8630
0 8632
1 8634
0 8636
1 8638
0 8640
1 8642
0 8644
1 8646
0 8648
1 8650
0 8652
1 8654
0 8656
1 8658
0 8660
1 8662
0 8664
1 8666
0 8668
1 8670
0 8672
1 8674
0 8676
1 8678
0 8680
1 8682
0 8684
1 8686
0 8688
1 8690
0 8692
1 8694
0 8696
1 8698
0 8700
1 8702
0 8704
1 8706
0 8708
1 8710
0 8712
1 8714
0 8716
1 8718
0 8720
1 8722
0 8724
1 8726
0 8728
1 8730
0 8732
1 8734
0 8736
1 8738
0 8740
1 8742
0 8744
1 8746
0 8748
1 8750
0 8752
1 8754
0 8756
1 8758
0 8760
1 8762
0 8764
1 8766
0 8768
1 8770
0 8772
1 8774
0 8776
1 8778
0 8780
1 8782
0 8784
1 8786
0 8788
1 8790
0 8792
1 8794
0 8796
1 8798
0 8800
1 8802
0 8804
1 8806
0 8808
1 8810
0 8812
1 8814
0 8816
1 8818
0 8820
1 8822
0 8824
1 8826
0 8828
1 8830
0 8832
1 8834
0 8836
1 8838
0 8840
1 8842
0 8844
1 8846
0 8848
1 8850
0 8852
1 8854
0 8856
1 8858
0 8860
1 8862
0 8864
1 8866
0 8868
1 8870
0 8872
1 8874
0 8876
1 8878
0 8880
1 8882
0 8884
1 8886
0 8888
1 8890
0 8892
1 8894
0 8896
1 8898
0 8900
1 8902
0 8904
1 8906
0 8908
1 8910
0 8912
1 8914
0 8916
1 8918
0 8920
1 8922
0 8924
1 8926
0 8928
1 8930
0 8932
1 8934
0 8936
1 8938
0 8940
1 8942
0 8944
1 8946
0 8948
1 8950
0 8952
1 8954
0 8956
1 8958
0 8960
1 8962
0 8964
1 8966
0 8968
1 8970
0 8972
1 8974
0 8976
1 8978
0 8980
1 8982
0 8984
1 8986
0 8988
1 8990
0 8992
1 8994
0 8996
1 8998
0 9000
1 9002
0 9004
1 9006
0 9008
1 9010
0 9012
1 9014
0 9016
1 9018
0 9020
1 9022
0 9024
1 9026
0 9028
1 9030
0 9032
1 9034
0 9036
1 9038
0 9040
1 9042
0 9044
1 9046
0 9048
1 9050
0 9052
1 9054
0 9056
1 9058
0 9060
1 9062
0 9064
1 9066
0 9068
1 9070
0 9072
1 9074
0 9076
1 9078
0 9080
1 9082
0 9084
1 9086
0 9088
1 9090
0 9092
1 9094
0 9096
1 9098
0 9100
1 9102
0 9104
1 9106
0 9108
1 9110
0 9112
1 9114
0 9116
1 9118
0 9120
1 9122
0 9124
1 9126
0 9128
1 9130
0 9132
1 9134
0 9136
1 9138
0 9140
1 9142
0 9144
1 9146
0 9148
1 9150
0 9152
1 9154
0 9156
1 9158
0 9160
1 9162
0 9164
1 9166
0 9168
1 9170
0 9172
1 9174
0 9176
1 9178
0 9180
1 9182
0 9184
1 9186
0 9188
1 9190
0 9192
1 9194
0 9196
1 9198
0 9200
1 9202
0 9204
1 9206
0 9208
1 9210
0 9212
1 9214
0 9216
1 9218
0 9220
1 9222
0 9224
1 9226
0 9228
1 9230
0 9232
1 9234
0 9236
1 9238
0 9240
1 9242
0 9244
1 9246
0 9248
1 9250
0 9252
1 9254
0 9256
1 9258
0 9260
1 9262
0 9264
1 9266
0 9268
1 9270
0 9272
1 9274
0 9276
1 9278
0 9280
1 9282
0 9284
1 9286
0 9288
1 9290
0 9292
1 9294
0 9296
1 9298
0 9300
1 9302
0 9304
1 9306
0 9308
1 9310
0 9312
1 9314
0 9316
1 9318
0 9320
1 9322
0 9324
1 9326
0 9328
1 9330
0 9332
1 9334
0 9336
1 9338
0 9340
1 9342
0 9344
1 9346
0 9348
1 9350
0 9352
1 9354
0 9356
1 9358
0 9360
1 9362
0 9364
1 9366
0 9368
1 9370
0 9372
1 9374
0 9376
1 9378
0 9380
1 9382
0 9384
1 9386
0 9388
1 9390
0 9392
1 9394
0 9396
1 9398
0 9400
1 9402
0 9404
1 9406
0 9408
1 9410
0 9412
1 9414
0 9416
1 9418
0 9420
1 9422
0 9424
1 9426
0 9428
1 9430
0 9432
1 9434
0 9436
1 9438
0 9440
1 9442
0 9444
1 9446
0 9448
1 9450
0 9452
1 9454
0 9456
1 9458
0 9460
1 9462
0 9464
1 9466
0 9468
1 9470
0 9472
1 9474
0 9476
1 9478
0 9480
1 9482
0 9484
1 9486
0 9488
1 9490
0 9492
1 9494
0 9496
1 9498
0 9500
1 9502
0 9504
1 9506
0 9508
1 9510
0 9512
1 9514
0 9516
1 9518
0 9520
1 9522
0 9524
1 9526
0 9528
1 9530
0 9532
1 9534
0 9536
1 9538
0 9540
1 9542
0 9544
1 9546
0 9548
1 9550
0 9552
1 9554
0 9556
1 9558
0 9560
1 9562
0 9564
1 9566
0 9568
1 9570
0 9572
1 9574
0 9576
1 9578
0 9580
1 9582
0 9584
1 9586
0 9588
1 9590
0 9592
1 9594
0 9596
1 9598
0 9600
1 9602
0 9604
1 9606
0 9608
1 9610
0 9612
1 9614
0 9616
1 9618
0 9620
1 9622
0 9624
1 9626
0 9628
1 9630
0 9632
1 9634
0 9636
1 9638
0 9640
1 9642
0 9644
1 9646
0 9648
1 9650
0 9652
1 9654
0 9656
1 9658
0 9660
1 9662
0 9664
1 9666
0 9668
1 9670
0 9672
1 9674
0 9676
1 9678
0 9680
1 9682
0 9684
1 9686
0 9688
1 9690
0 9692
1 9694
0 9696
1 9698
0 9700
1 9702
0 9704
1 9706
0 9708
1 9710
0 9712
1 9714
0 9716
1 9718
0 9720
1 9722
0 9724
1 9726
0 9728
1 9730
0 9732
1 9734
0 9736
1 9738
0 9740
1 9742
0 9744
1 9746
0 9748
1 9750
0 9752
1 9754
0 9756
1 9758
0 9760
1 9762
0 9764
1 9766
0 9768
1 9770
0 9772
1 9774
0 9776
1 9778
0 9780
1 9782
0 9784
1 9786
0 9788
1 9790
0 9792
1 9794
0 9796
1 9798
0 9800
1 9802
0 9804
1 9806
0 9808
1 9810
0 9812
1 9814
0 9816
1 9818
0 9820
1 9822
0 9824
1 9826
0 9828
1 9830
0 9832
1 9834
0 9836
1 9838
0 9840
1 9842
0 9844
1 9846
0 9848
1 9850
0 9852
1 9854
0 9856
1 9858
0 9860
1 9862
0 9864
1 9866
0 9868
1 9870
0 9872
1 9874
0 9876
1 9878
0 9880
1 9882
0 9884
1 9886
0 9888
1 9890
0 9892
1 9894
0 9896
1 9898
0 9900
1 9902
0 9904
1 9906
0 9908
1 9910
0 9912
1 9914
0 9916
1 9918
0 9920
1 9922
0 9924
1 9926
0 9928
1 9930
0 9932
1 9934
0 9936
1 9938
0 9940
1 9942
0 9944
1 9946
0 9948
1 9950
0 9952
1 9954
0 9956
1 9958
0 9960
1 9962
0 9964
1 9966
0 9968
1 9970
0 9972
1 9974
0 9976
1 9978
0 9980
1 9982
0 9984
1 9986
0 9988
1 9990
0 9992
1 9994
0 9996
1 9998
0 10000
1 10002
0 10004
1 10006
0 10008
1 10010
0 10012
1 10014
0 10016
1 10018
0 10020
1 10022
0 10024
1 10026
0 10028
1 10030
0 10032
1 10034
0 10036
1 10038
0 10040
1 10042
0 10044
1 10046
0 10048
1 10050
0 10052
1 10054
0 10056
1 10058
0 10060
1 10062
0 10064
1 10066
0 10068
1 10070
0 10072
1 10074
0 10076
1 10078
0 10080
1 10082
0 10084
1 10086
0 10088
1 10090
0 10092
1 10094
0 10096
1 10098
0 10100
1 10102
0 10104
1 10106
0 10108
1 10110
0 10112
1 10114
0 10116
1 10118
0 10120
1 10122
0 10124
1 10126
0 10128
1 10130
0 10132
1 10134
0 10136
1 10138
0 10140
1 10142
0 10144
1 10146
0 10148
1 10150
0 10152
1 10154
0 10156
1 10158
0 10160
1 10162
0 10164
1 10166
0 10168
1 10170
0 10172
1 10174
0 10176
1 10178
0 10180
1 10182
0 10184
1 10186
0 10188
1 10190
0 10192
1 10194
0 10196
1 10198
0 10200
1 10202
0 10204
1 10206
0 10208
1 10210
0 10212
1 10214
0 10216
1 10218
0 10220
1 10222
0 10224
1 10226
0 10228
1 10230
0 10232
1 10234
0 10236
1 10238
0 10240
1 10242
0 10244
1 10246
0 10248
1 10250
0 10252
1 10254
0 10256
1 10258
0 10260
1 10262
0 10264
1 10266
0 10268
1 10270
0 10272
1 10274
0 10276
1 10278
0 10280
1 10282
0 10284
1 10286
0 10288
1 10290
0 10292
1 10294
0 10296
1 10298
0 10300
1 10302
0 10304
1 10306
0 10308
1 10310
0 10312
1 10314
0 10316
1 10318
0 10320
1 10322
0 10324
1 10326
0 10328
1 10330
0 10332
1 10334
0 10336
1 10338
0 10340
1 10342
0 10344
1 10346
0 10348
1 10350
0 10352
1 10354
0 10356
1 10358
0 10360
1 10362
0 10364
1 10366
0 10368
1 10370
0 10372
1 10374
0 10376
1 10378
0 10380
1 10382
0 10384
1 10386
0 10388
1 10390
0 10392
1 10394
0 10396
1 10398
0 10400
1 10402
0 10404
1 10406
0 10408
1 10410
0 10412
1 10414
0 10416
1 10418
0 10420
1 10422
0 10424
1 10426
0 10428
1 10430
0 10432
1 10434
0 10436
1 10438
0 10440
1 10442
0 10444
1 10446
0 10448
1 10450
0 10452
1 10454
0 10456
1 10458
0 10460
1 10462
0 10464
1 10466
0 10468
1 10470
0 10472
1 10474
0 10476
1 10478
0 10480
1 10482
0 10484
1 10486
0 10488
1 10490
0 10492
1 10494
0 10496
1 10498
0 10500
1 10502
0 10504
1 10506
0 10508
1 10510
0 10512
1 10514
0 10516
1 10518
0 10520
1 10522
0 10524
1 10526
0 10528
1 10530
0 10532
1 10534
0 10536
1 10538
0 10540
1 10542
0 10544
1 10546
0 10548
1 10550
0 10552
1 10554
0 10556
1 10558
0 10560
1 10562
0 10564
1 10566
0 10568
1 10570
0 10572
1 10574
0 10576
1 10578
0 10580
1 10582
0 10584
1 10586
0 10588
1 10590
0 10592
1 10594
0 10596
1 10598
0 10600
1 10602
0 10604
1 10606
0 10608
1 10610
0 10612
1 10614
0 10616
1 10618
0 10620
1 10622
0 10624
1 10626
0 10628
1 10630
0 10632
1 10634
0 10636
1 10638
0 10640
1 10642
0 10644
1 10646
0 10648
1 10650
0 10652
1 10654
0 10656
1 10658
0 10660
1 10662
0 10664
1 10666
0 10668
1 10670
0 10672
1 10674
0 10676
1 10678
0 10680
1 10682
0 10684
1 10686
0 10688
1 10690
0 10692
1 10694
0 10696
1 10698
0 10700
1 10702
0 10704
1 10706
0 10708
1 10710
0 10712
1 10714
0 10716
1 10718
0 10720
1 10722
0 10724
1 10726
0 10728
1 10730
0 10732
1 10734
0 10736
1 10738
0 10740
1 10742
0 10744
1 10746
0 10748
1 10750
0 10752
1 10754
0 10756
1 10758
0 10760
1 10762
0 10764
1 10766
0 10768
1 10770
0 10772
1 10774
0 10776
1 10778
0 10780
1 10782
0 10784
1 10786
0 10788
1 10790
0 10792
1 10794
0 10796
1 10798
0 10800
1 10802
0 10804
1 10806
0 10808
1 10810
0 10812
1 10814
0 10816
1 10818
0 10820
1 10822
0 10824
1 10826
0 10828
1 10830
0 10832
1 10834
0 10836
1 10838
0 10840
1 10842
0 10844
1 10846
0 10848
1 10850
0 10852
1 10854
0 10856
1 10858
0 10860
1 10862
0 10864
1 10866
0 10868
1 10870
0 10872
1 10874
0 10876
1 10878
0 10880
1 10882
0 10884
1 10886
0 10888
1 10890
0 10892
1 10894
0 10896
1 10898
0 10900
1 10902
0 10904
1 10906
0 10908
1 10910
0 10912
1 10914
0 10916
1 10918
0 10920
1 10922
0 10924
1 10926
0 10928
1 10930
0 10932
1 10934
0 10936
1 10938
0 10940
1 10942
0 10944
1 10946
0 10948
1 10950
0 10952
1 10954
0 10956
1 10958
0 10960
1 10962
0 10964
1 10966
0 10968
1 10970
0 10972
1 10974
0 10976
1 10978
0 10980
1 10982
0 10984
1 10986
0 10988
1 10990
0 10992
1 10994
0 10996
1 10998
0 11000
1 11002
0 11004
1 11006
0 11008
1 11010
0 11012
1 11014
0 11016
1 11018
0 11020
1 11022
0 11024
1 11026
0 11028
1 11030
0 11032
1 11034
0 11036
1 11038
0 11040
1 11042
0 11044
1 11046
0 11048
1 11050
0 11052
1 11054
0 11056
1 11058
0 11060
1 11062
0 11064
1 11066
0 11068
1 11070
0 11072
1 11074
0 11076
1 11078
0 11080
1 11082
0 11084
1 11086
0 11088
1 11090
0 11092
1 11094
0 11096
1 11098
0 11100
1 11102
0 11104
1 11106
0 11108
1 11110
0 11112
1 11114
0 11116
1 11118
0 11120
1 11122
0 11124
1 11126
0 11128
1 11130
0 11132
1 11134
0 11136
1 11138
0 11140
1 11142
0 11144
1 11146
0 11148
1 11150
0 11152
1 11154
0 11156
1 11158
0 11160
1 11162
0 11164
1 11166
0 11168
1 11170
0 11172
1 11174
0 11176
1 11178
0 11180
1 11182
0 11184
1 11186
0 11188
1 11190
0 11192
1 11194
0 11196
1 11198
0 11200
1 11202
0 11204
1 11206
0 11208
1 11210
0 11212
1 11214
0 11216
1 11218
0 11220
1 11222
0 11224
1 11226
0 11228
1 11230
0 11232
1 11234
0 11236
1 11238
0 11240
1 11242
0 11244
1 11246
0 11248
1 11250
0 11252
1 11254
0 11256
1 11258
0 11260
1 11262
0 11264
1 11266
0 11268
1 11270
0 11272
1 11274
0 11276
1 11278
0 11280
1 11282
0 11284
1 11286
0 11288
1 11290
0 11292
1 11294
0 11296
1 11298
0 11300
1 11302
0 11304
1 11306
0 11308
1 11310
0 11312
1 11314
0 11316
1 11318
0 11320
1 11322
0 11324
1 11326
0 11328
1 11330
0 11332
1 11334
0 11336
1 11338
0 11340
1 11342
0 11344
1 11346
0 11348
1 11350
0 11352
1 11354
0 11356
1 11358
0 11360
1 11362
0 11364
1 11366
0 11368
1 11370
0 11372
1 11374
0 11376
1 11378
0 11380
1 11382
0 11384
1 11386
0 11388
1 11390
0 11392
1 11394
0 11396
1 11398
0 11400
1 11402
0 11404
1 11406
0 11408
1 11410
0 11412
1 11414
0 11416
1 11418
0 11420
1 11422
0 11424
1 11426
0 11428
1 11430
0 11432
1 11434
0 11436
1 11438
0 11440
1 11442
0 11444
1 11446
0 11448
1 11450
0 11452
1 11454
0 11456
1 11458
0 11460
1 11462
0 11464
1 11466
0 11468
1 11470
0 11472
1 11474
0 11476
1 11478
0 11480
1 11482
0 11484
1 11486
0 11488
1 11490
0 11492
1 11494
0 11496
1 11498
0 11500
1 11502
0 11504
1 11506
0 11508
1 11510
0 11512
1 11514
0 11516
1 11518
0 11520
1 11522
0 11524
1 11526
0 11528
1 11530
0 11532
1 11534
0 11536
1 11538
0 11540
1 11542
0 11544
1 11546
0 11548
1 11550
0 11552
1 11554
0 11556
1 11558
0 11560
1 11562
0 11564
1 11566
0 11568
1 11570
0 11572
1 11574
0 11576
1 11578
0 11580
1 11582
0 11584
1 11586
0 11588
1 11590
0 11592
1 11594
0 11596
1 11598
0 11600
1 11602
0 11604
1 11606
0 11608
1 11610
0 11612
1 11614
0 11616
1 11618
0 11620
1 11622
0 11624
1 11626
0 11628
1 11630
0 11632
1 11634
0 11636
1 11638
0 11640
1 11642
0 11644
1 11646
0 11648
1 11650
0 11652
1 11654
0 11656
1 11658
0 11660
1 11662
0 11664
1 11666
0 11668
1 11670
0 11672
1 11674
0 11676
1 11678
0 11680
1 11682
0 11684
1 11686
0 11688
1 11690
0 11692
1 11694
0 11696
1 11698
0 11700
1 11702
0 11704
1 11706
0 11708
1 11710
0 11712
1 11714
0 11716
1 11718
0 11720
1 11722
0 11724
1 11726
0 11728
1 11730
0 11732
1 11734
0 11736
1 11738
0 11740
1 11742
0 11744
1 11746
0 11748
1 11750
0 11752
1 11754
0 11756
1 11758
0 11760
1 11762
0 11764
1 11766
0 11768
1 11770
0 11772
1 11774
0 11776
1 11778
0 11780
1 11782
0 11784
1 11786
0 11788
1 11790
0 11792
1 11794
0 11796
1 11798
0 11800
1 11802
0 11804
1 11806
0 11808
1 11810
0 11812
1 11814
0 11816
1 11818
0 11820
1 11822
0 11824
1 11826
0 11828
1 11830
0 11832
1 11834
0 11836
1 11838
0 11840
1 11842
0 11844
1 11846
0 11848
1 11850
0 11852
1 11854
0 11856
1 11858
0 11860
1 11862
0 11864
1 11866
0 11868
1 11870
0 11872
1 11874
0 11876
1 11878
0 11880
1 11882
0 11884
1 11886
0 11888
1 11890
0 11892
1 11894
0 11896
1 11898
0 11900
1 11902
0 11904
1 11906
0 11908
1 11910
0 11912
1 11914
0 11916
1 11918
0 11920
1 11922
0 11924
1 11926
0 11928
1 11930
0 11932
1 11934
0 11936
1 11938
0 11940
1 11942
0 11944
1 11946
0 11948
1 11950
0 11952
1 11954
0 11956
1 11958
0 11960
1 11962
0 11964
1 11966
0 11968
1 11970
0 11972
1 11974
0 11976
1 11978
0 11980
1 11982
0 11984
1 11986
0 11988
1 11990
0 11992
1 11994
0 11996
1 11998
0 12000
1 12002
0 12004
1 12006
0 12008
1 12010
0 12012
1 12014
0 12016
1 12018
0 12020
1 12022
0 12024
1 12026
0 12028
1 12030
0 12032
1 12034
0 12036
1 12038
0 12040
1 12042
0 12044
1 12046
0 12048
1 12050
0 12052
1 12054
0 12056
1 12058
0 12060
1 12062
0 12064
1 12066
0 12068
1 12070
0 12072
1 12074
0 12076
1 12078
0 12080
1 12082
0 12084
1 12086
0 12088
1 12090
0 12092
1 12094
0 12096
1 12098
0 12100
1 12102
0 12104
1 12106
0 12108
1 12110
0 12112
1 12114
0 12116
1 12118
0 12120
1 12122
0 12124
1 12126
0 12128
1 12130
0 12132
1 12134
0 12136
1 12138
0 12140
1 12142
0 12144
1 12146
0 12148
1 12150
0 12152
1 12154
0 12156
1 12158
0 12160
1 12162
0 12164
1 12166
0 12168
1 12170
0 12172
1 12174
0 12176
1 12178
0 12180
1 12182
0 12184
1 12186
0 12188
1 12190
0 12192
1 12194
0 12196
1 12198
0 12200
1 12202
0 12204
1 12206
0 12208
1 12210
0 12212
1 12214
0 12216
1 12218
0 12220
1 12222
0 12224
1 12226
0 12228
1 12230
0 12232
1 12234
0 12236
1 12238
0 12240
1 12242
0 12244
1 12246
0 12248
1 12250
0 12252
1 12254
0 12256
1 12258
0 12260
1 12262
0 12264
1 12266
0 12268
1 12270
0 12272
1 12274
0 12276
1 12278
0 12280
1 12282
0 12284
1 12286
0 12288
1 12290
0 12292
1 12294
0 12296
1 12298
0 12300
1 12302
0 12304
1 12306
0 12308
1 12310
0 12312
1 12314
0 12316
1 12318
0 12320
1 12322
0 12324
1 12326
0 12328
1 12330
0 12332
1 12334
0 12336
1 12338
0 12340
1 12342
0 12344
1 12346
0 12348
1 12350
0 12352
1 12354
0 12356
1 12358
0 12360
1 12362
0 12364
1 12366
0 12368
1 12370
0 12372
1 12374
0 12376
1 12378
0 12380
1 12382
0 12384
1 12386
0 12388
1 12390
0 12392
1 12394
0 12396
1 12398
0 12400
1 12402
0 12404
1 12406
0 12408
1 12410
0 12412
1 12414
0 12416
1 12418
0 12420
1 12422
0 12424
1 12426
0 12428
1 12430
0 12432
1 12434
0 12436
1 12438
0 12440
1 12442
0 12444
1 12446
0 12448
1 12450
0 12452
1 12454
0 12456
1 12458
0 12460
1 12462
0 12464
1 12466
0 12468
1 12470
0 12472
1 12474
0 12476
1 12478
0 12480
1 12482
0 12484
1 12486
0 12488
1 12490
0 12492
1 12494
0 12496
1 12498
0 12500
1 12502
0 12504
1 12506
0 12508
1 12510
0 12512
1 12514
0 12516
1 12518
0 12520
1 12522
0 12524
1 12526
0 12528
1 12530
0 12532
1 12534
0 12536
1 12538
0 12540
1 12542
0 12544
1 12546
0 12548
1 12550
0 12552
1 12554
0 12556
1 12558
0 12560
1 12562
0 12564
1 12566
0 12568
1 12570
0 12572
1 12574
0 12576
1 12578
0 12580
1 12582
0 12584
1 12586
0 12588
1 12590
0 12592
1 12594
0 12596
1 12598
0 12600
1 12602
0 12604
1 12606
0 12608
1 12610
0 12612
1 12614
0 12616
1 12618
0 12620
1 12622
0 12624
1 12626
0 12628
1 12630
0 12632
1 12634
0 12636
1 12638
0 12640
1 12642
0 12644
1 12646
0 12648
1 12650
0 12652
1 12654
0 12656
1 12658
0 12660
1 12662
0 12664
1 12666
0 12668
1 12670
0 12672
1 12674
0 12676
1 12678
0 12680
1 12682
0 12684
1 12686
0 12688
1 12690
0 12692
1 12694
0 12696
1 12698
0 12700
1 12702
0 12704
1 12706
0 12708
1 12710
0 12712
1 12714
0 12716
1 12718
0 12720
1 12722
0 12724
1 12726
0 12728
1 12730
0 12732
1 12734
0 12736
1 12738
0 12740
1 12742
0 12744
1 12746
0 12748
1 12750
0 12752
1 12754
0 12756
1 12758
0 12760
1 12762
0 12764
1 12766
0 12768
1 12770
0 12772
1 12774
0 12776
1 12778
0 12780
1 12782
0 12784
1 12786
0 12788
1 12790
0 12792
1 12794
0 12796
1 12798
0 12800
1 12802
0 12804
1 12806
0 12808
1 12810
0 12812
1 12814
0 12816
1 12818
0 12820
1 12822
0 12824
1 12826
0 12828
1 12830
0 12832
1 12834
0 12836
1 12838
0 12840
1 12842
0 12844
1 12846
0 12848
1 12850
0 12852
1 12854
0 12856
1 12858
0 12860
1 12862
0 12864
1 12866
0 12868
1 12870
0 12872
1 12874
0 12876
1 12878
0 12880
1 12882
0 12884
1 12886
0 12888
1 12890
0 12892
1 12894
0 12896
1 12898
0 12900
1 12902
0 12904
1 12906
0 12908
1 12910
0 12912
1 12914
0 12916
1 12918
0 12920
1 12922
0 12924
1 12926
0 12928
1 12930
0 12932
1 12934
0 12936
1 12938
0 12940
1 12942
0 12944
1 12946
0 12948
1 12950
0 12952
1 12954
0 12956
1 12958
0 12960
1 12962
0 12964
1 12966
0 12968
1 12970
0 12972
1 12974
0 12976
1 12978
0 12980
1 12982
0 12984
1 12986
0 12988
1 12990
0 12992
1 12994
0 12996
1 12998
0 13000
1 13002
0 13004
1 13006
0 13008
1 13010
0 13012
1 13014
0 13016
1 13018
0 13020
1 13022
0 13024
1 13026
0 13028
1 13030
0 13032
1 13034
0 13036
1 13038
0 13040
1 13042
0 13044
1 13046
0 13048
1 13050
0 13052
1 13054
0 13056
1 13058
0 13060
1 13062
0 13064
1 13066
0 13068
1 13070
0 13072
1 13074
0 13076
1 13078
0 13080
1 13082
0 13084
1 13086
0 13088
1 13090
0 13092
1 13094
0 13096
1 13098
0 13100
1 13102
0 13104
1 13106
0 13108
1 13110
0 13112
1 13114
0 13116
1 13118
0 13120
1 13122
0 13124
1 13126
0 13128
1 13130
0 13132
1 13134
0 13136
1 13138
0 13140
1 13142
0 13144
1 13146
0 13148
1 13150
0 13152
1 13154
0 13156
1 13158
0 13160
1 13162
0 13164
1 13166
0 13168
1 13170
0 13172
1 13174
0 13176
1 13178
0 13180
1 13182
0 13184
1 13186
0 13188
1 13190
0 13192
1 13194
0 13196
1 13198
0 13200
1 13202
0 13204
1 13206
0 13208
1 13210
0 13212
1 13214
0 13216
1 13218
0 13220
1 13222
0 13224
1 13226
0 13228
1 13230
0 13232
1 13234
0 13236
1 13238
0 13240
1 13242
0 13244
1 13246
0 13248
1 13250
0 13252
1 13254
0 13256
1 13258
0 13260
1 13262
0 13264
1 13266
0 13268
1 13270
0 13272
1 13274
0 13276
1 13278
0 13280
1 13282
0 13284
1 13286
0 13288
1 13290
0 13292
1 13294
0 13296
1 13298
0 13300
1 13302
0 13304
1 13306
0 13308
1 13310
0 13312
1 13314
0 13316
1 13318
0 13320
1 13322
0 13324
1 13326
0 13328
1 13330
0 13332
1 13334
0 13336
1 13338
0 13340
1 13342
0 13344
1 13346
0 13348
1 13350
0 13352
1 13354
0 13356
1 13358
0 13360
1 13362
0 13364
1 13366
0 13368
1 13370
0 13372
1 13374
0 13376
1 13378
0 13380
1 13382
0 13384
1 13386
0 13388
1 13390
0 13392
1 13394
0 13396
1 13398
0 13400
1 13402
0 13404
1 13406
0 13408
1 13410
0 13412
1 13414
0 13416
1 13418
0 13420
1 13422
0 13424
1 13426
0 13428
1 13430
0 13432
1 13434
0 13436
1 13438
0 13440
1 13442
0 13444
1 13446
0 13448
1 13450
0 13452
1 13454
0 13456
1 13458
0 13460
1 13462
0 13464
1 13466
0 13468
1 13470
0 13472
1 13474
0 13476
1 13478
0 13480
1 13482
0 13484
1 13486
0 13488
1 13490
0 13492
1 13494
0 13496
1 13498
0 13500
1 13502
0 13504
1 13506
0 13508
1 13510
0 13512
1 13514
0 13516
1 13518
0 13520
1 13522
0 13524
1 13526
0 13528
1 13530
0 13532
1 13534
0 13536
1 13538
0 13540
1 13542
0 13544
1 13546
0 13548
1 13550
0 13552
1 13554
0 13556
1 13558
0 13560
1 13562
0 13564
1 13566
0 13568
1 13570
0 13572
1 13574
0 13576
1 13578
0 13580
1 13582
0 13584
1 13586
0 13588
1 13590
0 13592
1 13594
0 13596
1 13598
0 13600
1 13602
0 13604
1 13606
0 13608
1 13610
0 13612
1 13614
0 13616
1 13618
0 13620
1 13622
0 13624
1 13626
0 13628
1 13630
0 13632
1 13634
0 13636
1 13638
0 13640
1 13642
0 13644
1 13646
0 13648
1 13650
0 13652
1 13654
0 13656
1 13658
0 13660
1 13662
0 13664
1 13666
0 13668
1 13670
0 13672
1 13674
0 13676
1 13678
0 13680
1 13682
0 13684
1 13686
0 13688
1 13690
0 13692
1 13694
0 13696
1 13698
0 13700
1 13702
0 13704
1 13706
0 13708
1 13710
0 13712
1 13714
0 13716
1 13718
0 13720
1 13722
0 13724
1 13726
0 13728
1 13730
0 13732
1 13734
0 13736
1 13738
0 13740
1 13742
0 13744
1 13746
0 13748
1 13750
0 13752
1 13754
0 13756
1 13758
0 13760
1 13762
0 13764
1 13766
0 13768
1 13770
0 13772
1 13774
0 13776
1 13778
0 13780
1 13782
0 13784
1 13786
0 13788
1 13790
0 13792
1 13794
0 13796
1 13798
0 13800
1 13802
0 13804
1 13806
0 13808
1 13810
0 13812
1 13814
0 13816
1 13818
0 13820
1 13822
0 13824
1 13826
0 13828
1 13830
0 13832
1 13834
0 13836
1 13838
0 13840
1 13842
0 13844
1 13846
0 13848
1 13850
0 13852
1 13854
0 13856
1 13858
0 13860
1 13862
0 13864
1 13866
0 13868
1 13870
0 13872
1 13874
0 13876
1 13878
0 13880
1 13882
0 13884
1 13886
0 13888
1 13890
0 13892
1 13894
0 13896
1 13898
0 13900
1 13902
0 13904
1 13906
0 13908
1 13910
0 13912
1 13914
0 13916
1 13918
0 13920
1 13922
0 13924
1 13926
0 13928
1 13930
0 13932
1 13934
0 13936
1 13938
0 13940
1 13942
0 13944
1 13946
0 13948
1 13950
0 13952
1 13954
0 13956
1 13958
0 13960
1 13962
0 13964
1 13966
0 13968
1 13970
0 13972
1 13974
0 13976
1 13978
0 13980
1 13982
0 13984
1 13986
0 13988
1 13990
0 13992
1 13994
0 13996
1 13998
0 14000
1 14002
0 14004
1 14006
0 14008
1 14010
0 14012
1 14014
0 14016
1 14018
0 14020
1 14022
0 14024
1 14026
0 14028
1 14030
0 14032
1 14034
0 14036
1 14038
0 14040
1 14042
0 14044
1 14046
0 14048
1 14050
0 14052
1 14054
0 14056
1 14058
0 14060
1 14062
0 14064
1 14066
0 14068
1 14070
0 14072
1 14074
0 14076
1 14078
0 14080
1 14082
0 14084
1 14086
0 14088
1 14090
0 14092
1 14094
0 14096
1 14098
0 14100
1 14102
0 14104
1 14106
0 14108
1 14110
0 14112
1 14114
0 14116
1 14118
0 14120
1 14122
0 14124
1 14126
0 14128
1 14130
0 14132
1 14134
0 14136
1 14138
0 14140
1 14142
0 14144
1 14146
0 14148
1 14150
0 14152
1 14154
0 14156
1 14158
0 14160
1 14162
0 14164
1 14166
0 14168
1 14170
0 14172
1 14174
0 14176
1 14178
0 14180
1 14182
0 14184
1 14186
0 14188
1 14190
0 14192
1 14194
0 14196
1 14198
0 14200
1 14202
0 14204
1 14206
0 14208
1 14210
0 14212
1 14214
0 14216
1 14218
0 14220
1 14222
0 14224
1 14226
0 14228
1 14230
0 14232
1 14234
0 14236
1 14238
0 14240
1 14242
0 14244
1 14246
0 14248
1 14250
0 14252
1 14254
0 14256
1 14258
0 14260
1 14262
0 14264
1 14266
0 14268
1 14270
0 14272
1 14274
0 14276
1 14278
0 14280
1 14282
0 14284
1 14286
0 14288
1 14290
0 14292
1 14294
0 14296
1 14298
0 14300
1 14302
0 14304
1 14306
0 14308
1 14310
0 14312
1 14314
0 14316
1 14318
0 14320
1 14322
0 14324
1 14326
0 14328
1 14330
0 14332
1 14334
0 14336
1 14338
0 14340
1 14342
0 14344
1 14346
0 14348
1 14350
0 14352
1 14354
0 14356
1 14358
0 14360
1 14362
0 14364
1 14366
0 14368
1 14370
0 14372
1 14374
0 14376
1 14378
0 14380
1 14382
0 14384
1 14386
0 14388
1 14390
0 14392
1 14394
0 14396
1 14398
0 14400
1 14402
0 14404
1 14406
0 14408
1 14410
0 14412
1 14414
0 14416
1 14418
0 14420
1 14422
0 14424
1 14426
0 14428
1 14430
0 14432
1 14434
0 14436
1 14438
0 14440
1 14442
0 14444
1 14446
0 14448
1 14450
0 14452
1 14454
0 14456
1 14458
0 14460
1 14462
0 14464
1 14466
0 14468
1 14470
0 14472
1 14474
0 14476
1 14478
0 14480
1 14482
0 14484
1 14486
0 14488
1 14490
0 14492
1 14494
0 14496
1 14498
0 14500
1 14502
0 14504
1 14506
0 14508
1 14510
0 14512
1 14514
0 14516
1 14518
0 14520
1 14522
0 14524
1 14526
0 14528
1 14530
0 14532
1 14534
0 14536
1 14538
0 14540
1 14542
0 14544
1 14546
0 14548
1 14550
0 14552
1 14554
0 14556
1 14558
0 14560
1 14562
0 14564
1 14566
0 14568
1 14570
0 14572
1 14574
0 14576
1 14578
0 14580
1 14582
0 14584
1 14586
0 14588
1 14590
0 14592
1 14594
0 14596
1 14598
0 14600
1 14602
0 14604
1 14606
0 14608
1 14610
0 14612
1 14614
0 14616
1 14618
0 14620
1 14622
0 14624
1 14626
0 14628
1 14630
0 14632
1 14634
0 14636
1 14638
0 14640
1 14642
0 14644
1 14646
0 14648
1 14650
0 14652
1 14654
0 14656
1 14658
0 14660
1 14662
0 14664
1 14666
0 14668
1 14670
0 14672
1 14674
0 14676
1 14678
0 14680
1 14682
0 14684
1 14686
0 14688
1 14690
0 14692
1 14694
0 14696
1 14698
0 14700
1 14702
0 14704
1 14706
0 14708
1 14710
0 14712
1 14714
0 14716
1 14718
0 14720
1 14722
0 14724
1 14726
0 14728
1 14730
0 14732
1 14734
0 14736
1 14738
0 14740
1 14742
0 14744
1 14746
0 14748
1 14750
0 14752
1 14754
0 14756
1 14758
0 14760
1 14762
0 14764
1 14766
0 14768
1 14770
0 14772
1 14774
0 14776
1 14778
0 14780
1 14782
0 14784
1 14786
0 14788
1 14790
0 14792
1 14794
0 14796
1 14798
0 14800
1 14802
0 14804
1 14806
0 14808
1 14810
0 14812
1 14814
0 14816
1 14818
0 14820
1 14822
0 14824
1 14826
0 14828
1 14830
0 14832
1 14834
0 14836
1 14838
0 14840
1 14842
0 14844
1 14846
0 14848
1 14850
0 14852
1 14854
0 14856
1 14858
0 14860
1 14862
0 14864
1 14866
0 14868
1 14870
0 14872
1 14874
0 14876
1 14878
0 14880
1 14882
0 14884
1 14886
0 14888
1 14890
0 14892
1 14894
0 14896
1 14898
0 14900
1 14902
0 14904
1 14906
0 14908
1 14910
0 14912
1 14914
0 14916
1 14918
0 14920
1 14922
0 14924
1 14926
0 14928
1 14930
0 14932
1 14934
0 14936
1 14938
0 14940
1 14942
0 14944
1 14946
0 14948
1 14950
0 14952
1 14954
0 14956
1 14958
0 14960
1 14962
0 14964
1 14966
0 14968
1 14970
0 14972
1 14974
0 14976
1 14978
0 14980
1 14982
0 14984
1 14986
0 14988
1 14990
0 14992
1 14994
0 14996
1 14998
0 15000
1 15002
0 15004
1 15006
0 15008
1 15010
0 15012
1 15014
0 15016
1 15018
0 15020
1 15022
0 15024
1 15026
0 15028
1 15030
0 15032
1 15034
0 15036
1 15038
0 15040
1 15042
0 15044
1 15046
0 15048
1 15050
0 15052
1 15054
0 15056
1 15058
0 15060
1 15062
0 15064
1 15066
0 15068
1 15070
0 15072
1 15074
0 15076
1 15078
0 15080
1 15082
0 15084
1 15086
0 15088
1 15090
0 15092
1 15094
0 15096
1 15098
0 15100
1 15102
0 15104
1 15106
0 15108
1 15110
0 15112
1 15114
0 15116
1 15118
0 15120
1 15122
0 15124
1 15126
0 15128
1 15130
0 15132
1 15134
0 15136
1 15138
0 15140
1 15142
0 15144
1 15146
0 15148
1 15150
0 15152
1 15154
0 15156
1 15158
0 15160
1 15162
0 15164
1 15166
0 15168
1 15170
0 15172
1 15174
0 15176
1 15178
0 15180
1 15182
0 15184
1 15186
0 15188
1 15190
0 15192
1 15194
0 15196
1 15198
0 15200
1 15202
0 15204
1 15206
0 15208
1 15210
0 15212
1 15214
0 15216
1 15218
0 15220
1 15222
0 15224
1 15226
0 15228
1 15230
0 15232
1 15234
0 15236
1 15238
0 15240
1 15242
0 15244
1 15246
0 15248
1 15250
0 15252
1 15254
0 15256
1 15258
0 15260
1 15262
0 15264
1 15266
0 15268
1 15270
0 15272
1 15274
0 15276
1 15278
0 15280
1 15282
0 15284
1 15286
0 15288
1 15290
0 15292
1 15294
0 15296
1 15298
0 15300
1 15302
0 15304
1 15306
0 15308
1 15310
0 15312
1 15314
0 15316
1 15318
0 15320
1 15322
0 15324
1 15326
0 15328
1 15330
0 15332
1 15334
0 15336
1 15338
0 15340
1 15342
0 15344
1 15346
0 15348
1 15350
0 15352
1 15354
0 15356
1 15358
0 15360
1 15362
0 15364
1 15366
0 15368
1 15370
0 15372
1 15374
0 15376
1 15378
0 15380
1 15382
0 15384
1 15386
0 15388
1 15390
0 15392
1 15394
0 15396
1 15398
0 15400
1 15402
0 15404
1 15406
0 15408
1 15410
0 15412
1 15414
0 15416
1 15418
0 15420
1 15422
0 15424
1 15426
0 15428
1 15430
0 15432
1 15434
0 15436
1 15438
0 15440
1 15442
0 15444
1 15446
0 15448
1 15450
0 15452
1 15454
0 15456
1 15458
0 15460
1 15462
0 15464
1 15466
0 15468
1 15470
0 15472
1 15474
0 15476
1 15478
0 15480
1 15482
0 15484
1 15486
0 15488
1 15490
0 15492
1 15494
0 15496
1 15498
0 15500
1 15502
0 15504
1 15506
0 15508
1 15510
0 15512
1 15514
0 15516
1 15518
0 15520
1 15522
0 15524
1 15526
0 15528
1 15530
0 15532
1 15534
0 15536
1 15538
0 15540
1 15542
0 15544
1 15546
0 15548
1 15550
0 15552
1 15554
0 15556
1 15558
0 15560
1 15562
0 15564
1 15566
0 15568
1 15570
0 15572
1 15574
0 15576
1 15578
0 15580
1 15582
0 15584
1 15586
0 15588
1 15590
0 15592
1 15594
0 15596
1 15598
0 15600
1 15602
0 15604
1 15606
0 15608
1 15610
0 15612
1 15614
0 15616
1 15618
0 15620
1 15622
0 15624
1 15626
0 15628
1 15630
0 15632
1 15634
0 15636
1 15638
0 15640
1 15642
0 15644
1 15646
0 15648
1 15650
0 15652
1 15654
0 15656
1 15658
0 15660
1 15662
0 15664
1 15666
0 15668
1 15670
0 15672
1 15674
0 15676
1 15678
0 15680
1 15682
0 15684
1 15686
0 15688
1 15690
0 15692
1 15694
0 15696
1 15698
0 15700
1 15702
0 15704
1 15706
0 15708
1 15710
0 15712
1 15714
0 15716
1 15718
0 15720
1 15722
0 15724
1 15726
0 15728
1 15730
0 15732
1 15734
0 15736
1 15738
0 15740
1 15742
0 15744
1 15746
0 15748
1 15750
0 15752
1 15754
0 15756
1 15758
0 15760
1 15762
0 15764
1 15766
0 15768
1 15770
0 15772
1 15774
0 15776
1 15778
0 15780
1 15782
0 15784
1 15786
0 15788
1 15790
0 15792
1 15794
0 15796
1 15798
0 15800
1 15802
0 15804
1 15806
0 15808
1 15810
0 15812
1 15814
0 15816
1 15818
0 15820
1 15822
0 15824
1 15826
0 15828
1 15830
0 15832
1 15834
0 15836
1 15838
0 15840
1 15842
0 15844
1 15846
0 15848
1 15850
0 15852
1 15854
0 15856
1 15858
0 15860
1 15862
0 15864
1 15866
0 15868
1 15870
0 15872
1 15874
0 15876
1 15878
0 15880
1 15882
0 15884
1 15886
0 15888
1 15890
0 15892
1 15894
0 15896
1 15898
0 15900
1 15902
0 15904
1 15906
0 15908
1 15910
0 15912
1 15914
0 15916
1 15918
0 15920
1 15922
0 15924
1 15926
0 15928
1 15930
0 15932
1 15934
0 15936
1 15938
0 15940
1 15942
0 15944
1 15946
0 15948
1 15950
0 15952
1 15954
0 15956
1 15958
0 15960
1 15962
0 15964
1 15966
0 15968
1 15970
0 15972
1 15974
0 15976
1 15978
0 15980
1 15982
0 15984
1 15986
0 15988
1 15990
0 15992
1 15994
0 15996
1 15998
0 16000
1 16002
0 16004
1 16006
0 16008
1 16010
0 16012
1 16014
0 16016
1 16018
0 16020
1 16022
0 16024
1 16026
0 16028
1 16030
0 16032
1 16034
0 16036
1 16038
0 16040
1 16042
0 16044
1 16046
0 16048
1 16050
0 16052
1 16054
0 16056
1 16058
0 16060
1 16062
0 16064
1 16066
0 16068
1 16070
0 16072
1 16074
0 16076
1 16078
0 16080
1 16082
0 16084
1 16086
0 16088
1 16090
0 16092
1 16094
0 16096
1 16098
0 16100
1 16102
0 16104
1 16106
0 16108
1 16110
0 16112
1 16114
0 16116
1 16118
0 16120
1 16122
0 16124
1 16126
0 16128
1 16130
0 16132
1 16134
0 16136
1 16138
0 16140
1 16142
0 16144
1 16146
0 16148
1 16150
0 16152
1 16154
0 16156
1 16158
0 16160
1 16162
0 16164
1 16166
0 16168
1 16170
0 16172
1 16174
0 16176
1 16178
0 16180
1 16182
0 16184
1 16186
0 16188
1 16190
0 16192
1 16194
0 16196
1 16198
0 16200
1 16202
0 16204
1 16206
0 16208
1 16210
0 16212
1 16214
0 16216
1 16218
0 16220
1 16222
0 16224
1 16226
0 16228
1 16230
0 16232
1 16234
0 16236
1 16238
0 16240
1 16242
0 16244
1 16246
0 16248
1 16250
0 16252
1 16254
0 16256
1 16258
0 16260
1 16262
0 16264
1 16266
0 16268
1 16270
0 16272
1 16274
0 16276
1 16278
0 16280
1 16282
0 16284
1 16286
0 16288
1 16290
0 16292
1 16294
0 16296
1 16298
0 16300
1 16302
0 16304
1 16306
0 16308
1 16310
0 16312
1 16314
0 16316
1 16318
0 16320
1 16322
0 16324
1 16326
0 16328
1 16330
0 16332
1 16334
0 16336
1 16338
0 16340
1 16342
0 16344
1 16346
0 16348
1 16350
0 16352
1 16354
0 16356
1 16358
0 16360
1 16362
0 16364
1 16366
0 16368
1 16370
0 16372
1 16374
0 16376
1 16378
0 16380
1 16382
0 16384
1 16386
0 16388
1 16390
0 16392
1 16394
0 16396
1 16398
0 16400
1 16402
0 16404
1 16406
0 16408
1 16410
0 16412
1 16414
0 16416
1 16418
0 16420
1 16422
0 16424
1 16426
0 16428
1 16430
0 16432
1 16434
0 16436
1 16438
0 16440
1 16442
0 16444
1 16446
0 16448
1 16450
0 16452
1 16454
0 16456
1 16458
0 16460
1 16462
0 16464
1 16466
0 16468
1 16470
0 16472
1 16474
0 16476
1 16478
0 16480
1 16482
0 16484
1 16486
0 16488
1 16490
0 16492
1 16494
0 16496
1 16498
0 16500
1 16502
0 16504
1 16506
0 16508
1 16510
0 16512
1 16514
0 16516
1 16518
0 16520
1 16522
0 16524
1 16526
0 16528
1 16530
0 16532
1 16534
0 16536
1 16538
0 16540
1 16542
0 16544
1 16546
0 16548
1 16550
0 16552
1 16554
0 16556
1 16558
0 16560
1 16562
0 16564
1 16566
0 16568
1 16570
0 16572
1 16574
0 16576
1 16578
0 16580
1 16582
0 16584
1 16586
0 16588
1 16590
0 16592
1 16594
0 16596
1 16598
0 16600
1 16602
0 16604
1 16606
0 16608
1 16610
0 16612
1 16614
0 16616
1 16618
0 16620
1 16622
0 16624
1 16626
0 16628
1 16630
0 16632
1 16634
0 16636
1 16638
0 16640
1 16642
0 16644
1 16646
0 16648
1 16650
0 16652
1 16654
0 16656
1 16658
0 16660
1 16662
0 16664
1 16666
0 16668
1 16670
0 16672
1 16674
0 16676
1 16678
0 16680
1 16682
0 16684
1 16686
0 16688
1 16690
0 16692
1 16694
0 16696
1 16698
0 16700
1 16702
0 16704
1 16706
0 16708
1 16710
0 16712
1 16714
0 16716
1 16718
0 16720
1 16722
0 16724
1 16726
0 16728
1 16730
0 16732
1 16734
0 16736
1 16738
0 16740
1 16742
0 16744
1 16746
0 16748
1 16750
0 16752
1 16754
0 16756
1 16758
0 16760
1 16762
0 16764
1 16766
0 16768
1 16770
0 16772
1 16774
0 16776
1 16778
0 16780
1 16782
0 16784
1 16786
0 16788
1 16790
0 16792
1 16794
0 16796
1 16798
0 16800
1 16802
0 16804
1 16806
0 16808
1 16810
0 16812
1 16814
0 16816
1 16818
0 16820
1 16822
0 16824
1 16826
0 16828
1 16830
0 16832
1 16834
0 16836
1 16838
0 16840
1 16842
0 16844
1 16846
0 16848
1 16850
0 16852
1 16854
0 16856
1 16858
0 16860
1 16862
0 16864
1 16866
0 16868
1 16870
0 16872
1 16874
0 16876
1 16878
0 16880
1 16882
0 16884
1 16886
0 16888
1 16890
0 16892
1 16894
0 16896
1 16898
0 16900
1 16902
0 16904
1 16906
0 16908
1 16910
0 16912
1 16914
0 16916
1 16918
0 16920
1 16922
0 16924
1 16926
0 16928
1 16930
0 16932
1 16934
0 16936
1 16938
0 16940
1 16942
0 16944
1 16946
0 16948
1 16950
0 16952
1 16954
0 16956
1 16958
0 16960
1 16962
0 16964
1 16966
0 16968
1 16970
0 16972
1 16974
0 16976
1 16978
0 16980
1 16982
0 16984
1 16986
0 16988
1 16990
0 16992
1 16994
0 16996
1 16998
0 17000
1 17002
0 17004
1 17006
0 17008
1 17010
0 17012
1 17014
0 17016
1 17018
0 17020
1 17022
0 17024
1 17026
0 17028
1 17030
0 17032
1 17034
0 17036
1 17038
0 17040
1 17042
0 17044
1 17046
0 17048
1 17050
0 17052
1 17054
0 17056
1 17058
0 17060
1 17062
0 17064
1 17066
0 17068
1 17070
0 17072
1 17074
0 17076
1 17078
0 17080
1 17082
0 17084
1 17086
0 17088
1 17090
0 17092
1 17094
0 17096
1 17098
0 17100
1 17102
0 17104
1 17106
0 17108
1 17110
0 17112
1 17114
0 17116
1 17118
0 17120
1 17122
0 17124
1 17126
0 17128
1 17130
0 17132
1 17134
0 17136
1 17138
0 17140
1 17142
0 17144
1 17146
0 17148
1 17150
0 17152
1 17154
0 17156
1 17158
0 17160
1 17162
0 17164
1 17166
0 17168
1 17170
0 17172
1 17174
0 17176
1 17178
0 17180
1 17182
0 17184
1 17186
0 17188
1 17190
0 17192
1 17194
0 17196
1 17198
0 17200
1 17202
0 17204
1 17206
0 17208
1 17210
0 17212
1 17214
0 17216
1 17218
0 17220
1 17222
0 17224
1 17226
0 17228
1 17230
0 17232
1 17234
0 17236
1 17238
0 17240
1 17242
0 17244
1 17246
0 17248
1 17250
0 17252
1 17254
0 17256
1 17258
0 17260
1 17262
0 17264
1 17266
0 17268
1 17270
0 17272
1 17274
0 17276
1 17278
0 17280
1 17282
0 17284
1 17286
0 17288
1 17290
0 17292
1 17294
0 17296
1 17298
0 17300
1 17302
0 17304
1 17306
0 17308
1 17310
0 17312
1 17314
0 17316
1 17318
0 17320
1 17322
0 17324
1 17326
0 17328
1 17330
0 17332
1 17334
0 17336
1 17338
0 17340
1 17342
0 17344
1 17346
0 17348
1 17350
0 17352
1 17354
0 17356
1 17358
0 17360
1 17362
0 17364
1 17366
0 17368
1 17370
0 17372
1 17374
0 17376
1 17378
0 17380
1 17382
0 17384
1 17386
0 17388
1 17390
0 17392
1 17394
0 17396
1 17398
0 17400
1 17402
0 17404
1 17406
0 17408
1 17410
0 17412
1 17414
0 17416
1 17418
0 17420
1 17422
0 17424
1 17426
0 17428
1 17430
0 17432
1 17434
0 17436
1 17438
0 17440
1 17442
0 17444
1 17446
0 17448
1 17450
0 17452
1 17454
0 17456
1 17458
0 17460
1 17462
0 17464
1 17466
0 17468
1 17470
0 17472
1 17474
0 17476
1 17478
0 17480
1 17482
0 17484
1 17486
0 17488
1 17490
0 17492
1 17494
0 17496
1 17498
0 17500
1 17502
0 17504
1 17506
0 17508
1 17510
0 17512
1 17514
0 17516
1 17518
0 17520
1 17522
0 17524
1 17526
0 17528
1 17530
0 17532
1 17534
0 17536
1 17538
0 17540
1 17542
0 17544
1 17546
0 17548
1 17550
0 17552
1 17554
0 17556
1 17558
0 17560
1 17562
0 17564
1 17566
0 17568
1 17570
0 17572
1 17574
0 17576
1 17578
0 17580
1 17582
0 17584
1 17586
0 17588
1 17590
0 17592
1 17594
0 17596
1 17598
0 17600
1 17602
0 17604
1 17606
0 17608
1 17610
0 17612
1 17614
0 17616
1 17618
0 17620
1 17622
0 17624
1 17626
0 17628
1 17630
0 17632
1 17634
0 17636
1 17638
0 17640
1 17642
0 17644
1 17646
0 17648
1 17650
0 17652
1 17654
0 17656
1 17658
0 17660
1 17662
0 17664
1 17666
0 17668
1 17670
0 17672
1 17674
0 17676
1 17678
0 17680
1 17682
0 17684
1 17686
0 17688
1 17690
0 17692
1 17694
0 17696
1 17698
0 17700
1 17702
0 17704
1 17706
0 17708
1 17710
0 17712
1 17714
0 17716
1 17718
0 17720
1 17722
0 17724
1 17726
0 17728
1 17730
0 17732
1 17734
0 17736
1 17738
0 17740
1 17742
0 17744
1 17746
0 17748
1 17750
0 17752
1 17754
0 17756
1 17758
0 17760
1 17762
0 17764
1 17766
0 17768
1 17770
0 17772
1 17774
0 17776
1 17778
0 17780
1 17782
0 17784
1 17786
0 17788
1 17790
0 17792
1 17794
0 17796
1 17798
0 17800
1 17802
0 17804
1 17806
0 17808
1 17810
0 17812
1 17814
0 17816
1 17818
0 17820
1 17822
0 17824
1 17826
0 17828
1 17830
0 17832
1 17834
0 17836
1 17838
0 17840
1 17842
0 17844
1 17846
0 17848
1 17850
0 17852
1 17854
0 17856
1 17858
0 17860
1 17862
0 17864
1 17866
0 17868
1 17870
0 17872
1 17874
0 17876
1 17878
0 17880
1 17882
0 17884
1 17886
0 17888
1 17890
0 17892
1 17894
0 17896
1 17898
0 17900
1 17902
0 17904
1 17906
0 17908
1 17910
0 17912
1 17914
0 17916
1 17918
0 17920
1 17922
0 17924
1 17926
0 17928
1 17930
0 17932
1 17934
0 17936
1 17938
0 17940
1 17942
0 17944
1 17946
0 17948
1 17950
0 17952
1 17954
0 17956
1 17958
0 17960
1 17962
0 17964
1 17966
0 17968
1 17970
0 17972
1 17974
0 17976
1 17978
0 17980
1 17982
0 17984
1 17986
0 17988
1 17990
0 17992
1 17994
0 17996
1 17998
0 18000
1 18002
0 18004
1 18006
0 18008
1 18010
0 18012
1 18014
0 18016
1 18018
0 18020
1 18022
0 18024
1 18026
0 18028
1 18030
0 18032
1 18034
0 18036
1 18038
0 18040
1 18042
0 18044
1 18046
0 18048
1 18050
0 18052
1 18054
0 18056
1 18058
0 18060
1 18062
0 18064
1 18066
0 18068
1 18070
0 18072
1 18074
0 18076
1 18078
0 18080
1 18082
0 18084
1 18086
0 18088
1 18090
0 18092
1 18094
0 18096
1 18098
0 18100
1 18102
0 18104
1 18106
0 18108
1 18110
0 18112
1 18114
0 18116
1 18118
0 18120
1 18122
0 18124
1 18126
0 18128
1 18130
0 18132
1 18134
0 18136
1 18138
0 18140
1 18142
0 18144
1 18146
0 18148
1 18150
0 18152
1 18154
0 18156
1 18158
0 18160
1 18162
0 18164
1 18166
0 18168
1 18170
0 18172
1 18174
0 18176
1 18178
0 18180
1 18182
0 18184
1 18186
0 18188
1 18190
0 18192
1 18194
0 18196
1 18198
0 18200
1 18202
0 18204
1 18206
0 18208
1 18210
0 18212
1 18214
0 18216
1 18218
0 18220
1 18222
0 18224
1 18226
0 18228
1 18230
0 18232
1 18234
0 18236
1 18238
0 18240
1 18242
0 18244
1 18246
0 18248
1 18250
0 18252
1 18254
0 18256
1 18258
0 18260
1 18262
0 18264
1 18266
0 18268
1 18270
0 18272
1 18274
0 18276
1 18278
0 18280
1 18282
0 18284
1 18286
0 18288
1 18290
0 18292
1 18294
0 18296
1 18298
0 18300
1 18302
0 18304
1 18306
0 18308
1 18310
0 18312
1 18314
0 18316
1 18318
0 18320
1 18322
0 18324
1 18326
0 18328
1 18330
0 18332
1 18334
0 18336
1 18338
0 18340
1 18342
0 18344
1 18346
0 18348
1 18350
0 18352
1 18354
0 18356
1 18358
0 18360
1 18362
0 18364
1 18366
0 18368
1 18370
0 18372
1 18374
0 18376
1 18378
0 18380
1 18382
0 18384
1 18386
0 18388
1 18390
0 18392
1 18394
0 18396
1 18398
0 18400
1 18402
0 18404
1 18406
0 18408
1 18410
0 18412
1 18414
0 18416
1 18418
0 18420
1 18422
0 18424
1 18426
0 18428
1 18430
0 18432
1 18434
0 18436
1 18438
0 18440
1 18442
0 18444
1 18446
0 18448
1 18450
0 18452
1 18454
0 18456
1 18458
0 18460
1 18462
0 18464
1 18466
0 18468
1 18470
0 18472
1 18474
0 18476
1 18478
0 18480
1 18482
0 18484
1 18486
0 18488
1 18490
0 18492
1 18494
0 18496
1 18498
0 18500
1 18502
0 18504
1 18506
0 18508
1 18510
0 18512
1 18514
0 18516
1 18518
0 18520
1 18522
0 18524
1 18526
0 18528
1 18530
0 18532
1 18534
0 18536
1 18538
0 18540
1 18542
0 18544
1 18546
0 18548
1 18550
0 18552
1 18554
0 18556
1 18558
0 18560
1 18562
0 18564
1 18566
0 18568
1 18570
0 18572
1 18574
0 18576
1 18578
0 18580
1 18582
0 18584
1 18586
0 18588
1 18590
0 18592
1 18594
0 18596
1 18598
0 18600
1 18602
0 18604
1 18606
0 18608
1 18610
0 18612
1 18614
0 18616
1 18618
0 18620
1 18622
0 18624
1 18626
0 18628
1 18630
0 18632
1 18634
0 18636
1 18638
0 18640
1 18642
0 18644
1 18646
0 18648
1 18650
0 18652
1 18654
0 18656
1 18658
0 18660
1 18662
0 18664
1 18666
0 18668
1 18670
0 18672
1 18674
0 18676
1 18678
0 18680
1 18682
0 18684
1 18686
0 18688
1 18690
0 18692
1 18694
0 18696
1 18698
0 18700
1 18702
0 18704
1 18706
0 18708
1 18710
0 18712
1 18714
0 18716
1 18718
0 18720
1 18722
0 18724
1 18726
0 18728
1 18730
0 18732
1 18734
0 18736
1 18738
0 18740
1 18742
0 18744
1 18746
0 18748
1 18750
0 18752
1 18754
0 18756
1 18758
0 18760
1 18762
0 18764
1 18766
0 18768
1 18770
0 18772
1 18774
0 18776
1 18778
0 18780
1 18782
0 18784
1 18786
0 18788
1 18790
0 18792
1 18794
0 18796
1 18798
0 18800
1 18802
0 18804
1 18806
0 18808
1 18810
0 18812
1 18814
0 18816
1 18818
0 18820
1 18822
0 18824
1 18826
0 18828
1 18830
0 18832
1 18834
0 18836
1 18838
0 18840
1 18842
0 18844
1 18846
0 18848
1 18850
0 18852
1 18854
0 18856
1 18858
0 18860
1 18862
0 18864
1 18866
0 18868
1 18870
0 18872
1 18874
0 18876
1 18878
0 18880
1 18882
0 18884
1 18886
0 18888
1 18890
0 18892
1 18894
0 18896
1 18898
0 18900
1 18902
0 18904
1 18906
0 18908
1 18910
0 18912
1 18914
0 18916
1 18918
0 18920
1 18922
0 18924
1 18926
0 18928
1 18930
0 18932
1 18934
0 18936
1 18938
0 18940
1 18942
0 18944
1 18946
0 18948
1 18950
0 18952
1 18954
0 18956
1 18958
0 18960
1 18962
0 18964
1 18966
0 18968
1 18970
0 18972
1 18974
0 18976
1 18978
0 18980
1 18982
0 18984
1 18986
0 18988
1 18990
0 18992
1 18994
0 18996
1 18998
0 19000
1 19002
0 19004
1 19006
0 19008
1 19010
0 19012
1 19014
0 19016
1 19018
0 19020
1 19022
0 19024
1 19026
0 19028
1 19030
0 19032
1 19034
0 19036
1 19038
0 19040
1 19042
0 19044
1 19046
0 19048
1 19050
0 19052
1 19054
0 19056
1 19058
0 19060
1 19062
0 19064
1 19066
0 19068
1 19070
0 19072
1 19074
0 19076
1 19078
0 19080
1 19082
0 19084
1 19086
0 19088
1 19090
0 19092
1 19094
0 19096
1 19098
0 19100
1 19102
0 19104
1 19106
0 19108
1 19110
0 19112
1 19114
0 19116
1 19118
0 19120
1 19122
0 19124
1 19126
0 19128
1 19130
0 19132
1 19134
0 19136
1 19138
0 19140
1 19142
0 19144
1 19146
0 19148
1 19150
0 19152
1 19154
0 19156
1 19158
0 19160
1 19162
0 19164
1 19166
0 19168
1 19170
0 19172
1 19174
0 19176
1 19178
0 19180
1 19182
0 19184
1 19186
0 19188
1 19190
0 19192
1 19194
0 19196
1 19198
0 19200
1 19202
0 19204
1 19206
0 19208
1 19210
0 19212
1 19214
0 19216
1 19218
0 19220
1 19222
0 19224
1 19226
0 19228
1 19230
0 19232
1 19234
0 19236
1 19238
0 19240
1 19242
0 19244
1 19246
0 19248
1 19250
0 19252
1 19254
0 19256
1 19258
0 19260
1 19262
0 19264
1 19266
0 19268
1 19270
0 19272
1 19274
0 19276
1 19278
0 19280
1 19282
0 19284
1 19286
0 19288
1 19290
0 19292
1 19294
0 19296
1 19298
0 19300
1 19302
0 19304
1 19306
0 19308
1 19310
0 19312
1 19314
0 19316
1 19318
0 19320
1 19322
0 19324
1 19326
0 19328
1 19330
0 19332
1 19334
0 19336
1 19338
0 19340
1 19342
0 19344
1 19346
0 19348
1 19350
0 19352
1 19354
0 19356
1 19358
0 19360
1 19362
0 19364
1 19366
0 19368
1 19370
0 19372
1 19374
0 19376
1 19378
0 19380
1 19382
0 19384
1 19386
0 19388
1 19390
0 19392
1 19394
0 19396
1 19398
0 19400
1 19402
0 19404
1 19406
0 19408
1 19410
0 19412
1 19414
0 19416
1 19418
0 19420
1 19422
0 19424
1 19426
0 19428
1 19430
0 19432
1 19434
0 19436
1 19438
0 19440
1 19442
0 19444
1 19446
0 19448
1 19450
0 19452
1 19454
0 19456
1 19458
0 19460
1 19462
0 19464
1 19466
0 19468
1 19470
0 19472
1 19474
0 19476
1 19478
0 19480
1 19482
0 19484
1 19486
0 19488
1 19490
0 19492
1 19494
0 19496
1 19498
0 19500
1 19502
0 19504
1 19506
0 19508
1 19510
0 19512
1 19514
0 19516
1 19518
0 19520
1 19522
0 19524
1 19526
0 19528
1 19530
0 19532
1 19534
0 19536
1 19538
0 19540
1 19542
0 19544
1 19546
0 19548
1 19550
0 19552
1 19554
0 19556
1 19558
0 19560
1 19562
0 19564
1 19566
0 19568
1 19570
0 19572
1 19574
0 19576
1 19578
0 19580
1 19582
0 19584
1 19586
0 19588
1 19590
0 19592
1 19594
0 19596
1 19598
0 19600
1 19602
0 19604
1 19606
0 19608
1 19610
0 19612
1 19614
0 19616
1 19618
0 19620
1 19622
0 19624
1 19626
0 19628
1 19630
0 19632
1 19634
0 19636
1 19638
0 19640
1 19642
0 19644
1 19646
0 19648
1 19650
0 19652
1 19654
0 19656
1 19658
0 19660
1 19662
0 19664
1 19666
0 19668
1 19670
0 19672
1 19674
0 19676
1 19678
0 19680
1 19682
0 19684
1 19686
0 19688
1 19690
0 19692
1 19694
0 19696
1 19698
0 19700
1 19702
0 19704
1 19706
0 19708
1 19710
0 19712
1 19714
0 19716
1 19718
0 19720
1 19722
0 19724
1 19726
0 19728
1 19730
0 19732
1 19734
0 19736
1 19738
0 19740
1 19742
0 19744
1 19746
0 19748
1 19750
0 19752
1 19754
0 19756
1 19758
0 19760
1 19762
0 19764
1 19766
0 19768
1 19770
0 19772
1 19774
0 19776
1 19778
0 19780
1 19782
0 19784
1 19786
0 19788
1 19790
0 19792
1 19794
0 19796
1 19798
0 19800
1 19802
0 19804
1 19806
0 19808
1 19810
0 19812
1 19814
0 19816
1 19818
0 19820
1 19822
0 19824
1 19826
0 19828
1 19830
0 19832
1 19834
0 19836
1 19838
0 19840
1 19842
0 19844
1 19846
0 19848
1 19850
0 19852
1 19854
0 19856
1 19858
0 19860
1 19862
0 19864
1 19866
0 19868
1 19870
0 19872
1 19874
0 19876
1 19878
0 19880
1 19882
0 19884
1 19886
