963 322
714 670
714 82
714 403
714 48
714 6
715 949
715 909
715 139
715 308
715 0
716 628
716 400
716 689
716 566
716 618
717 720
717 654
717 613
717 919
717 946
718 831
718 202
718 865
718 572
718 806
719 943
719 643
719 634
719 855
719 335
720 788
720 237
720 670
720 902
720 471
721 782
721 678
721 517
721 491
721 364
722 895
722 197
722 646
722 637
722 418
723 866
723 212
723 32
723 219
723 716
724 622
724 846
724 484
724 954
724 851
725 549
725 452
725 301
725 712
725 907
726 517
726 309
726 185
726 292
726 958
727 719
727 184
727 5
727 742
727 312
728 487
728 675
728 179
728 581
728 89
729 287
729 999
729 412
729 7
729 336
730 456
730 522
730 860
730 327
730 250
731 583
731 538
731 377
731 304
731 959
732 402
732 147
732 408
732 384
732 412
733 680
733 110
733 846
733 408
733 828
734 644
734 117
734 908
734 48
734 436
735 601
735 683
735 732
735 886
735 596
736 893
736 505
736 31
736 376
736 927
737 584
737 368
737 959
737 534
737 859
738 650
738 20
738 195
738 52
738 782
739 526
739 266
739 40
739 569
739 547
740 687
740 260
740 974
740 178
740 490
741 727
741 804
741 627
741 61
742 861
742 582
742 712
742 597
742 803
743 729
743 192
743 706
743 665
743 359
744 459
744 502
744 767
744 43
744 109
745 405
745 465
745 256
745 96
745 190
746 448
746 566
746 894
746 8
746 433
747 225
747 729
747 445
747 46
747 97
748 499
748 52
748 439
748 21
748 448
749 419
749 470
749 55
749 870
749 846
750 353
750 481
750 172
750 198
750 806
751 563
751 739
751 504
751 953
751 335
752 324
752 934
752 598
752 856
752 279
753 563
753 475
753 380
753 491
753 376
754 799
754 694
754 78
754 111
754 767
755 619
755 488
755 350
755 826
755 715
756 759
756 351
756 632
756 48
756 487
757 510
757 439
757 792
757 804
757 983
758 643
758 727
758 242
758 308
758 148
759 896
759 438
759 479
759 574
759 331
760 997
760 716
760 421
760 22
760 187
761 904
761 104
761 368
761 994
761 494
762 932
762 302
762 953
762 973
762 57
763 978
763 361
763 155
763 734
763 695
764 797
764 681
764 590
764 637
764 484
765 533
765 807
765 638
765 490
765 447
766 535
766 149
766 184
766 696
766 39
767 362
767 311
767 859
767 642
767 766
768 274
768 861
768 897
768 361
768 929
769 478
769 532
769 146
769 950
769 743
770 664
770 105
770 573
770 215
770 817
771 580
771 374
771 973
771 707
771 124
772 638
772 708
772 833
772 236
772 462
773 473
773 845
773 765
773 616
773 220
774 729
774 545
774 249
774 22
774 407
775 857
775 232
775 3
775 639
775 987
776 890
776 900
776 873
776 503
776 589
777 583
777 941
777 429
777 301
777 699
778 815
778 188
778 751
778 396
778 798
779 838
779 856
779 812
779 340
779 816
780 846
780 68
780 160
780 314
780 901
781 879
781 954
781 555
781 114
781 850
782 662
782 560
782 245
782 312
782 772
783 399
783 312
783 996
783 114
783 715
784 130
784 898
784 697
784 299
784 972
785 183
785 888
785 17
785 51
785 856
786 312
786 475
786 613
786 705
786 292
787 319
787 293
787 85
787 186
787 970
788 337
788 141
788 648
788 248
788 372
789 640
789 770
789 835
789 155
789 462
790 948
790 528
790 873
790 952
790 2
791 963
791 720
791 660
791 923
791 611
792 839
792 491
792 194
792 865
792 624
793 550
793 854
793 940
793 583
793 194
794 462
794 285
794 127
794 240
794 939
795 472
795 404
795 960
795 651
795 866
796 308
796 14
796 839
796 742
796 774
797 495
797 997
797 791
797 958
797 492
798 547
798 913
798 621
798 442
798 190
799 776
799 944
799 771
799 107
799 402
800 934
800 791
800 313
800 377
800 639
801 909
801 900
801 208
801 527
801 44
802 949
802 753
802 537
802 104
802 551
803 957
803 268
803 330
803 887
803 307
804 686
804 547
804 629
804 543
804 56
805 750
805 489
805 620
805 406
805 816
806 556
806 953
806 291
806 548
806 894
807 816
807 312
807 899
807 854
807 757
808 862
808 49
808 521
808 720
808 494
809 617
809 401
809 749
809 294
809 171
810 602
810 813
810 654
810 150
810 23
811 790
811 239
811 962
811 371
811 513
812 737
812 884
812 291
812 618
812 910
813 448
813 333
813 756
813 233
813 797
814 201
814 210
814 224
814 759
814 52
815 329
815 892
815 727
815 6
815 629
816 137
816 593
816 219
816 345
816 813
817 228
817 13
817 673
817 932
817 415
818 332
818 948
818 864
818 40
818 274
819 54
819 902
819 935
819 711
819 135
820 151
820 751
820 46
820 13
820 677
821 421
821 6
821 215
821 286
821 51
822 217
822 139
822 506
822 49
822 500
823 319
823 221
823 32
823 286
823 115
824 440
824 836
824 393
824 553
824 186
825 497
825 912
825 904
825 422
825 761
826 563
826 164
826 495
826 985
826 807
827 322
827 331
827 317
827 510
827 326
828 474
828 921
828 974
828 397
828 980
829 194
829 901
829 313
829 639
829 350
830 171
830 660
830 647
830 130
830 204
831 371
831 254
831 943
831 988
831 317
832 141
832 603
832 767
832 381
832 206
833 311
833 255
833 742
833 791
833 437
834 405
834 209
834 266
834 561
834 324
835 210
835 983
835 663
835 519
835 459
836 173
836 330
836 720
836 32
836 66
837 372
837 700
837 304
837 960
837 193
838 66
838 2
838 790
838 735
838 16
839 163
839 235
839 344
839 350
839 57
840 269
840 948
840 619
840 802
840 427
841 168
841 853
841 174
841 508
841 100
842 66
842 850
842 7
842 804
842 149
843 46
843 533
843 937
843 692
843 638
844 127
844 604
844 402
844 623
844 82
845 317
845 63
845 620
845 812
845 245
846 337
846 612
846 376
846 675
846 950
847 271
847 909
847 491
847 982
847 15
848 146
848 749
848 974
848 38
848 812
849 339
849 496
849 421
849 719
849 319
850 537
850 898
850 409
850 241
850 982
851 709
851 499
851 10
851 322
851 229
852 526
852 313
852 5
852 867
852 370
853 711
853 157
853 555
853 255
853 941
854 548
854 679
854 925
854 833
854 955
855 463
855 343
855 527
855 837
855 966
856 603
856 789
856 664
856 513
856 676
857 745
857 667
857 348
857 920
857 74
858 896
858 725
858 986
858 816
858 74
859 706
859 367
859 95
859 291
859 830
860 719
860 101
860 134
860 528
860 297
861 758
861 566
861 827
861 520
861 697
862 818
862 334
862 195
862 575
862 730
863 563
863 187
863 630
863 495
863 665
864 359
864 193
864 961
864 824
864 118
865 564
865 319
865 515
865 502
865 300
866 313
866 771
866 364
866 258
866 836
867 516
867 580
867 449
867 54
867 207
868 473
868 924
868 708
868 977
868 843
869 703
869 995
869 524
869 434
869 853
870 660
870 536
870 634
870 895
870 441
871 569
871 683
871 636
871 451
871 465
872 768
872 289
872 286
872 545
872 487
873 766
873 715
873 600
873 567
873 668
874 895
874 286
874 388
874 925
874 380
875 961
875 451
875 560
875 921
875 646
876 990
876 313
876 594
876 151
876 527
877 832
877 966
877 653
877 913
877 445
878 770
878 756
878 559
878 491
878 267
879 511
879 730
879 858
879 241
879 818
880 631
880 217
880 359
880 212
881 925
881 449
881 509
881 321
881 73
882 813
882 312
882 148
882 293
882 212
883 780
883 436
883 632
883 469
883 75
884 520
884 506
884 157
884 122
884 656
885 219
885 947
885 144
885 523
885 643
886 378
886 445
886 216
886 618
886 580
887 259
887 692
887 983
887 166
887 67
888 264
888 230
888 418
888 538
888 735
889 484
889 20
889 563
889 927
889 331
890 549
890 957
890 117
890 289
890 389
891 778
891 70
891 986
891 639
891 255
892 952
892 868
892 426
892 766
892 546
893 751
893 961
893 840
893 249
893 256
894 803
894 900
894 956
894 989
894 490
895 612
895 806
895 246
895 907
895 631
896 824
896 526
896 888
896 52
896 963
897 650
897 699
897 978
897 799
897 617
898 828
898 731
898 717
898 438
898 65
899 510
899 728
899 76
899 3
899 146
900 264
900 867
900 20
900 545
900 388
901 440
901 355
901 233
901 968
901 983
902 248
902 227
902 728
902 475
902 517
903 317
903 959
903 514
903 773
903 968
904 517
904 921
904 736
904 187
904 165
905 326
905 450
905 805
905 302
905 304
906 551
906 795
906 404
906 989
906 471
