159 1000
147 424
147 524
147 217
147 224
147 151
148 447
148 123
148 659
148 327
148 854
149 370
149 212
149 453
149 194
149 394
150 218
150 27
150 309
150 292
150 418
151 270
151 670
151 486
151 579
151 124
152 408
152 549
152 990
152 711
152 58
153 428
153 255
153 924
153 533
153 692
154 717
154 436
154 417
154 598
154 828
155 134
155 221
155 3
155 14
155 580
156 791
156 328
156 172
156 994
156 158
157 651
157 581
157 784
157 845
157 516
158 172
158 259
158 900
158 531
158 795
159 876
159 761
159 563
159 180
159 742
160 707
160 82
160 501
160 964
160 783
161 819
161 741
161 997
161 400
161 524
162 0
162 731
162 729
162 44
162 289
163 682
163 133
163 206
163 478
163 961
164 525
164 139
164 527
164 883
164 217
165 154
165 675
165 24
165 151
166 2
166 645
166 850
166 482
166 890
167 756
167 368
167 539
167 484
167 145
168 222
168 363
168 160
168 747
168 366
169 996
169 373
169 359
169 28
169 274
170 396
170 568
170 554
170 629
170 106
171 789
171 367
171 769
171 635
171 337
172 612
172 216
172 706
172 917
172 84
173 844
173 426
173 321
173 842
173 494
174 89
174 416
174 136
174 695
174 760
175 839
175 388
175 758
175 183
175 971
176 483
176 119
176 568
176 539
176 503
177 192
177 114
177 793
177 663
177 455
178 22
178 792
178 812
178 999
178 773
