220 1000
894 441
894 204
894 966
894 55
894 193
895 1
895 624
895 134
895 707
895 702
896 638
896 847
896 726
896 249
896 400
897 286
897 375
897 445
897 165
897 513
898 880
898 536
898 295
898 972
898 854
899 850
899 254
899 357
899 136
899 391
900 498
900 672
900 833
900 417
900 477
901 691
901 781
901 795
901 658
901 945
902 87
902 399
902 233
902 279
902 229
903 919
903 858
903 121
903 288
903 872
904 122
904 481
904 21
904 709
904 131
905 247
905 272
905 536
905 468
905 487
906 780
906 290
906 729
906 706
906 855
907 304
907 769
907 264
907 495
907 158
908 684
908 181
908 166
908 776
908 621
909 239
909 538
909 359
909 227
909 801
910 789
910 313
910 87
910 974
910 451
911 325
911 776
911 4
911 871
911 242
912 153
912 407
912 813
912 759
912 71
913 891
913 762
913 710
913 550
913 787
914 814
914 13
914 104
914 154
914 259
915 791
915 686
915 462
915 199
915 572
916 18
916 901
916 984
916 141
916 102
917 565
917 604
917 915
917 799
917 653
918 409
918 842
918 868
918 677
918 661
919 971
919 497
919 523
919 193
919 938
920 136
920 851
920 652
920 698
920 883
921 435
921 512
921 725
921 905
921 180
922 768
922 682
922 640
922 618
922 363
923 763
923 644
923 256
923 57
923 920
924 643
924 632
924 141
924 717
924 848
925 508
925 478
925 799
925 496
925 65
926 566
926 648
926 497
926 223
926 922
927 995
927 836
927 111
927 232
927 29
928 998
928 815
928 157
928 664
928 708
929 802
929 173
929 14
929 208
929 934
930 487
930 309
930 696
930 961
930 412
931 334
931 131
931 627
931 362
931 984
932 121
932 709
932 824
932 517
932 630
933 434
933 258
933 112
933 810
933 302
934 795
934 625
934 566
934 719
934 230
935 276
935 41
935 232
935 21
935 177
936 295
936 918
936 373
936 155
936 961
937 617
937 771
937 392
937 408
937 547
