245 204
623 260
623 49
623 648
623 245
623 68
624 319
624 476
624 513
624 611
624 43
625 461
625 17
625 213
625 744
625 388
626 638
626 401
626 283
626 165
626 794
627 586
627 370
627 841
627 529
627 647
628 521
628 554
628 258
628 754
628 240
629 469
629 401
629 810
629 288
629 446
630 552
630 602
630 368
630 185
630 89
631 697
631 997
631 467
631 106
631 784
632 758
632 539
632 975
632 229
632 809
633 837
633 808
633 640
633 614
633 636
634 700
634 405
634 976
634 0
634 424
635 819
635 185
635 765
635 991
635 429
636 938
636 582
636 207
636 802
636 45
637 750
637 519
637 542
637 66
637 195
638 748
638 211
638 566
638 61
638 885
639 569
639 445
639 601
639 254
639 800
640 562
640 545
640 821
640 364
640 245
641 592
641 441
641 758
641 861
641 623
642 673
642 333
642 782
642 986
642 532
643 645
643 31
643 951
643 318
643 978
644 810
644 194
644 511
644 159
644 701
645 737
645 929
645 147
645 366
645 174
646 809
646 750
646 21
646 106
646 479
647 670
647 894
647 3
647 178
647 226
648 718
648 345
648 712
648 270
648 796
649 712
649 899
649 3
649 273
649 447
650 858
650 862
650 366
650 320
650 429
651 693
651 391
651 901
651 65
651 994
652 631
652 442
652 912
652 380
652 285
653 493
653 889
653 288
653 777
653 461
654 415
654 848
654 87
654 684
654 494
655 349
655 83
655 174
655 191
655 519
656 363
656 782
656 168
656 312
656 338
657 197
657 122
657 352
657 728
657 53
658 186
658 262
658 266
658 578
658 569
659 20
659 452
659 430
659 562
659 399
660 163
660 44
660 38
660 306
660 864
661 161
661 324
661 493
661 604
661 765
662 189
662 623
662 763
662 282
662 154
663 229
663 629
663 204
663 687
663 211
664 212
664 197
664 706
664 298
664 772
665 130
665 265
665 815
665 325
665 52
666 37
666 529
666 697
666 9
666 816
667 5
667 749
667 299
667 908
667 731
668 20
668 652
668 276
668 406
668 354
669 212
669 686
669 815
669 246
669 543
670 380
670 466
670 663
670 418
670 29
671 493
671 909
671 748
671 598
671 293
