1000 1000
77956 51849
77956 86383
77956 84890
77956 44485
77956 77091
77957 51099
77957 23705
77957 95067
77957 15262
77957 18461
77958 50862
77958 28137
77958 21148
77958 83354
77958 26359
77959 50862
77959 37123
77959 6186
77959 94387
77959 55587
77960 51152
77960 93271
77960 88755
77960 61051
77960 63483
77961 51475
77961 28543
77961 82081
77961 39656
77961 20439
77962 51793
77962 70801
77962 86097
77962 20086
77962 18381
77963 51136
77963 14215
77963 49337
77963 68534
77963 39992
77964 50547
77964 34819
77964 82073
77964 7577
77964 48580
77965 51005
77965 14611
77965 22170
77965 18130
77965 70749
77966 50273
77966 21359
77966 95611
77966 78952
77966 99437
77967 51080
77967 52031
77967 2972
77967 93158
77967 72338
77968 51573
77968 58972
77968 85802
77968 16318
77968 42186
77969 52292
77969 21949
77969 63408
77969 15914
77969 43515
77970 52557
77970 96355
77970 55119
77970 7042
77970 15934
77971 52040
77971 46547
77971 87330
77971 50189
77971 26540
77972 52474
77972 17049
77972 14790
77972 49686
77972 73823
77973 53114
77973 85454
77973 51292
77973 27203
77973 51185
77974 53764
77974 30399
77974 13790
77974 44587
77974 91588
77975 54253
77975 39292
77975 77583
77975 11657
77975 1594
77976 55142
77976 70563
77976 66306
77976 57902
77976 97906
77977 54152
77977 74187
77977 12634
77977 79784
77977 35327
77978 53732
77978 69427
77978 55975
77978 51437
77978 98152
77979 53851
77979 4050
77979 2421
77979 47003
77979 75484
77980 53648
77980 7736
77980 70321
77980 5381
77980 92159
77981 53242
77981 28416
77981 25993
77981 11408
77981 53271
77982 52936
77982 73106
77982 73176
77982 78527
77982 8377
77983 52545
77983 69493
77983 90486
77983 95242
77983 72000
77984 52040
77984 76364
77984 67732
77984 99207
77984 77425
77985 51100
77985 36751
77985 94778
77985 84497
77985 12794
77986 51334
77986 43229
77986 4743
77986 14145
77986 22233
77987 51201
77987 4772
77987 83685
77987 66058
77987 74163
77988 50891
77988 49129
77988 27246
77988 9532
77988 3743
77989 50695
77989 3664
77989 61189
77989 68522
77989 96701
77990 51117
77990 27286
77990 67022
77990 22801
77990 73264
77991 51851
77991 81057
77991 21463
77991 632
77991 97585
77992 51560
77992 62988
77992 9250
77992 68418
77992 62868
77993 50782
77993 63019
77993 59611
77993 91184
77993 94456
77994 50033
77994 96137
77994 70904
77994 83648
77994 66664
77995 50316
77995 1196
77995 13925
77995 62526
77995 72137
77996 49848
77996 50130
77996 57252
77996 26092
77996 74475
77997 49984
77997 68379
77997 57850
77997 94187
77997 6147
77998 49851
77998 67167
77998 56554
77998 6026
77998 25788
77999 50499
77999 10616
77999 58682
77999 12319
77999 50276
78000 49855
78000 27852
78000 16949
78000 98088
78000 13860
78001 49712
78001 23447
78001 52813
78001 50861
78001 35912
78002 50040
78002 85735
78002 79259
78002 8778
78002 93341
78003 50247
78003 51888
78003 73753
78003 88175
78003 93964
78004 49832
78004 10640
78004 18993
78004 20131
78004 72692
78005 48963
78005 46609
78005 5513
78005 92898
78005 40783
78006 49790
78006 28071
78006 13912
78006 72870
78006 925
78007 50247
78007 13162
78007 76520
78007 55065
78007 40835
78008 50895
78008 73890
78008 12031
78008 88729
78008 18648
78009 51374
78009 67566
78009 54743
78009 90746
78009 48237
78010 50741
78010 37648
78010 35560
78010 53011
78010 8295
78011 51276
78011 26155
78011 5210
78011 11901
78011 17512
78012 52080
78012 5778
78012 5168
78012 32892
78012 61542
78013 51108
78013 89252
78013 17986
78013 96241
78013 25884
78014 52064
78014 60459
78014 3492
78014 78617
78014 50648
78015 52949
78015 10199
78015 68066
78015 86491
78015 51148
78016 53156
78016 29192
78016 98918
78016 74438
78016 7814
78017 52656
78017 62861
78017 86058
78017 87308
78017 50422
78018 52968
78018 57459
78018 72369
78018 17230
78018 97387
78019 53888
78019 67439
78019 74619
78019 18649
78019 37129
78020 53919
78020 65714
78020 47819
78020 86472
78020 67652
78021 54301
78021 26115
78021 84171
78021 19373
78021 18320
78022 54917
78022 52597
78022 30160
78022 94964
78022 64017
78023 54172
78023 58406
78023 83544
78023 17558
78023 94318
78024 54451
78024 15446
78024 94816
78024 83259
78024 95211
78025 54991
78025 80608
78025 99410
78025 47877
78025 47936
78026 54196
78026 34941
78026 57520
78026 578
78026 47362
78027 54082
78027 82553
78027 57985
78027 41817
78027 3265
78028 54353
78028 15617
78028 1551
78028 18394
78028 50636
78029 53707
78029 82621
78029 13475
78029 70068
78029 16240
78030 54013
78030 98776
78030 93143
78030 64974
78030 41303
78031 54547
78031 83264
78031 35562
78031 99041
78031 5256
78032 54330
78032 55950
78032 75352
78032 33491
78032 67484
78033 54121
78033 94121
78033 78468
78033 345
78033 86892
78034 54407
78034 45145
78034 93280
78034 42882
78034 62387
78035 55374
78035 54066
78035 94666
78035 57657
78035 35459
78036 54614
78036 67898
78036 54954
78036 83851
78036 96064
78037 53871
78037 65788
78037 4258
78037 96197
78037 45730
78038 54752
78038 20090
78038 54586
78038 32426
78038 33943
78039 54380
78039 79762
78039 22849
78039 31885
78039 94475
78040 53845
78040 73647
78040 91004
78040 87757
78040 20881
78041 52945
78041 13919
78041 99688
78041 45031
78041 57935
78042 53410
78042 45063
78042 37439
78042 34049
78042 45705
78043 53348
78043 15945
78043 43880
78043 21594
78043 14967
78044 53507
78044 91148
78044 64500
78044 43827
78044 98362
78045 53461
78045 32195
78045 62214
78045 18639
78045 66192
78046 53736
78046 64136
78046 61584
78046 78326
78046 74292
78047 54535
78047 34787
78047 85521
78047 25280
78047 82770
78048 54158
78048 49285
78048 47933
78048 76208
78048 1769
78049 54711
78049 37476
78049 97537
78049 47068
78049 66447
78050 54989
78050 12130
78050 92666
78050 29728
78050 98501
78051 55338
78051 30259
78051 86402
78051 7036
78051 15423
78052 55496
78052 70119
78052 36053
78052 77005
78052 32095
78053 56046
78053 72288
78053 25695
78053 28905
78053 45444
78054 55133
78054 67284
78054 90672
78054 91758
78054 72154
78055 55441
78055 93088
78055 42476
78055 89770
78055 20183
78056 54660
78056 85769
78056 38591
78056 2391
78056 65301
78057 53838
78057 65280
78057 43026
78057 79122
78057 20995
78058 53638
78058 81017
78058 87317
78058 44917
78058 79259
78059 53195
78059 52498
78059 88673
78059 17472
78059 45549
78060 53841
78060 77827
78060 75517
78060 6032
78060 43479
78061 54080
78061 83463
78061 95810
78061 61837
78061 70608
78062 53831
78062 63730
78062 88870
78062 50028
78062 43056
78063 53375
78063 70424
78063 64501
78063 18940
78063 98637
78064 52386
78064 55773
78064 73076
78064 3236
78064 11440
78065 51815
78065 43200
78065 3000
78065 58205
78065 52939
78066 52448
78066 33944
78066 57325
78066 41716
78066 71764
78067 51844
78067 77782
78067 29237
78067 88534
78067 11311
78068 51764
78068 64528
78068 2381
78068 73780
78068 4185
78069 51373
78069 53078
78069 62306
78069 62665
78069 75107
78070 51554
78070 94864
78070 38186
78070 86179
78070 68009
78071 52126
78071 32811
78071 52854
78071 37825
78071 41250
78072 51618
78072 28837
78072 64115
78072 34547
78072 32911
78073 51728
78073 1888
78073 90804
78073 52667
78073 82872
78074 52135
78074 83412
78074 99054
78074 79898
78074 11780
78075 51595
78075 33733
78075 11250
78075 38808
78075 32282
78076 52587
78076 68396
78076 84105
78076 28994
78076 62403
78077 51968
78077 72856
78077 16387
78077 31250
78077 14010
78078 51465
78078 51998
78078 44658
78078 86803
78078 44200
78079 51075
78079 5586
78079 39455
78079 68994
78079 661
78080 51598
78080 23907
78080 47460
78080 14455
78080 50685
78081 51032
78081 27752
78081 75695
78081 58762
78081 86426
78082 50530
78082 76121
78082 4619
78082 12585
78082 15347
78083 50507
78083 83797
78083 28073
78083 19040
78083 63079
78084 50002
78084 91290
78084 18871
78084 44416
78084 8232
78085 49686
78085 92889
78085 12492
78085 65040
78085 47389
78086 49329
78086 20911
78086 48281
78086 5148
78086 1405
78087 50306
78087 47579
78087 64285
78087 93823
78087 62966
78088 51226
78088 84434
78088 35581
78088 43990
78088 85988
78089 51221
78089 90369
78089 27812
78089 70174
78089 76442
78090 51066
78090 95365
78090 23491
78090 97520
78090 43095
78091 51767
78091 35869
78091 69247
78091 27826
78091 80148
78092 51302
78092 4458
78092 92377
78092 2989
78092 11553
78093 51003
78093 30688
78093 7080
78093 40358
78093 46750
78094 50359
78094 60824
78094 79839
78094 58400
78094 18965
78095 50092
78095 43295
78095 20727
78095 65043
78095 86789
78096 50102
78096 39105
78096 37263
78096 30389
78096 59011
78097 49149
78097 33689
78097 57871
78097 36417
78097 21998
78098 49010
78098 41554
78098 12061
78098 45676
78098 37831
78099 49256
78099 99307
78099 62162
78099 33201
78099 35450
78100 49691
78100 51162
78100 27877
78100 25486
78100 82994
78101 50564
78101 5128
78101 81963
78101 62412
78101 91466
78102 51352
78102 27153
78102 41682
78102 17753
78102 59835
78103 50981
78103 17367
78103 45463
78103 59107
78103 39683
78104 50387
78104 16209
78104 70507
78104 80935
78104 11060
78105 49791
78105 36624
78105 51459
78105 28545
78105 2267
78106 49017
78106 43406
78106 50402
78106 60072
78106 99231
78107 48685
78107 69509
78107 27552
78107 33064
78107 50728
78108 49615
78108 39620
78108 86055
78108 7023
78108 78625
78109 49174
78109 11953
78109 32958
78109 35308
78109 40685
78110 48778
78110 58632
78110 6200
78110 44909
78110 32451
78111 49373
78111 65966
78111 76970
78111 64706
78111 99983
78112 49660
78112 7292
78112 89222
78112 16655
78112 11547
78113 49068
78113 29142
78113 90347
78113 62133
78113 76338
78114 49128
78114 76609
78114 38345
78114 73634
78114 30010
78115 48973
78115 64561
78115 89902
78115 39273
78115 52599
78116 48072
78116 82787
78116 4112
78116 72218
78116 69893
78117 47419
78117 65362
78117 11784
78117 114
78117 85088
78118 46849
78118 23841
78118 11301
78118 69122
78118 17739
78119 46157
78119 83948
78119 9962
78119 29390
78119 68503
78120 45519
78120 45946
78120 83245
78120 81523
78120 84076
78121 45173
78121 6192
78121 38982
78121 56161
78121 6337
78122 45520
78122 92296
78122 50112
78122 2488
78122 64537
78123 45318
78123 90669
78123 37365
78123 67046
78123 1230
78124 45205
78124 50179
78124 25811
78124 83795
78124 65977
78125 45117
78125 97812
78125 95672
78125 1005
78125 96121
78126 44329
78126 22067
78126 49272
78126 46982
78126 888
78127 44208
78127 3901
78127 84454
78127 30249
78127 38831
78128 43556
78128 1929
78128 623
78128 16832
78128 8171
78129 43954
78129 15309
78129 36457
78129 95981
78129 71683
78130 43583
78130 75972
78130 18842
78130 48330
78130 66213
78131 42693
78131 98903
78131 44608
78131 51271
78131 92512
78132 43265
78132 21974
78132 26804
78132 58722
78132 40595
78133 43037
78133 84774
78133 84078
78133 11027
78133 32795
78134 42967
78134 77054
78134 58327
78134 77340
78134 20666
78135 43785
78135 9376
78135 88267
78135 81845
78135 25481
78136 43261
78136 79892
78136 11966
78136 93581
78136 97017
78137 42779
78137 71529
78137 10367
78137 36956
78137 47035
78138 41871
78138 87862
78138 39015
78138 9286
78138 59289
78139 42716
78139 47206
78139 96039
78139 39831
78139 1610
78140 43368
78140 24017
78140 25889
78140 22488
78140 90181
78141 42684
78141 56801
78141 56160
78141 45451
78141 32486
78142 43026
78142 36499
78142 27708
78142 629
78142 43493
78143 43111
78143 59765
78143 17337
78143 38694
78143 98846
78144 43307
78144 28909
78144 19951
78144 86125
78144 8775
78145 42778
78145 92655
78145 90925
78145 32913
78145 4634
78146 42021
78146 32166
78146 77565
78146 58035
78146 17522
78147 42328
78147 21641
78147 56505
78147 22599
78147 30717
78148 42880
78148 72963
78148 56557
78148 72293
78148 19616
78149 43261
78149 72043
78149 1105
78149 87473
78149 56519
78150 42602
78150 71719
78150 88269
78150 51000
78150 275
78151 41902
78151 83827
78151 15551
78151 82869
78151 55233
78152 41236
78152 98944
78152 27639
78152 58548
78152 97207
78153 41363
78153 66362
78153 55359
78153 66157
78153 30711
78154 40968
78154 55148
78154 8181
78154 24908
78154 41861
78155 40183
78155 77000
78155 12695
78155 2359
78155 18063
