999 20
0 0
1 1
2 2
3 3
4 4
5 5
6 6
7 7
8 8
9 9
10 10
11 11
12 12
13 13
14 14
15 15
16 16
17 17
18 18
19 19
20 20
21 21
22 22
23 23
24 24
25 25
26 26
27 27
28 28
29 29
30 30
31 31
32 32
33 33
34 34
35 35
36 36
37 37
38 38
39 39
40 40
41 41
42 42
43 43
44 44
45 45
46 46
47 47
48 48
49 49
50 50
51 51
52 52
53 53
54 54
55 55
56 56
57 57
58 58
59 59
60 60
61 61
62 62
63 63
64 64
65 65
66 66
67 67
68 68
69 69
70 70
71 71
72 72
73 73
74 74
75 75
76 76
77 77
78 78
79 79
80 80
81 81
82 82
83 83
84 84
85 85
86 86
87 87
88 88
89 89
90 90
91 91
92 92
93 93
94 94
95 95
96 96
97 97
98 98
99 99
100 100
101 101
102 102
103 103
104 104
105 105
106 106
107 107
108 108
109 109
110 110
111 111
112 112
113 113
114 114
115 115
116 116
117 117
118 118
119 119
120 120
121 121
122 122
123 123
124 124
125 125
126 126
127 127
128 128
129 129
130 130
131 131
132 132
133 133
134 134
135 135
136 136
137 137
138 138
139 139
140 140
141 141
142 142
143 143
144 144
145 145
146 146
147 147
148 148
149 149
150 150
151 151
152 152
153 153
154 154
155 155
156 156
157 157
158 158
159 159
160 160
161 161
162 162
163 163
164 164
165 165
166 166
167 167
168 168
169 169
170 170
171 171
172 172
173 173
174 174
175 175
176 176
177 177
178 178
179 179
180 180
181 181
182 182
183 183
184 184
185 185
186 186
187 187
188 188
189 189
190 190
191 191
192 192
193 193
194 194
195 195
196 196
197 197
198 198
199 199
200 200
201 201
202 202
203 203
204 204
205 205
206 206
207 207
208 208
209 209
210 210
211 211
212 212
213 213
214 214
215 215
216 216
217 217
218 218
219 219
220 220
221 221
222 222
223 223
224 224
225 225
226 226
227 227
228 228
229 229
230 230
231 231
232 232
233 233
234 234
235 235
236 236
237 237
238 238
239 239
240 240
241 241
242 242
243 243
244 244
245 245
246 246
247 247
248 248
249 249
250 250
251 251
252 252
253 253
254 254
255 255
256 256
257 257
258 258
259 259
260 260
261 261
262 262
263 263
264 264
265 265
266 266
267 267
268 268
269 269
270 270
271 271
272 272
273 273
274 274
275 275
276 276
277 277
278 278
279 279
280 280
281 281
282 282
283 283
284 284
285 285
286 286
287 287
288 288
289 289
290 290
291 291
292 292
293 293
294 294
295 295
296 296
297 297
298 298
299 299
300 300
301 301
302 302
303 303
304 304
305 305
306 306
307 307
308 308
309 309
310 310
311 311
312 312
313 313
314 314
315 315
316 316
317 317
318 318
319 319
320 320
321 321
322 322
323 323
324 324
325 325
326 326
327 327
328 328
329 329
330 330
331 331
332 332
333 333
334 334
335 335
336 336
337 337
338 338
339 339
340 340
341 341
342 342
343 343
344 344
345 345
346 346
347 347
348 348
349 349
350 350
351 351
352 352
353 353
354 354
355 355
356 356
357 357
358 358
359 359
360 360
361 361
362 362
363 363
364 364
365 365
366 366
367 367
368 368
369 369
370 370
371 371
372 372
373 373
374 374
375 375
376 376
377 377
378 378
379 379
380 380
381 381
382 382
383 383
384 384
385 385
386 386
387 387
388 388
389 389
390 390
391 391
392 392
393 393
394 394
395 395
396 396
397 397
398 398
399 399
400 400
401 401
402 402
403 403
404 404
405 405
406 406
407 407
408 408
409 409
410 410
411 411
412 412
413 413
414 414
415 415
416 416
417 417
418 418
419 419
420 420
421 421
422 422
423 423
424 424
425 425
426 426
427 427
428 428
429 429
430 430
431 431
432 432
433 433
434 434
435 435
436 436
437 437
438 438
439 439
440 440
441 441
442 442
443 443
444 444
445 445
446 446
447 447
448 448
449 449
450 450
451 451
452 452
453 453
454 454
455 455
456 456
457 457
458 458
459 459
460 460
461 461
462 462
463 463
464 464
465 465
466 466
467 467
468 468
469 469
470 470
471 471
472 472
473 473
474 474
475 475
476 476
477 477
478 478
479 479
480 480
481 481
482 482
483 483
484 484
485 485
486 486
487 487
488 488
489 489
490 490
491 491
492 492
493 493
494 494
495 495
496 496
497 497
0 10
1 11
2 12
3 13
4 14
5 15
6 16
7 17
8 18
9 19
10 20
11 21
12 22
13 23
14 24
15 25
16 26
17 27
18 28
19 29
20 30
21 31
22 32
23 33
24 34
25 35
26 36
27 37
28 38
29 39
30 40
31 41
32 42
33 43
34 44
35 45
36 46
37 47
38 48
39 49
40 50
41 51
42 52
43 53
44 54
45 55
46 56
47 57
48 58
49 59
50 60
51 61
52 62
53 63
54 64
55 65
56 66
57 67
58 68
59 69
60 70
61 71
62 72
63 73
64 74
65 75
66 76
67 77
68 78
69 79
70 80
71 81
72 82
73 83
74 84
75 85
76 86
77 87
78 88
79 89
80 90
81 91
82 92
83 93
84 94
85 95
86 96
87 97
88 98
89 99
90 100
91 101
92 102
93 103
94 104
95 105
96 106
97 107
98 108
99 109
100 110
101 111
102 112
103 113
104 114
105 115
106 116
107 117
108 118
109 119
110 120
111 121
112 122
113 123
114 124
115 125
116 126
117 127
118 128
119 129
120 130
121 131
122 132
123 133
124 134
125 135
126 136
127 137
128 138
129 139
130 140
131 141
132 142
133 143
134 144
135 145
136 146
137 147
138 148
139 149
140 150
141 151
142 152
143 153
144 154
145 155
146 156
147 157
148 158
149 159
150 160
151 161
152 162
153 163
154 164
155 165
156 166
157 167
158 168
159 169
160 170
161 171
162 172
163 173
164 174
165 175
166 176
167 177
168 178
169 179
170 180
171 181
172 182
173 183
174 184
175 185
176 186
177 187
178 188
179 189
180 190
181 191
182 192
183 193
184 194
185 195
186 196
187 197
188 198
189 199
190 200
191 201
192 202
193 203
194 204
195 205
196 206
197 207
198 208
199 209
200 210
201 211
202 212
203 213
204 214
205 215
206 216
207 217
208 218
209 219
210 220
211 221
212 222
213 223
214 224
215 225
216 226
217 227
218 228
219 229
220 230
221 231
222 232
223 233
224 234
225 235
226 236
227 237
228 238
229 239
230 240
231 241
232 242
233 243
234 244
235 245
236 246
237 247
238 248
239 249
240 250
241 251
242 252
243 253
244 254
245 255
246 256
247 257
248 258
249 259
250 260
251 261
252 262
253 263
254 264
255 265
256 266
257 267
258 268
259 269
260 270
261 271
262 272
263 273
264 274
265 275
266 276
267 277
268 278
269 279
270 280
271 281
272 282
273 283
274 284
275 285
276 286
277 287
278 288
279 289
280 290
281 291
282 292
283 293
284 294
285 295
286 296
287 297
288 298
289 299
290 300
291 301
292 302
293 303
294 304
295 305
296 306
297 307
298 308
299 309
300 310
301 311
302 312
303 313
304 314
305 315
306 316
307 317
308 318
309 319
310 320
311 321
312 322
313 323
314 324
315 325
316 326
317 327
318 328
319 329
320 330
321 331
322 332
323 333
324 334
325 335
326 336
327 337
328 338
329 339
330 340
331 341
332 342
333 343
334 344
335 345
336 346
337 347
338 348
339 349
340 350
341 351
342 352
343 353
344 354
345 355
346 356
347 357
348 358
349 359
350 360
351 361
352 362
353 363
354 364
355 365
356 366
357 367
358 368
359 369
360 370
361 371
362 372
363 373
364 374
365 375
366 376
367 377
368 378
369 379
370 380
371 381
372 382
373 383
374 384
375 385
376 386
377 387
378 388
379 389
380 390
381 391
382 392
383 393
384 394
385 395
386 396
387 397
388 398
389 399
390 400
391 401
392 402
393 403
394 404
395 405
396 406
397 407
398 408
399 409
400 410
401 411
402 412
403 413
404 414
405 415
406 416
407 417
408 418
409 419
410 420
411 421
412 422
413 423
414 424
415 425
416 426
417 427
418 428
419 429
420 430
421 431
422 432
423 433
424 434
425 435
426 436
427 437
428 438
429 439
430 440
431 441
432 442
433 443
434 444
435 445
436 446
437 447
438 448
439 449
440 450
441 451
442 452
443 453
444 454
445 455
446 456
447 457
448 458
449 459
450 460
451 461
452 462
453 463
454 464
455 465
456 466
457 467
458 468
459 469
460 470
461 471
462 472
463 473
464 474
465 475
466 476
467 477
468 478
469 479
470 480
471 481
472 482
473 483
474 484
475 485
476 486
477 487
478 488
479 489
480 490
481 491
482 492
483 493
484 494
485 495
486 496
487 497
488 498
489 499
490 500
491 501
492 502
493 503
494 504
495 505
496 506
497 507
100000 0
0 100000
100000 100000
