80 70 1214
0 0 3 0
4 0 14 0
15 0 16 0
18 0 20 0
22 0 25 0
26 0 30 0
31 0 32 0
34 0 35 0
36 0 44 0
45 0 49 0
50 0 57 0
58 0 62 0
63 0 64 0
65 0 75 0
76 0 78 0
79 0 80 0
0 1 13 1
14 1 16 1
17 1 24 1
25 1 32 1
33 1 34 1
35 1 38 1
39 1 40 1
41 1 42 1
44 1 52 1
53 1 61 1
62 1 63 1
64 1 66 1
67 1 71 1
72 1 80 1
0 2 17 2
18 2 19 2
20 2 21 2
22 2 24 2
25 2 37 2
38 2 39 2
40 2 44 2
45 2 48 2
49 2 50 2
51 2 53 2
54 2 59 2
60 2 61 2
63 2 71 2
72 2 75 2
76 2 80 2
0 3 17 3
18 3 22 3
23 3 26 3
27 3 30 3
31 3 32 3
33 3 36 3
38 3 43 3
44 3 48 3
49 3 53 3
54 3 60 3
61 3 62 3
63 3 67 3
68 3 73 3
74 3 75 3
76 3 80 3
1 4 9 4
10 4 13 4
14 4 25 4
27 4 28 4
29 4 36 4
37 4 38 4
40 4 43 4
44 4 47 4
48 4 50 4
51 4 53 4
54 4 57 4
58 4 64 4
65 4 67 4
68 4 70 4
71 4 80 4
0 5 8 5
9 5 18 5
19 5 26 5
29 5 35 5
36 5 38 5
39 5 46 5
47 5 48 5
50 5 51 5
53 5 54 5
55 5 57 5
59 5 72 5
73 5 78 5
79 5 80 5
0 6 4 6
6 6 7 6
8 6 12 6
13 6 15 6
16 6 18 6
19 6 21 6
22 6 24 6
25 6 26 6
27 6 31 6
32 6 35 6
36 6 38 6
40 6 41 6
43 6 46 6
47 6 52 6
55 6 58 6
59 6 70 6
71 6 80 6
1 7 14 7
15 7 16 7
17 7 18 7
21 7 22 7
23 7 31 7
32 7 34 7
35 7 38 7
39 7 43 7
44 7 45 7
46 7 53 7
54 7 62 7
63 7 66 7
67 7 69 7
70 7 80 7
0 8 1 8
2 8 4 8
5 8 6 8
7 8 11 8
12 8 16 8
17 8 20 8
21 8 22 8
23 8 25 8
26 8 29 8
30 8 32 8
33 8 38 8
39 8 44 8
45 8 47 8
48 8 54 8
55 8 59 8
60 8 62 8
63 8 68 8
72 8 75 8
76 8 79 8
1 9 6 9
7 9 9 9
11 9 13 9
14 9 15 9
16 9 18 9
19 9 22 9
23 9 29 9
30 9 34 9
35 9 42 9
43 9 46 9
48 9 55 9
56 9 66 9
67 9 69 9
70 9 73 9
74 9 79 9
1 10 3 10
4 10 10 10
13 10 27 10
28 10 33 10
34 10 35 10
36 10 39 10
40 10 41 10
45 10 48 10
49 10 58 10
59 10 60 10
61 10 63 10
65 10 77 10
78 10 80 10
0 11 7 11
8 11 12 11
13 11 27 11
29 11 34 11
37 11 43 11
44 11 48 11
49 11 54 11
55 11 64 11
65 11 79 11
0 12 1 12
2 12 6 12
7 12 10 12
11 12 21 12
22 12 25 12
26 12 28 12
29 12 31 12
33 12 36 12
37 12 46 12
47 12 50 12
51 12 73 12
74 12 75 12
76 12 80 12
1 13 10 13
11 13 15 13
16 13 21 13
22 13 28 13
29 13 30 13
31 13 34 13
36 13 52 13
53 13 59 13
61 13 72 13
73 13 80 13
0 14 1 14
2 14 7 14
8 14 9 14
11 14 12 14
13 14 18 14
19 14 29 14
31 14 33 14
35 14 36 14
37 14 40 14
41 14 43 14
45 14 48 14
49 14 53 14
54 14 58 14
59 14 68 14
69 14 73 14
74 14 78 14
79 14 80 14
1 15 2 15
3 15 8 15
9 15 14 15
15 15 22 15
23 15 27 15
29 15 33 15
35 15 56 15
57 15 58 15
59 15 62 15
63 15 71 15
73 15 77 15
78 15 79 15
2 16 5 16
6 16 20 16
21 16 28 16
30 16 32 16
33 16 42 16
44 16 51 16
52 16 64 16
65 16 66 16
67 16 80 16
1 17 11 17
12 17 13 17
14 17 20 17
21 17 23 17
24 17 27 17
28 17 29 17
30 17 32 17
33 17 35 17
36 17 38 17
39 17 42 17
43 17 45 17
47 17 55 17
56 17 63 17
64 17 66 17
67 17 71 17
72 17 77 17
78 17 80 17
0 18 2 18
3 18 5 18
6 18 7 18
9 18 15 18
17 18 18 18
20 18 42 18
43 18 47 18
48 18 54 18
55 18 74 18
75 18 80 18
0 19 5 19
6 19 7 19
8 19 11 19
12 19 15 19
16 19 22 19
23 19 27 19
29 19 37 19
38 19 42 19
43 19 49 19
50 19 54 19
55 19 71 19
72 19 75 19
76 19 80 19
0 20 2 20
3 20 7 20
9 20 13 20
14 20 15 20
16 20 18 20
21 20 24 20
26 20 27 20
29 20 33 20
34 20 40 20
42 20 47 20
48 20 49 20
52 20 57 20
58 20 61 20
62 20 66 20
67 20 70 20
71 20 72 20
73 20 78 20
0 21 2 21
3 21 4 21
5 21 9 21
10 21 15 21
16 21 26 21
27 21 29 21
30 21 33 21
34 21 38 21
42 21 44 21
45 21 47 21
48 21 61 21
62 21 63 21
64 21 66 21
67 21 71 21
75 21 77 21
78 21 80 21
0 22 2 22
3 22 16 22
17 22 21 22
22 22 36 22
37 22 46 22
47 22 56 22
57 22 60 22
62 22 68 22
69 22 71 22
74 22 77 22
78 22 80 22
0 23 12 23
13 23 20 23
21 23 30 23
31 23 36 23
37 23 41 23
42 23 53 23
54 23 55 23
56 23 66 23
67 23 69 23
70 23 80 23
0 24 10 24
11 24 15 24
16 24 24 24
25 24 30 24
32 24 35 24
36 24 37 24
38 24 41 24
42 24 46 24
47 24 55 24
56 24 64 24
65 24 74 24
76 24 79 24
0 25 1 25
2 25 5 25
7 25 8 25
9 25 14 25
15 25 21 25
25 25 27 25
28 25 29 25
30 25 35 25
36 25 43 25
44 25 50 25
51 25 65 25
67 25 70 25
71 25 75 25
76 25 79 25
0 26 7 26
8 26 12 26
13 26 20 26
23 26 24 26
25 26 28 26
30 26 31 26
32 26 35 26
36 26 39 26
41 26 43 26
44 26 51 26
52 26 54 26
56 26 74 26
75 26 80 26
0 27 1 27
2 27 4 27
5 27 9 27
11 27 12 27
15 27 20 27
21 27 26 27
27 27 30 27
31 27 39 27
40 27 46 27
47 27 53 27
54 27 57 27
58 27 64 27
65 27 74 27
75 27 76 27
77 27 80 27
0 28 1 28
2 28 4 28
5 28 8 28
9 28 17 28
18 28 36 28
40 28 43 28
45 28 52 28
53 28 60 28
61 28 63 28
65 28 71 28
75 28 80 28
0 29 8 29
9 29 10 29
11 29 14 29
15 29 16 29
18 29 21 29
22 29 24 29
25 29 26 29
27 29 28 29
29 29 32 29
33 29 35 29
36 29 47 29
48 29 50 29
51 29 62 29
63 29 64 29
65 29 68 29
69 29 77 29
78 29 80 29
0 30 11 30
12 30 16 30
18 30 24 30
25 30 57 30
58 30 60 30
61 30 62 30
63 30 64 30
65 30 70 30
71 30 75 30
76 30 80 30
0 31 2 31
3 31 6 31
7 31 12 31
15 31 20 31
21 31 29 31
30 31 33 31
34 31 36 31
37 31 46 31
47 31 50 31
51 31 58 31
59 31 79 31
1 32 3 32
4 32 6 32
9 32 17 32
18 32 21 32
22 32 29 32
30 32 32 32
33 32 35 32
37 32 40 32
41 32 53 32
54 32 65 32
69 32 72 32
75 32 80 32
1 33 5 33
6 33 12 33
13 33 16 33
17 33 47 33
48 33 49 33
50 33 65 33
66 33 67 33
68 33 71 33
72 33 73 33
74 33 75 33
76 33 79 33
0 34 7 34
8 34 29 34
30 34 37 34
39 34 46 34
47 34 50 34
51 34 56 34
57 34 58 34
59 34 62 34
63 34 65 34
66 34 69 34
70 34 72 34
73 34 80 34
0 35 4 35
5 35 14 35
15 35 23 35
24 35 29 35
30 35 37 35
38 35 42 35
44 35 46 35
47 35 49 35
50 35 60 35
61 35 70 35
71 35 78 35
79 35 80 35
0 36 1 36
2 36 4 36
5 36 6 36
7 36 12 36
13 36 15 36
16 36 17 36
18 36 20 36
21 36 36 36
37 36 41 36
42 36 49 36
51 36 55 36
56 36 58 36
59 36 60 36
61 36 73 36
74 36 76 36
77 36 80 36
0 37 8 37
9 37 17 37
18 37 19 37
20 37 30 37
32 37 40 37
42 37 45 37
46 37 53 37
54 37 60 37
61 37 63 37
66 37 67 37
69 37 70 37
71 37 73 37
74 37 80 37
0 38 1 38
2 38 9 38
10 38 18 38
19 38 25 38
26 38 32 38
34 38 36 38
37 38 40 38
41 38 60 38
61 38 69 38
70 38 74 38
75 38 80 38
0 39 4 39
5 39 15 39
16 39 20 39
21 39 23 39
24 39 39 39
41 39 45 39
46 39 47 39
48 39 50 39
51 39 75 39
76 39 80 39
0 40 4 40
5 40 24 40
25 40 31 40
32 40 41 40
42 40 48 40
49 40 50 40
51 40 67 40
70 40 75 40
78 40 79 40
0 41 15 41
16 41 18 41
21 41 25 41
26 41 33 41
34 41 37 41
38 41 40 41
41 41 46 41
48 41 51 41
52 41 65 41
67 41 76 41
77 41 80 41
1 42 7 42
8 42 12 42
13 42 19 42
21 42 25 42
26 42 28 42
30 42 39 42
40 42 50 42
52 42 59 42
60 42 65 42
66 42 67 42
68 42 80 42
0 43 3 43
4 43 11 43
13 43 14 43
15 43 16 43
18 43 25 43
26 43 30 43
31 43 32 43
33 43 40 43
41 43 48 43
49 43 58 43
59 43 64 43
65 43 66 43
67 43 68 43
72 43 78 43
79 43 80 43
0 44 4 44
5 44 9 44
10 44 13 44
14 44 15 44
17 44 30 44
31 44 33 44
34 44 36 44
37 44 40 44
41 44 43 44
44 44 45 44
46 44 51 44
53 44 66 44
68 44 78 44
79 44 80 44
0 45 2 45
6 45 10 45
13 45 19 45
20 45 25 45
26 45 33 45
34 45 40 45
41 45 44 45
45 45 49 45
50 45 51 45
52 45 55 45
56 45 61 45
62 45 64 45
65 45 73 45
74 45 80 45
1 46 8 46
9 46 13 46
15 46 16 46
18 46 25 46
26 46 27 46
28 46 29 46
30 46 31 46
32 46 33 46
34 46 36 46
37 46 43 46
45 46 50 46
51 46 59 46
64 46 80 46
2 47 8 47
10 47 12 47
13 47 21 47
22 47 23 47
24 47 35 47
37 47 40 47
41 47 48 47
49 47 67 47
68 47 75 47
76 47 77 47
79 47 80 47
0 48 5 48
6 48 10 48
11 48 15 48
17 48 18 48
19 48 26 48
28 48 33 48
34 48 38 48
40 48 41 48
42 48 46 48
47 48 48 48
49 48 53 48
54 48 59 48
61 48 63 48
64 48 65 48
66 48 68 48
70 48 71 48
72 48 78 48
79 48 80 48
0 49 2 49
3 49 7 49
8 49 13 49
14 49 21 49
23 49 25 49
26 49 28 49
29 49 32 49
34 49 37 49
38 49 45 49
46 49 51 49
52 49 53 49
54 49 55 49
56 49 58 49
59 49 63 49
64 49 74 49
75 49 77 49
78 49 80 49
0 50 4 50
5 50 7 50
8 50 9 50
10 50 12 50
13 50 14 50
15 50 19 50
20 50 24 50
25 50 41 50
42 50 64 50
65 50 71 50
73 50 74 50
75 50 76 50
77 50 80 50
0 51 8 51
9 51 22 51
23 51 29 51
30 51 32 51
33 51 47 51
48 51 52 51
53 51 61 51
62 51 67 51
68 51 80 51
1 52 14 52
15 52 17 52
18 52 20 52
21 52 27 52
28 52 30 52
31 52 37 52
38 52 44 52
45 52 56 52
57 52 59 52
60 52 66 52
67 52 71 52
72 52 80 52
0 53 2 53
3 53 6 53
7 53 8 53
10 53 30 53
31 53 32 53
33 53 34 53
35 53 41 53
42 53 48 53
50 53 54 53
55 53 60 53
61 53 62 53
63 53 68 53
69 53 70 53
71 53 78 53
79 53 80 53
0 54 1 54
2 54 8 54
9 54 18 54
19 54 20 54
21 54 23 54
25 54 27 54
28 54 34 54
35 54 39 54
41 54 49 54
50 54 55 54
56 54 58 54
59 54 64 54
65 54 71 54
72 54 74 54
75 54 80 54
0 55 9 55
10 55 11 55
12 55 24 55
27 55 42 55
43 55 44 55
45 55 67 55
68 55 75 55
76 55 80 55
0 56 3 56
4 56 11 56
12 56 18 56
21 56 25 56
26 56 27 56
28 56 29 56
30 56 34 56
36 56 53 56
55 56 80 56
0 57 3 57
4 57 9 57
10 57 11 57
13 57 17 57
18 57 19 57
21 57 23 57
24 57 33 57
34 57 35 57
36 57 40 57
41 57 60 57
61 57 78 57
3 58 6 58
7 58 10 58
11 58 46 58
47 58 54 58
55 58 57 58
58 58 60 58
61 58 76 58
77 58 79 58
0 59 2 59
3 59 6 59
7 59 11 59
14 59 15 59
16 59 17 59
19 59 24 59
25 59 29 59
30 59 49 59
50 59 54 59
55 59 69 59
70 59 71 59
73 59 76 59
77 59 78 59
79 59 80 59
0 60 1 60
2 60 5 60
6 60 9 60
11 60 12 60
14 60 15 60
17 60 22 60
23 60 39 60
40 60 42 60
43 60 47 60
48 60 62 60
63 60 67 60
68 60 71 60
72 60 80 60
0 61 8 61
9 61 15 61
16 61 17 61
18 61 22 61
23 61 25 61
26 61 29 61
30 61 31 61
33 61 37 61
38 61 45 61
47 61 51 61
52 61 55 61
56 61 57 61
58 61 60 61
61 61 64 61
66 61 68 61
69 61 76 61
77 61 80 61
0 62 5 62
6 62 13 62
15 62 28 62
30 62 36 62
37 62 41 62
43 62 44 62
45 62 49 62
51 62 65 62
66 62 69 62
70 62 72 62
73 62 75 62
76 62 78 62
79 62 80 62
0 63 1 63
2 63 3 63
4 63 7 63
8 63 10 63
12 63 16 63
18 63 20 63
21 63 26 63
27 63 29 63
30 63 43 63
44 63 48 63
49 63 56 63
57 63 58 63
59 63 62 63
63 63 74 63
75 63 79 63
0 64 6 64
7 64 8 64
9 64 14 64
15 64 18 64
19 64 29 64
31 64 36 64
37 64 41 64
42 64 44 64
45 64 46 64
48 64 58 64
59 64 69 64
70 64 80 64
0 65 9 65
10 65 19 65
21 65 33 65
35 65 40 65
41 65 44 65
45 65 53 65
54 65 55 65
56 65 65 65
67 65 68 65
69 65 75 65
76 65 80 65
0 66 2 66
3 66 11 66
12 66 24 66
25 66 29 66
30 66 47 66
48 66 49 66
50 66 51 66
52 66 55 66
56 66 57 66
58 66 59 66
61 66 63 66
64 66 68 66
69 66 70 66
72 66 78 66
0 67 4 67
5 67 6 67
7 67 9 67
10 67 18 67
20 67 21 67
22 67 28 67
29 67 30 67
34 67 38 67
40 67 41 67
42 67 44 67
45 67 46 67
47 67 49 67
50 67 51 67
52 67 60 67
61 67 62 67
64 67 70 67
72 67 76 67
77 67 78 67
79 67 80 67
0 68 13 68
14 68 16 68
17 68 26 68
27 68 28 68
30 68 31 68
32 68 33 68
34 68 40 68
41 68 44 68
47 68 51 68
52 68 55 68
56 68 65 68
66 68 80 68
0 69 9 69
11 69 14 69
15 69 18 69
19 69 20 69
21 69 24 69
25 69 30 69
31 69 35 69
36 69 48 69
49 69 53 69
55 69 59 69
60 69 61 69
62 69 64 69
65 69 73 69
76 69 80 69
0 70 6 70
7 70 11 70
13 70 15 70
16 70 19 70
20 70 21 70
22 70 27 70
28 70 36 70
37 70 42 70
44 70 52 70
53 70 56 70
57 70 58 70
59 70 62 70
63 70 67 70
69 70 74 70
75 70 76 70
77 70 78 70
79 70 80 70
0 8 0 9
0 23 0 24
0 40 0 41
0 52 0 53
1 14 1 15
1 21 1 22
1 50 1 51
1 60 1 61
2 12 2 14
2 22 2 23
2 50 2 51
3 17 3 18
3 40 3 41
3 50 3 51
3 61 3 62
4 34 4 35
4 51 4 52
4 61 4 62
4 64 4 65
5 47 5 48
6 13 6 14
6 15 6 16
6 46 6 47
6 51 6 52
6 55 6 56
7 7 7 8
7 24 7 25
7 46 7 47
9 24 9 25
9 39 9 40
9 57 9 58
9 63 9 64
9 67 9 68
10 59 10 60
11 7 11 8
11 30 11 31
11 46 11 47
11 51 11 52
11 55 11 56
12 38 12 39
12 47 12 48
12 60 12 61
12 68 12 69
13 2 13 3
13 15 13 16
13 48 13 49
14 33 14 34
14 43 14 44
14 46 14 47
14 65 14 66
15 53 15 54
15 69 15 70
16 11 16 12
16 45 16 46
16 66 16 67
17 12 17 13
17 29 17 30
17 31 17 32
17 41 17 42
17 45 17 46
18 14 18 15
19 4 19 5
19 13 19 14
19 18 19 19
19 50 19 51
20 18 20 19
20 22 20 23
20 36 20 37
20 44 20 45
20 51 20 52
20 59 20 60
21 45 21 46
21 56 21 57
22 37 22 38
22 41 22 42
23 22 23 23
23 43 23 44
23 66 23 67
24 24 24 25
24 29 24 30
24 34 24 35
24 48 24 49
24 52 24 53
24 64 24 65
25 29 25 30
25 49 25 51
25 60 25 61
26 2 26 3
26 4 26 5
26 7 26 8
26 28 26 29
26 47 26 48
27 25 27 26
27 28 27 29
27 35 27 36
27 43 27 44
27 63 27 64
28 12 28 13
28 40 28 42
28 44 28 45
28 46 28 47
28 48 28 49
28 63 28 64
29 11 29 13
29 42 29 43
29 57 29 58
31 45 31 47
31 52 31 53
31 66 31 67
32 18 32 19
32 53 32 54
32 64 32 65
33 1 33 2
33 4 33 5
33 18 33 19
33 20 33 21
33 30 33 32
33 50 33 51
34 5 34 6
34 16 34 17
34 31 34 32
34 51 34 52
34 58 34 59
35 13 35 15
35 25 35 26
35 60 35 61
36 19 36 20
36 42 36 43
36 52 36 53
36 64 36 65
37 14 37 15
37 25 37 27
37 49 37 50
37 51 37 52
38 0 38 1
38 21 38 22
38 32 38 33
38 41 38 42
38 60 38 61
39 3 39 4
39 31 39 32
39 44 39 45
40 9 40 10
41 31 41 32
41 33 41 34
41 43 41 44
41 68 41 69
42 41 42 42
42 48 42 49
42 64 42 65
43 18 43 19
43 20 43 21
43 46 43 47
43 49 43 50
44 41 44 42
44 67 44 68
44 69 44 70
45 22 45 23
46 3 46 4
46 14 46 15
46 64 46 65
47 7 47 8
47 39 47 40
48 6 48 7
48 15 48 17
48 23 48 24
48 32 48 33
48 42 48 43
49 58 49 59
49 68 49 69
50 0 50 1
50 9 50 10
50 44 50 45
50 69 50 70
51 4 51 5
51 11 51 12
52 12 52 13
52 16 52 17
52 19 52 20
52 55 52 56
52 63 52 64
53 13 53 14
53 15 53 16
53 59 53 60
53 62 53 63
54 39 54 40
55 18 55 19
55 29 55 30
55 37 55 38
55 60 55 61
55 67 55 68
56 7 56 8
56 15 56 16
56 42 56 43
56 47 56 48
56 53 56 54
56 56 56 57
56 63 56 64
56 66 56 67
57 4 57 5
57 30 57 32
57 45 57 46
57 50 57 51
57 55 57 56
58 7 58 8
58 30 58 31
58 36 58 37
59 17 59 18
59 24 59 25
59 61 59 62
59 69 59 70
60 22 60 23
60 31 60 32
60 42 60 43
60 45 60 46
61 21 61 22
62 34 62 35
62 40 62 41
62 49 62 50
62 56 62 57
62 66 62 67
63 3 63 4
63 29 63 30
63 43 63 44
63 48 63 50
63 55 63 56
64 48 64 49
64 67 64 68
65 7 65 8
65 17 65 18
65 49 65 50
65 67 65 68
65 69 65 70
66 0 66 1
66 36 66 37
66 60 66 61
67 44 67 45
67 61 67 62
68 6 68 7
68 24 68 25
68 26 68 27
68 53 68 54
68 58 68 59
69 4 69 5
69 65 69 66
70 1 70 2
70 23 70 25
70 44 70 45
70 56 70 58
71 8 71 9
71 33 71 34
71 40 71 41
71 54 71 55
72 60 72 61
73 8 73 9
73 43 73 44
73 45 73 46
74 3 74 4
74 44 74 45
75 12 75 13
75 27 75 28
75 36 75 37
75 40 75 41
75 52 75 53
75 63 75 64
75 65 75 66
75 67 75 68
76 7 76 8
76 30 76 32
76 39 76 40
77 11 77 12
77 15 77 16
78 25 78 26
78 31 78 32
78 49 78 50
79 31 79 32
79 41 79 42
79 46 79 47
80 21 80 22
80 49 80 50
