45 10 195
0 0 4 0
5 0 10 0
14 0 18 0
20 0 21 0
23 0 24 0
25 0 28 0
30 0 31 0
32 0 38 0
40 0 43 0
44 0 45 0
2 1 10 1
12 1 15 1
18 1 19 1
22 1 24 1
29 1 33 1
34 1 36 1
37 1 38 1
39 1 40 1
41 1 42 1
43 1 45 1
0 2 3 2
5 2 8 2
10 2 15 2
16 2 17 2
19 2 22 2
23 2 25 2
26 2 33 2
34 2 36 2
38 2 39 2
41 2 43 2
44 2 45 2
0 3 3 3
4 3 9 3
11 3 12 3
13 3 14 3
17 3 18 3
19 3 20 3
21 3 22 3
23 3 24 3
25 3 29 3
30 3 31 3
32 3 35 3
36 3 37 3
41 3 44 3
0 4 4 4
6 4 8 4
9 4 11 4
13 4 18 4
24 4 27 4
28 4 32 4
33 4 34 4
35 4 37 4
41 4 44 4
1 5 2 5
3 5 9 5
11 5 17 5
18 5 22 5
28 5 29 5
31 5 35 5
36 5 37 5
39 5 40 5
41 5 42 5
44 5 45 5
0 6 7 6
9 6 11 6
14 6 15 6
16 6 18 6
20 6 21 6
23 6 25 6
27 6 31 6
34 6 35 6
37 6 38 6
40 6 41 6
42 6 44 6
5 7 10 7
11 7 14 7
16 7 24 7
25 7 33 7
34 7 35 7
38 7 39 7
41 7 45 7
0 8 1 8
3 8 4 8
6 8 11 8
13 8 16 8
18 8 23 8
24 8 27 8
28 8 29 8
33 8 34 8
36 8 37 8
38 8 39 8
40 8 42 8
43 8 44 8
1 9 2 9
3 9 8 9
9 9 10 9
11 9 13 9
14 9 18 9
19 9 25 9
26 9 27 9
31 9 33 9
34 9 36 9
40 9 42 9
2 10 8 10
12 10 16 10
17 10 22 10
23 10 32 10
35 10 38 10
39 10 43 10
44 10 45 10
0 3 0 4
1 6 1 7
1 8 1 10
2 2 2 3
2 8 2 9
3 3 3 5
3 7 3 8
5 3 5 5
5 8 5 9
6 3 6 5
6 6 6 7
6 9 6 10
7 0 7 1
7 3 7 6
7 9 7 10
8 1 8 2
9 0 9 1
9 3 9 4
10 0 10 1
10 6 10 7
10 8 10 10
11 6 11 7
12 2 12 6
12 8 12 9
13 1 13 2
13 7 13 8
14 7 14 8
15 4 15 5
15 6 15 7
16 1 16 2
17 1 17 2
17 3 17 4
17 6 17 7
18 6 18 8
19 3 19 4
19 5 19 6
20 2 20 3
21 1 21 3
21 8 21 9
22 0 22 1
22 5 22 6
22 9 22 10
25 5 25 6
25 7 25 10
26 1 26 4
26 6 26 7
26 9 26 10
27 2 27 3
27 4 27 5
28 3 28 4
28 7 28 8
28 9 28 10
30 0 30 1
30 2 30 3
31 4 31 5
31 7 31 9
32 0 32 2
32 7 32 8
33 0 33 1
33 2 33 4
33 5 33 6
34 9 34 10
35 7 35 8
35 9 35 10
36 2 36 3
36 4 36 6
37 1 37 2
37 3 37 4
37 6 37 8
38 1 38 2
38 4 38 5
39 3 39 5
39 7 39 8
39 9 39 10
40 0 40 1
40 9 40 10
41 0 41 1
41 2 41 4
42 8 42 9
43 4 43 5
43 6 43 7
43 9 43 10
44 1 44 2
44 3 44 4
45 2 45 3
