1000
1 -10 571
1 4 632
1 -10 597
1 4 828
1 -10 573
1 -8 514
1 8 107
1 4 651
1 10 563
1 -8 776
1 7 49
1 9 227
1 -9 892
1 -10 455
1 -8 464
1 9 433
1 6 417
1 5 54
1 -6 770
1 3 656
1 6 962
1 -3 691
1 7 914
1 6 420
1 -8 440
1 2 297
1 5 686
1 1 359
1 -6 289
1 10 315
1 -3 352
1 1 518
1 -6 979
1 1 622
1 -5 944
1 -9 988
1 -8 891
1 7 630
1 -8 404
1 8 839
1 5 810
1 -10 137
1 -1 523
1 2 140
1 1 44
1 4 986
1 7 798
1 2 626
1 -2 991
1 10 579
1 -2 158
1 9 863
1 6 664
1 -7 717
1 -9 234
1 8 753
1 -5 55
1 9 879
1 -1 475
1 -8 543
1 8 902
1 4 27
1 -6 860
1 -10 441
1 -7 228
1 6 548
1 3 150
1 -2 422
1 6 75
1 -2 82
1 -4 725
1 -9 665
1 7 1000
1 3 376
1 6 595
1 -5 657
1 9 375
1 -8 152
1 2 254
1 -2 246
1 1 814
1 2 830
1 -4 552
1 -5 906
1 -7 423
1 2 581
1 -10 727
1 -2 994
1 1 974
1 -3 56
1 -4 651
1 1 445
1 10 676
1 2 231
1 2 446
1 -1 219
1 4 101
1 9 200
1 -8 358
1 8 530
1 -3 833
1 -8 105
1 -2 126
1 1 838
1 3 322
1 3 690
1 1 727
1 -10 12
1 9 598
1 8 178
1 -2 126
1 2 223
1 -3 165
1 9 762
1 -7 531
1 -8 473
1 -9 532
1 -9 215
1 3 232
1 4 710
1 -4 427
1 -1 509
1 -5 939
1 -7 503
1 2 97
1 6 724
1 -7 840
1 -10 998
1 -2 721
1 -1 747
1 -5 762
1 6 937
1 7 841
1 10 976
1 -8 517
1 -10 854
1 -4 824
1 -9 584
1 10 923
1 2 727
1 -9 286
1 6 189
1 -9 967
1 -6 180
1 10 912
1 -2 398
1 -10 281
1 -9 817
1 2 170
1 4 170
1 1 336
1 1 737
1 9 217
1 7 910
1 -7 827
1 8 581
1 5 543
1 2 66
1 -7 313
1 2 204
1 2 102
1 -10 934
1 7 287
1 -6 653
1 -4 412
1 10 714
1 -10 164
1 8 878
1 -8 176
1 -1 797
1 -4 491
1 2 553
1 -10 627
1 9 939
1 1 950
1 -8 403
1 -5 257
1 5 7
1 8 722
1 -6 757
1 3 435
1 -5 508
1 9 188
1 -6 81
1 -1 716
1 5 278
1 -3 384
1 1 468
1 6 74
1 -1 427
1 -9 622
1 9 794
1 7 927
1 7 197
1 -10 466
1 8 891
1 -3 246
1 -1 297
1 -8 816
1 -8 985
1 8 641
1 -2 570
1 3 538
1 -9 10
1 8 540
1 -5 112
1 10 414
1 -8 565
1 5 331
1 4 921
1 4 125
1 -1 949
1 9 123
1 4 710
1 -3 460
1 -8 450
1 -10 508
1 -1 954
1 -7 55
1 4 182
1 7 64
1 9 907
1 2 390
1 5 627
1 7 495
1 4 396
1 -2 505
1 8 343
1 -2 575
1 3 328
1 -8 937
1 -1 993
1 7 564
1 9 822
1 -6 756
1 -10 185
1 1 844
1 -10 741
1 6 627
1 4 737
1 6 218
1 7 792
1 8 648
1 -9 748
1 -8 840
1 -4 848
1 1 153
1 -9 231
1 -2 609
1 -2 847
1 -1 567
1 9 367
1 -9 434
1 9 608
1 4 87
1 9 15
1 3 339
1 10 11
1 -5 440
1 -2 240
1 -3 502
1 9 639
1 -2 832
1 3 324
1 -4 542
1 8 920
1 -8 495
1 2 726
1 8 913
1 5 936
1 -6 457
1 3 668
1 -4 301
1 -5 294
1 4 25
1 -4 932
1 7 737
1 8 200
1 -7 70
1 -8 926
1 8 737
1 2 969
1 -1 638
1 10 560
1 -4 850
1 4 116
1 5 813
1 7 858
1 8 731
1 9 302
1 2 91
1 2 775
1 -3 224
1 -4 659
1 6 381
1 9 79
1 1 945
1 -3 545
1 7 520
1 4 40
1 -2 4
1 10 719
1 1 672
1 10 743
1 -7 103
1 9 244
1 -3 714
1 3 663
1 -2 148
1 -6 888
1 -9 995
1 -1 963
1 -10 991
1 -9 377
1 6 632
1 7 357
1 4 91
1 1 392
1 -4 296
1 4 233
1 -1 631
1 9 912
1 -3 220
1 -9 744
1 5 977
1 -4 645
1 -7 912
1 -6 519
1 6 719
1 5 826
1 8 605
1 2 669
1 7 285
1 -4 728
1 -2 611
1 -8 347
1 -4 384
1 -3 75
1 -9 772
1 10 775
1 -5 499
1 -2 334
1 -8 189
1 -9 206
1 -3 34
1 -1 602
1 -9 23
1 8 461
1 10 518
1 8 825
1 3 831
1 2 754
1 -10 496
1 -9 511
1 -5 723
1 3 217
1 9 546
1 6 94
1 6 530
1 -9 388
1 2 787
1 4 655
1 3 837
1 -5 766
1 8 123
1 -9 546
1 -9 758
1 -6 417
1 -10 146
1 -8 303
1 -6 295
1 9 43
1 8 406
1 9 708
1 -1 496
1 1 233
1 5 804
1 -1 935
1 10 342
1 8 813
1 -5 354
1 -9 402
1 7 619
1 1 597
1 6 271
1 -1 636
1 10 334
1 -10 457
1 2 446
1 1 171
1 -8 470
1 8 290
1 2 248
1 -8 626
1 5 122
1 -7 549
1 3 958
1 7 998
1 -5 664
1 9 575
1 10 206
1 -8 178
1 -5 182
1 5 216
1 -9 217
1 -7 874
1 10 60
1 -5 466
1 -5 541
1 7 476
1 6 740
1 2 816
1 -9 983
1 8 226
1 -5 909
1 9 686
1 -10 400
1 -8 682
1 -6 819
1 5 557
1 3 137
1 -3 292
1 -1 839
1 8 298
1 4 547
1 -2 555
1 7 730
1 -10 303
1 8 119
1 2 14
1 2 453
1 -1 828
1 8 367
1 -9 77
1 -2 4
1 -9 205
1 -9 289
1 2 986
1 5 727
1 -7 327
1 -1 609
1 -2 28
1 -9 229
1 4 477
1 7 15
1 3 506
1 -3 627
1 -2 67
1 -10 530
1 5 453
1 7 296
1 6 9
1 5 903
1 -3 623
1 8 94
1 -7 794
1 4 250
1 3 576
1 1 588
1 -9 365
1 8 164
1 -10 579
1 -10 162
1 2 642
1 3 412
1 -9 522
1 8 340
1 -9 634
1 5 365
1 -5 611
1 -2 186
1 -1 705
1 -3 264
1 -8 223
1 -1 585
1 -2 90
1 -2 444
1 -6 637
1 3 794
1 -10 116
1 -3 825
1 10 431
1 -7 125
1 1 609
1 3 112
1 4 599
1 -8 518
1 4 668
1 -2 984
1 3 257
1 1 797
1 10 369
1 8 490
1 8 620
1 4 204
1 -4 414
1 -2 17
1 -10 376
1 2 627
1 5 643
1 7 844
1 5 618
1 7 953
1 -5 806
1 -1 60
1 5 903
1 -8 922
1 -9 435
1 2 957
1 -3 924
1 3 361
1 -9 427
1 -7 557
1 -6 375
1 10 126
1 7 741
1 -2 220
1 -2 66
1 1 600
1 4 547
1 -10 885
1 -6 679
1 -3 564
1 3 996
1 4 891
1 6 9
1 -10 865
1 -9 571
1 -2 614
1 3 274
1 -6 566
1 7 923
1 -2 844
1 -6 917
1 5 956
1 4 764
1 -5 709
1 -3 365
1 -5 817
1 -3 522
1 7 843
1 10 334
1 -7 368
1 -5 990
1 1 46
1 -4 556
1 -8 453
1 1 961
1 7 122
1 -1 214
1 -4 952
1 -4 135
1 -10 572
1 10 77
1 -8 361
1 3 158
1 1 481
1 3 490
1 7 409
1 -7 420
1 4 853
1 1 100
1 -5 516
1 7 558
1 7 872
1 2 493
1 6 276
1 3 770
1 2 890
1 4 41
1 -8 143
1 1 580
1 10 50
1 5 784
1 -10 242
1 8 530
1 5 598
1 8 100
1 -6 19
1 -9 517
1 -1 708
1 -3 30
1 -5 837
1 4 839
1 -3 626
1 7 464
1 10 697
1 6 702
1 -2 616
1 -9 729
1 -1 928
1 2 640
1 5 689
1 5 865
1 4 904
1 -4 196
1 -2 269
1 -9 1000
1 1 201
1 5 498
1 7 565
1 8 418
1 -2 976
1 5 1
1 2 315
1 -7 859
1 -2 8
1 9 460
1 6 377
1 -6 88
1 -9 811
1 -10 589
1 10 95
1 10 114
1 -4 590
1 4 889
1 -5 529
1 4 663
1 1 315
1 8 166
1 3 759
1 8 199
1 -1 35
1 -6 810
1 8 633
1 -5 812
1 5 673
1 -8 941
1 -4 116
1 1 440
1 -5 13
1 -9 53
1 7 116
1 -5 692
1 9 778
1 -6 771
1 -1 243
1 10 735
1 2 664
1 -7 2
1 -10 34
1 -9 282
1 -3 415
1 5 942
1 -5 871
1 9 599
1 3 588
1 7 667
1 3 239
1 -3 822
1 6 140
1 5 290
1 10 905
1 8 508
1 -7 181
1 1 901
1 6 373
1 -9 907
1 -3 350
1 1 757
1 3 439
1 -5 578
1 -5 471
1 -7 370
1 -6 765
1 4 66
1 7 99
1 4 742
1 5 847
1 -6 501
1 3 245
1 5 269
1 4 582
1 1 878
1 9 860
1 -3 101
1 -1 684
1 -7 825
1 2 481
1 -4 630
1 -3 896
1 -7 223
1 9 526
1 1 752
1 -8 498
1 -5 496
1 -2 409
1 -5 29
1 -6 664
1 -5 783
1 8 685
1 -1 49
1 -6 900
1 6 553
1 -1 107
1 -3 836
1 -9 142
1 -6 515
1 3 377
1 -8 847
1 6 60
1 -8 466
1 7 384
1 -3 932
1 -2 902
1 -6 41
1 -4 132
1 5 617
1 10 181
1 3 815
1 5 464
1 8 911
1 9 74
1 5 478
1 2 315
1 5 773
1 7 916
1 4 104
1 -5 263
1 -5 405
1 7 331
1 -5 917
1 -8 586
1 -10 650
1 -2 917
1 -2 884
1 2 855
1 10 579
1 -10 516
1 10 135
1 10 828
1 3 175
1 -5 846
1 9 117
1 2 868
1 -1 793
1 -3 59
1 1 287
1 9 535
1 3 518
1 -6 125
1 -4 394
1 -1 776
1 3 872
1 -2 509
1 5 555
1 2 247
1 -8 39
1 -4 876
1 -9 314
1 10 631
1 3 83
1 -6 811
1 -2 818
1 6 691
1 -4 532
1 1 722
1 -8 771
1 2 410
1 -5 213
1 1 179
1 10 306
1 10 630
1 10 476
1 -10 72
1 -10 232
1 -7 128
1 7 129
1 -3 137
1 -5 527
1 -10 261
1 -1 429
1 -5 660
1 -9 646
1 5 292
1 9 744
1 5 926
1 8 243
1 3 745
1 -4 915
1 8 202
1 2 889
1 7 981
1 -2 545
1 4 76
1 8 818
1 7 962
1 2 114
1 8 561
1 1 648
1 -1 533
1 6 965
1 3 885
1 -5 519
1 10 727
1 -2 849
1 8 414
1 9 307
1 4 362
1 -8 743
1 7 339
1 -8 903
1 4 847
1 -8 732
1 -10 568
1 -3 386
1 8 22
1 -3 844
1 -7 822
1 -4 904
1 -4 420
1 -10 484
1 -2 313
1 -5 213
1 10 924
1 -4 910
1 2 583
1 -4 677
1 -8 49
1 -9 751
1 -8 466
1 -9 179
1 10 761
1 8 82
1 8 641
1 5 611
1 -6 862
1 -9 695
1 10 708
1 -5 126
1 6 7
1 10 471
1 -5 116
1 -10 180
1 -9 34
1 1 384
1 -8 749
1 -10 985
1 6 160
1 -4 328
1 -7 449
1 5 272
1 5 497
1 -8 3
1 5 838
1 -10 854
1 -2 687
1 -10 400
1 -4 102
1 -2 602
1 9 636
1 7 467
1 2 36
1 -6 476
1 -4 639
1 2 740
1 -10 856
1 -9 232
1 -1 870
1 3 60
1 -2 369
1 4 14
1 10 872
1 -7 603
1 8 147
1 -3 305
1 9 556
1 -9 25
1 -2 135
1 -3 110
1 -7 832
1 10 382
1 2 189
1 8 812
1 1 378
1 6 979
1 8 275
1 2 376
1 10 82
1 10 278
1 8 83
1 -2 25
1 6 875
1 -1 269
1 -9 812
1 9 34
1 -9 596
1 -8 271
1 6 389
1 5 825
1 -10 545
1 10 771
1 -7 15
1 4 324
1 3 461
1 7 534
1 1 312
1 8 149
1 4 43
1 -6 497
1 4 235
1 10 500
1 -2 59
1 10 781
1 -4 382
1 9 732
1 4 758
1 8 223
1 1 228
1 3 725
1 -1 81
1 4 417
1 -8 931
1 -4 24
1 2 4
1 5 63
1 8 263
1 5 952
1 1 397
1 -6 417
1 9 381
1 2 406
1 -7 659
1 5 568
1 -4 775
1 3 869
1 -10 677
1 -7 809
1 10 42
1 -4 295
1 7 367
1 -7 638
1 10 170
1 -5 886
1 -6 318
1 5 775
1 -6 227
1 -10 530
1 -4 273
1 -1 483
1 10 887
1 3 611
1 -2 385
1 10 757
1 -9 908
1 -1 741
1 6 659
1 -10 192
1 -9 852
1 4 376
1 -7 360
1 2 758
1 -3 741
1 -4 6
1 2 699
1 1 250
1 -9 144
1 6 219
1 -8 332
1 3 696
1 -7 929
1 -4 671
1 1 93
1 1 91
1 -2 994
1 3 694
1 1 226
1 -6 626
1 -4 953
1 -10 946
1 5 708
1 -5 236
1 -8 713
1 -4 988
1 -5 276
1 -3 48
1 -4 162
1 -4 275
1 6 566
1 -8 713
1 8 565
1 1 13
1 7 359
1 10 598
1 9 767
1 1 942
1 4 721
1 9 799
1 4 36
1 -1 653
1 5 338
1 -10 82
1 10 271
1 -3 816
1 6 674
1 7 804
1 4 368
1 8 210
1 -8 540
1 1 636
