1000
1 3 4
1 10 799
1 7 849
1 -10 417
1 -3 774
1 5 409
1 -5 180
1 7 100
1 -2 613
1 6 980
1 -6 6
1 10 167
1 -10 213
1 6 115
1 -8 516
1 3 912
1 3 858
1 3 746
1 -5 897
1 9 95
1 -2 228
1 8 822
1 -2 148
1 -8 424
1 -4 182
1 -10 712
1 10 580
1 3 971
1 3 18
1 -8 304
1 5 538
1 -6 425
1 3 496
1 4 53
1 7 487
1 -4 627
1 -3 954
1 -3 807
1 3 332
1 1 928
1 1 663
1 4 495
1 9 893
1 7 691
1 5 754
1 -2 389
1 1 753
1 8 392
1 3 20
1 -1 346
1 -5 255
1 -9 49
1 1 855
1 5 753
1 -7 639
1 7 290
1 8 234
1 7 819
1 5 567
1 -6 930
1 -9 72
1 -8 835
1 2 755
1 2 99
1 -10 333
1 -8 51
1 7 249
1 -7 137
1 -1 307
1 -9 197
1 -1 358
1 -7 512
1 -9 798
1 2 23
1 -10 391
1 3 585
1 -4 82
1 9 90
1 2 98
1 -2 723
1 -3 935
1 -10 60
1 7 701
1 -7 166
1 1 761
1 10 178
1 2 817
1 -3 187
1 -6 875
1 7 983
1 -2 99
1 -7 489
1 -2 976
1 -4 263
1 -9 782
1 9 918
1 9 11
1 -9 956
1 8 147
1 8 859
1 -7 243
1 4 21
1 -5 63
1 -4 330
1 10 891
1 -4 288
1 -6 7
1 -2 348
1 -7 744
1 -3 496
1 9 463
1 -3 820
1 -5 350
1 -8 164
1 8 918
1 1 233
1 10 45
1 10 738
1 9 861
1 -10 925
1 -6 862
1 -1 446
1 3 870
1 8 824
1 -8 59
1 10 531
1 3 913
1 8 217
1 -3 185
1 1 304
1 6 806
1 6 485
1 10 605
1 -3 136
1 -6 338
1 5 492
1 -3 431
1 -9 208
1 -5 2
1 4 655
1 -8 802
1 2 949
1 -2 733
1 4 406
1 5 698
1 6 87
1 3 545
1 -6 361
1 4 80
1 -8 894
1 -5 521
1 6 760
1 -3 622
1 4 291
1 -6 821
1 3 77
1 9 79
1 1 64
1 8 258
1 -4 543
1 10 403
1 1 88
1 -8 799
1 -10 70
1 -1 834
1 -2 323
1 7 919
1 4 158
1 -2 190
1 5 337
1 9 649
1 -6 806
1 -9 126
1 1 351
1 -9 703
1 5 777
1 -5 932
1 -4 676
1 8 434
1 3 826
1 8 999
1 10 328
1 6 395
1 -1 968
1 -3 707
1 -10 667
1 -6 165
1 8 441
1 10 89
1 -3 954
1 7 925
1 10 289
1 6 650
1 -6 25
1 -9 616
1 -1 701
1 -8 558
1 -6 555
1 -2 444
1 -9 864
1 5 19
1 -2 515
1 -10 674
1 4 857
1 5 368
1 5 629
1 -4 97
1 6 966
1 -2 409
1 3 501
1 7 571
1 7 590
1 3 9
1 9 305
1 -6 335
1 -7 374
1 1 428
1 -8 745
1 9 354
1 -1 329
1 -4 374
1 7 183
1 -4 293
1 2 616
1 3 670
1 3 394
1 3 736
1 -1 511
1 -7 822
1 9 972
1 -1 960
1 -6 462
1 7 261
1 4 16
1 -5 631
1 7 192
1 2 72
1 1 637
1 -8 305
1 1 218
1 3 502
1 8 680
1 5 405
1 6 122
1 -7 196
1 -2 884
1 10 26
1 10 803
1 5 116
1 1 792
1 -6 967
1 -2 428
1 -10 437
1 -10 833
1 -9 737
1 -2 93
1 -8 18
1 1 217
1 -2 109
1 -9 220
1 -5 983
1 6 161
1 -2 95
1 5 727
1 4 844
1 -3 835
1 7 893
1 -7 881
1 -9 912
1 -3 668
1 -6 35
1 -5 912
1 6 204
1 7 520
1 3 310
1 9 872
1 6 340
1 -10 140
1 -4 502
1 2 495
1 9 500
1 5 350
1 -10 302
1 5 707
1 -4 56
1 9 664
1 -7 696
1 -4 688
1 1 733
1 -9 354
1 -1 406
1 -6 943
1 -1 148
1 8 41
1 3 838
1 8 799
1 7 792
1 8 613
1 -3 820
1 8 974
1 5 453
1 6 315
1 -8 307
1 -1 990
1 -10 200
1 2 884
1 -5 497
1 5 156
1 4 574
1 10 215
1 -2 510
1 -1 174
1 2 224
1 -2 332
1 4 138
1 -8 477
1 -10 433
1 -10 276
1 7 485
1 -2 161
1 -1 639
1 4 418
1 8 411
1 -3 244
1 9 574
1 8 116
1 1 125
1 3 633
1 -5 121
1 2 454
1 -9 287
1 -8 475
1 -9 78
1 2 778
1 -6 280
1 3 64
1 8 918
1 -7 916
1 2 251
1 -4 885
1 9 499
1 2 818
1 -7 886
1 5 774
1 3 988
1 2 934
1 4 324
1 5 820
1 -7 970
1 8 47
1 5 105
1 8 240
1 -1 672
1 -9 471
1 -5 852
1 -2 745
1 10 537
1 -8 872
1 -3 600
1 -3 741
1 -3 14
1 10 699
1 7 29
1 -10 794
1 -5 703
1 3 730
1 2 844
1 -2 256
1 -6 261
1 -3 693
1 -5 751
1 -1 371
1 4 262
1 -5 598
1 -4 429
1 -5 275
1 -3 168
1 -3 328
1 7 551
1 7 414
1 7 378
1 -3 563
1 4 848
1 6 856
1 -9 448
1 9 272
1 10 193
1 -8 522
1 -10 382
1 -2 353
1 -3 77
1 10 555
1 -7 701
1 10 219
1 -7 25
1 -3 293
1 10 671
1 -6 708
1 -2 717
1 -9 263
1 -3 666
1 6 605
1 -10 460
1 -1 695
1 -3 917
1 8 628
1 -1 481
1 7 292
1 1 803
1 8 644
1 -1 686
1 9 408
1 -10 734
1 2 496
1 -2 986
1 4 932
1 -2 939
1 -9 192
1 -9 821
1 -3 389
1 3 92
1 2 540
1 5 380
1 -10 523
1 -2 578
1 1 463
1 2 666
1 -2 931
1 -1 323
1 -2 652
1 6 836
1 2 941
1 7 460
1 -3 546
1 -2 801
1 1 98
1 1 851
1 -7 958
1 -7 117
1 7 355
1 -1 88
1 5 564
1 10 835
1 4 612
1 -9 634
1 9 919
1 9 976
1 1 787
1 -2 84
1 10 41
1 3 891
1 -10 357
1 4 360
1 6 182
1 -9 905
1 -2 270
1 8 80
1 2 555
1 6 656
1 -7 866
1 -9 793
1 10 237
1 6 847
1 -9 422
1 -3 632
1 -4 489
1 2 183
1 -3 796
1 9 525
1 -1 835
1 9 327
1 -10 819
1 3 540
1 7 41
1 3 670
1 7 888
1 -1 65
1 1 19
1 -9 545
1 8 736
1 -7 280
1 -7 695
1 8 743
1 -4 867
1 -5 415
1 6 512
1 5 930
1 -3 442
1 1 644
1 -2 115
1 8 624
1 -7 953
1 -1 270
1 -8 424
1 7 474
1 8 947
1 9 813
1 -6 414
1 -2 281
1 10 70
1 3 988
1 -3 577
1 8 925
1 -3 193
1 -5 783
1 -4 989
1 -8 902
1 -7 714
1 7 604
1 -4 286
1 -8 471
1 -5 421
1 -3 209
1 -8 437
1 5 951
1 -2 97
1 5 690
1 -6 668
1 -5 324
1 -10 982
1 10 36
1 5 870
1 9 877
1 5 414
1 2 431
1 -3 220
1 6 395
1 10 75
1 1 329
1 -6 187
1 7 879
1 -2 746
1 -3 916
1 3 191
1 10 519
1 -4 398
1 -7 864
1 -4 759
1 1 988
1 -3 254
1 10 391
1 -5 381
1 1 811
1 -3 632
1 -2 538
1 2 294
1 7 117
1 -2 272
1 -4 339
1 -1 687
1 -10 469
1 -6 879
1 -7 855
1 8 978
1 9 754
1 8 233
1 3 380
1 -4 928
1 -2 73
1 1 29
1 -3 192
1 -3 354
1 9 284
1 4 80
1 8 808
1 -4 962
1 -6 717
1 -1 244
1 5 904
1 -4 950
1 -1 178
1 4 43
1 9 969
1 10 618
1 -4 981
1 -5 119
1 -8 461
1 -9 831
1 9 489
1 9 889
1 -4 179
1 3 110
1 6 39
1 -4 428
1 4 429
1 3 457
1 10 814
1 7 85
1 6 205
1 3 971
1 -1 768
1 -3 470
1 10 649
1 10 456
1 5 208
1 -10 541
1 4 304
1 -5 782
1 3 961
1 -4 558
1 -4 427
1 6 723
1 -6 455
1 -1 866
1 -6 543
1 -5 578
1 2 954
1 -1 389
1 2 87
1 3 961
1 3 504
1 -5 415
1 -10 55
1 -5 876
1 -10 375
1 8 292
1 4 145
1 -3 150
1 -9 367
1 -5 908
1 2 901
1 -7 675
1 8 255
1 6 413
1 9 482
1 1 224
1 -5 581
1 6 199
1 -8 119
1 4 650
1 -9 633
1 -6 739
1 -9 304
1 8 154
1 -9 700
1 -3 379
1 8 198
1 -8 997
1 -10 772
1 -8 724
1 6 200
1 -1 213
1 -3 503
1 -6 361
1 9 829
1 1 765
1 -9 832
1 -4 42
1 8 233
1 10 845
1 4 904
1 -4 365
1 9 728
1 7 726
1 -5 401
1 -9 867
1 -10 566
1 -8 758
1 4 383
1 -8 743
1 -9 293
1 9 308
1 -9 180
1 9 147
1 6 730
1 -8 497
1 4 483
1 -2 468
1 8 905
1 -2 991
1 -7 204
1 -3 466
1 -2 841
1 -2 813
1 1 629
1 9 43
1 -2 170
1 5 472
1 9 940
1 -9 3
1 2 242
1 -6 422
1 -4 44
1 8 966
1 9 144
1 2 301
1 8 989
1 -1 596
1 -9 444
1 6 81
1 -9 167
1 4 657
1 -9 658
1 -7 254
1 7 280
1 -3 517
1 7 742
1 6 49
1 7 665
1 -2 844
1 3 888
1 -6 995
1 5 489
1 -4 962
1 2 229
1 2 255
1 -1 42
1 -6 232
1 5 93
1 -8 89
1 7 24
1 -7 659
1 -8 689
1 -4 461
1 -9 786
1 -9 482
1 5 920
1 -5 682
1 7 354
1 2 701
1 -2 626
1 -4 587
1 3 653
1 -3 948
1 3 637
1 1 888
1 7 251
1 4 640
1 7 35
1 -4 453
1 -10 794
1 2 609
1 7 791
1 -3 396
1 2 242
1 8 414
1 -1 842
1 3 201
1 -4 787
1 -9 430
1 5 636
1 4 873
1 8 187
1 8 603
1 -9 409
1 8 45
1 -7 129
1 9 244
1 -10 497
1 2 636
1 -5 451
1 -10 904
1 3 989
1 -8 308
1 -7 367
1 -1 57
1 -8 78
1 6 984
1 6 935
1 -9 820
1 -10 329
1 -10 156
1 4 861
1 -2 531
1 7 618
1 -1 748
1 -5 813
1 -1 23
1 5 631
1 -9 530
1 4 434
1 -5 661
1 -8 891
1 -5 703
1 5 144
1 -9 917
1 1 718
1 10 377
1 7 630
1 -7 178
1 5 246
1 -2 408
1 1 22
1 8 496
1 6 15
1 -1 621
1 -4 414
1 -5 605
1 -10 195
1 7 159
1 -1 618
1 10 551
1 -7 956
1 -1 297
1 -8 90
1 -9 934
1 -10 106
1 3 888
1 -4 191
1 9 862
1 2 178
1 3 214
1 -6 441
1 10 277
1 -6 451
1 7 90
1 9 693
1 -1 747
1 -5 851
1 1 291
1 -7 345
1 -2 462
1 -5 842
1 6 753
1 -3 697
1 -2 620
1 -4 321
1 7 267
1 -8 47
1 -7 290
1 -2 601
1 8 372
1 8 742
1 2 747
1 -5 443
1 1 604
1 -10 290
1 9 771
1 -8 957
1 4 646
1 -3 838
1 1 578
1 -6 746
1 1 396
1 1 734
1 1 664
1 -5 642
1 -2 310
1 1 188
1 -4 233
1 -10 54
1 -3 365
1 -6 443
1 -7 820
1 -2 176
1 9 371
1 -8 422
1 10 934
1 7 440
1 -2 181
1 -3 743
1 9 141
1 5 988
1 -7 612
1 -9 735
1 4 377
1 4 885
1 -1 656
1 -7 755
1 6 775
1 -1 145
1 5 536
1 -8 583
1 -1 476
1 -6 227
1 -1 216
1 5 349
1 5 182
1 -4 628
1 1 74
1 7 278
1 8 35
1 -10 518
1 3 789
1 -8 714
1 -3 546
1 -1 946
1 5 478
1 -10 783
1 -9 242
1 3 975
1 -3 307
1 4 750
1 -7 846
1 -2 919
1 6 220
1 -1 711
1 10 650
1 -7 243
1 8 231
1 3 251
1 6 810
1 -10 98
1 10 731
1 -4 769
1 -8 998
1 -4 628
1 -1 369
1 2 2
1 6 689
1 9 550
1 -6 172
1 5 650
1 3 16
1 -8 434
1 -1 557
1 3 471
1 -5 406
1 9 226
1 8 556
1 -5 592
1 3 263
1 4 197
1 9 640
1 4 897
1 -5 5
1 -4 652
1 5 89
1 10 39
1 8 896
1 5 968
1 -8 130
1 -2 812
1 8 349
1 7 85
1 -2 260
1 -7 496
1 10 393
1 1 77
1 3 882
1 2 741
1 -4 153
1 4 66
1 7 990
1 8 296
1 -4 504
1 6 244
1 9 206
1 10 215
1 1 402
1 -5 907
1 7 75
1 -3 528
1 5 48
1 -4 186
1 -2 122
1 4 968
1 -9 350
1 -4 139
1 2 405
1 -5 258
1 -3 218
1 3 999
1 -8 412
1 9 790
1 -9 98
1 3 210
1 8 345
1 -5 469
1 4 595
1 2 701
1 7 662
1 -7 11
1 4 17
1 -4 819
1 10 309
1 7 501
1 -9 90
1 -1 999
1 6 303
1 3 698
1 5 492
1 9 47
1 7 86
1 10 215
1 7 372
1 -6 381
1 -7 905
1 -5 345
1 -8 370
1 -10 513
1 -3 986
1 -9 722
1 3 838
1 -5 377
1 5 537
1 5 902
1 2 809
1 8 753
1 -5 119
1 -1 643
1 -6 478
1 9 581
1 8 10
1 7 802
1 -10 424
1 4 125
1 5 465
1 3 534
1 -8 867
