1000
1 -2 260
1 7 756
1 -3 850
1 -3 392
1 1 139
1 9 489
1 6 332
1 -10 421
1 -8 864
1 10 502
1 6 631
1 6 712
1 -4 850
1 8 802
1 3 431
1 -8 464
1 -1 78
1 -2 682
1 -1 218
1 7 864
1 8 759
1 -10 319
1 -7 183
1 7 689
1 10 823
1 -4 182
1 -5 302
1 6 14
1 -2 750
1 10 576
1 -6 896
1 -10 403
1 5 425
1 -3 396
1 9 301
1 -2 686
1 1 504
1 -4 472
1 8 995
1 9 491
1 -2 644
1 9 826
1 -8 824
1 -3 903
1 -4 570
1 -9 977
1 -1 911
1 5 811
1 6 729
1 8 691
1 -8 304
1 -7 390
1 10 167
1 -3 655
1 -2 459
1 -5 323
1 -1 698
1 -1 623
1 5 363
1 -4 126
1 5 870
1 6 487
1 -8 24
1 -6 912
1 6 754
1 -4 764
1 8 70
1 10 691
1 10 229
1 -7 749
1 2 697
1 -3 632
1 1 747
1 -4 789
1 -3 452
1 -4 783
1 -10 652
1 -6 818
1 -10 468
1 -5 547
1 -3 171
1 5 971
1 -1 498
1 -9 510
1 9 38
1 4 926
1 -9 520
1 5 607
1 10 135
1 10 914
1 -9 265
1 -7 468
1 5 772
1 -5 194
1 9 387
1 5 537
1 7 512
1 -2 864
1 -1 574
1 3 655
1 1 374
1 -5 288
1 -2 846
1 -4 235
1 -3 377
1 9 775
1 -2 752
1 -3 826
1 -7 727
1 10 479
1 7 573
1 -10 411
1 -5 116
1 8 832
1 4 460
1 -4 320
1 -5 14
1 -3 248
1 2 545
1 -9 649
1 9 436
1 -10 96
1 -2 75
1 -3 508
1 10 465
1 9 454
1 -9 695
1 -1 22
1 3 25
1 -7 445
1 -1 952
1 8 457
1 10 602
1 -10 922
1 -3 283
1 9 969
1 -2 143
1 -5 153
1 -5 458
1 -9 415
1 -9 861
1 -1 190
1 2 261
1 -7 390
1 8 696
1 -8 495
1 1 465
1 9 719
1 2 315
1 9 528
1 4 623
1 -4 153
1 1 364
1 -5 160
1 10 116
1 9 249
1 -9 767
1 10 785
1 -6 362
1 5 490
1 -6 785
1 -2 212
1 1 636
1 9 629
1 -10 891
1 5 22
1 1 648
1 -4 580
1 5 978
1 -9 791
1 -1 987
1 -4 736
1 -6 677
1 -6 103
1 6 668
1 -6 470
1 -8 441
1 -6 296
1 4 449
1 9 4
1 -7 531
1 9 680
1 8 92
1 1 392
1 -1 251
1 3 654
1 -8 614
1 7 829
1 9 105
1 -5 200
1 -10 547
1 -1 873
1 -4 802
1 -1 860
1 5 454
1 7 512
1 -6 1000
1 9 550
1 8 166
1 3 990
1 -7 399
1 7 547
1 -2 195
1 5 676
1 -2 789
1 3 291
1 7 314
1 7 400
1 -9 757
1 -4 984
1 -1 271
1 -1 719
1 8 881
1 7 581
1 -8 146
1 3 498
1 -10 441
1 -6 528
1 9 517
1 -8 231
1 9 448
1 -3 132
1 2 823
1 -5 516
1 6 15
1 5 502
1 1 773
1 -6 634
1 -8 28
1 2 671
1 1 554
1 4 221
1 4 282
1 9 914
1 -7 119
1 3 99
1 -7 87
1 3 603
1 10 25
1 -7 520
1 -2 118
1 3 262
1 10 894
1 -3 526
1 -5 372
1 -10 13
1 8 966
1 8 958
1 9 841
1 10 818
1 2 265
1 -10 396
1 4 351
1 -1 133
1 9 688
1 2 664
1 4 109
1 3 811
1 -5 922
1 -3 776
1 3 447
1 4 874
1 -9 329
1 7 262
1 -4 94
1 -9 140
1 3 446
1 1 294
1 9 347
1 -6 457
1 -1 167
1 10 406
1 2 88
1 2 148
1 -4 449
1 -4 702
1 -10 197
1 5 918
1 -7 408
1 -1 641
1 7 191
1 3 720
1 5 51
1 1 917
1 -4 777
1 -3 316
1 -2 202
1 2 595
1 -7 208
1 1 430
1 -4 348
1 1 114
1 -10 295
1 10 668
1 -9 107
1 10 677
1 -10 319
1 1 335
1 -5 506
1 9 481
1 -7 386
1 -3 890
1 -4 442
1 -9 420
1 -7 770
1 3 753
1 -5 862
1 3 814
1 2 762
1 -3 234
1 2 149
1 7 380
1 -4 140
1 5 278
1 -5 339
1 -5 834
1 -4 744
1 -5 823
1 4 45
1 2 916
1 -8 253
1 6 529
1 7 268
1 7 222
1 -3 945
1 -3 964
1 5 458
1 -8 523
1 -9 502
1 -3 344
1 10 544
1 -2 530
1 9 895
1 -5 93
1 -3 644
1 7 424
1 6 783
1 -9 903
1 -3 186
1 -8 745
1 -6 705
1 9 336
1 3 772
1 -7 332
1 7 730
1 -7 653
1 -5 538
1 2 552
1 8 196
1 5 675
1 -4 466
1 5 3
1 -9 459
1 9 112
1 2 539
1 -8 560
1 -5 396
1 -7 833
1 8 518
1 9 584
1 -1 437
1 -9 990
1 6 414
1 6 299
1 7 972
1 4 694
1 8 84
1 -3 212
1 -1 517
1 9 230
1 -2 953
1 -1 642
1 3 485
1 -6 192
1 -10 510
1 -3 823
1 -1 881
1 -6 178
1 8 147
1 4 616
1 7 127
1 -8 22
1 -2 974
1 -3 777
1 -9 468
1 8 378
1 6 104
1 -4 167
1 1 406
1 4 438
1 -5 367
1 -8 452
1 -1 866
1 10 975
1 -1 50
1 -7 641
1 -1 645
1 -9 583
1 -1 244
1 9 1
1 4 549
1 -4 1
1 8 584
1 -5 724
1 -1 320
1 -6 8
1 -5 345
1 8 979
1 9 26
1 2 953
1 10 702
1 -7 985
1 -2 901
1 -7 781
1 -9 818
1 -3 238
1 10 708
1 -3 684
1 3 610
1 -9 316
1 -6 990
1 6 32
1 -4 507
1 -4 235
1 6 454
1 5 224
1 -2 774
1 -2 835
1 1 919
1 7 321
1 7 207
1 1 711
1 3 91
1 4 61
1 8 577
1 -4 810
1 -6 463
1 -3 233
1 -7 580
1 10 920
1 5 717
1 9 892
1 -3 143
1 7 704
1 -5 192
1 5 96
1 -1 808
1 -4 70
1 -2 786
1 4 767
1 3 545
1 -3 966
1 -6 890
1 -8 223
1 2 24
1 -4 30
1 2 107
1 -8 628
1 3 7
1 -6 235
1 -1 209
1 -9 692
1 9 704
1 -4 298
1 8 284
1 -8 840
1 1 936
1 -2 182
1 -10 545
1 -7 327
1 -5 972
1 -8 361
1 -9 137
1 -9 692
1 7 472
1 9 663
1 5 880
1 1 654
1 9 831
1 7 262
1 -1 666
1 3 673
1 6 775
1 2 929
1 -2 943
1 -7 469
1 8 683
1 -5 795
1 -7 325
1 10 84
1 -10 814
1 -10 154
1 -1 714
1 -1 133
1 6 829
1 5 824
1 -10 904
1 9 339
1 10 159
1 -9 819
1 -4 21
1 -1 278
1 -7 170
1 -4 886
1 -8 577
1 7 60
1 1 178
1 5 28
1 1 609
1 10 548
1 6 467
1 -3 728
1 -10 642
1 3 527
1 -4 131
1 2 67
1 -7 503
1 5 227
1 1 275
1 5 814
1 8 166
1 7 46
1 -10 453
1 -5 412
1 7 228
1 -6 763
1 10 164
1 -9 547
1 10 293
1 -2 4
1 -4 179
1 9 988
1 -8 986
1 -4 741
1 -5 957
1 9 605
1 10 292
1 10 109
1 -4 934
1 4 931
1 2 691
1 -8 138
1 2 440
1 -1 764
1 -3 736
1 4 323
1 -2 495
1 6 688
1 -5 501
1 10 993
1 6 13
1 9 545
1 10 790
1 7 630
1 9 478
1 8 172
1 -7 536
1 9 70
1 -8 254
1 5 191
1 -5 330
1 -5 801
1 -3 515
1 -6 312
1 -9 258
1 -10 247
1 -5 214
1 -3 578
1 -8 686
1 -6 407
1 -2 498
1 -7 239
1 1 89
1 8 884
1 -3 781
1 -3 50
1 9 65
1 1 566
1 7 918
1 -3 450
1 10 140
1 -7 330
1 6 193
1 -10 296
1 9 952
1 2 47
1 4 482
1 4 810
1 -2 710
1 6 336
1 -8 137
1 7 736
1 -3 550
1 -10 619
1 -1 223
1 -7 912
1 3 470
1 5 212
1 -2 671
1 6 105
1 6 300
1 -4 408
1 8 191
1 6 902
1 6 672
1 -9 477
1 -2 947
1 -7 148
1 6 370
1 -6 63
1 1 286
1 9 842
1 -1 167
1 7 585
1 1 638
1 5 751
1 -4 407
1 5 541
1 -2 726
1 -2 606
1 -10 986
1 -8 403
1 -9 113
1 7 402
1 10 372
1 5 741
1 -9 44
1 -7 486
1 5 484
1 -6 31
1 -2 642
1 3 70
1 5 189
1 -2 245
1 10 963
1 -10 222
1 -7 459
1 -2 445
1 -6 579
1 -1 961
1 7 42
1 -10 191
1 -8 950
1 7 493
1 -8 191
1 5 763
1 -3 364
1 10 686
1 -2 429
1 -7 412
1 -7 918
1 -8 255
1 -2 74
1 4 113
1 -1 721
1 8 396
1 -10 250
1 -8 799
1 -8 751
1 -10 793
1 -8 111
1 -7 668
1 10 746
1 5 729
1 10 676
1 -3 72
1 7 750
1 -3 576
1 -5 87
1 -10 279
1 -1 702
1 10 748
1 -9 826
1 -5 511
1 6 495
1 -10 233
1 -5 974
1 1 508
1 1 317
1 -10 129
1 -6 637
1 -9 273
1 10 170
1 9 843
1 -8 992
1 9 631
1 4 276
1 -10 865
1 -4 596
1 -8 30
1 -2 455
1 3 616
1 -9 658
1 2 883
1 -10 841
1 -10 423
1 4 460
1 8 347
1 6 972
1 10 754
1 7 713
1 -10 587
1 -8 782
1 -4 267
1 -2 226
1 1 160
1 -2 113
1 8 805
1 -10 498
1 1 821
1 7 341
1 2 879
1 -5 752
1 10 155
1 -4 276
1 -1 392
1 -5 244
1 -5 547
1 8 876
1 4 757
1 -3 391
1 -2 101
1 7 709
1 -10 282
1 7 507
1 1 926
1 -9 397
1 -5 347
1 6 609
1 4 220
1 -5 286
1 -9 746
1 3 994
1 -8 821
1 -3 764
1 5 435
1 5 538
1 -4 624
1 4 387
1 10 48
1 5 149
1 -7 189
1 2 921
1 4 171
1 -8 362
1 9 36
1 3 67
1 -9 817
1 5 917
1 1 469
1 -7 402
1 4 542
1 7 152
1 -1 722
1 -9 278
1 -3 512
1 -10 576
1 -8 477
1 4 694
1 8 509
1 -9 55
1 2 433
1 5 971
1 -8 703
1 7 19
1 -5 948
1 4 633
1 -4 328
1 10 823
1 5 653
1 -4 659
1 1 499
1 3 117
1 -3 703
1 -4 157
1 6 831
1 -1 422
1 -9 507
1 9 380
1 10 907
1 -1 87
1 -5 701
1 2 203
1 -8 206
1 8 704
1 6 390
1 3 480
1 -2 56
1 -7 900
1 -8 132
1 4 588
1 -9 88
1 2 835
1 -1 112
1 -8 138
1 -4 236
1 -7 268
1 -6 119
1 -9 409
1 6 100
1 2 534
1 -2 679
1 -2 257
1 10 366
1 5 985
1 -4 110
1 4 247
1 -9 516
1 8 610
1 9 251
1 -4 970
1 7 326
1 -6 227
1 -7 834
1 3 75
1 -5 680
1 9 10
1 -4 643
1 -5 758
1 -9 531
1 -7 751
1 7 951
1 5 577
1 -7 773
1 10 732
1 -9 918
1 4 63
1 -9 300
1 10 603
1 -7 616
1 6 410
1 -2 795
1 6 445
1 -7 216
1 -2 40
1 10 920
1 -5 329
1 1 979
1 5 661
1 -8 626
1 6 157
1 -7 507
1 -8 123
1 4 239
1 -9 438
1 9 538
1 2 262
1 -3 752
1 -4 567
1 4 110
1 6 616
1 -8 651
1 -5 26
1 1 429
1 7 739
1 10 434
1 1 497
1 3 630
1 1 784
1 2 908
1 -8 677
1 -7 466
1 7 198
1 -8 600
1 -3 261
1 -2 912
1 -3 649
1 -8 151
1 7 738
1 -5 723
1 -5 811
1 3 525
1 -4 810
1 -1 125
1 -10 889
1 3 326
1 6 218
1 -4 851
1 10 623
1 3 998
1 -10 843
1 7 731
1 -3 647
1 -9 620
1 -8 760
1 -4 576
1 7 757
1 4 354
1 -2 6
1 -2 501
1 4 586
1 1 789
1 -1 217
1 2 606
1 9 386
1 7 979
1 8 500
1 2 120
1 -4 847
1 3 40
1 -6 255
1 4 13
1 -9 610
1 -1 174
1 -7 202
1 -2 747
1 5 573
1 -2 299
1 -10 134
1 8 856
1 -4 930
1 -10 879
1 -5 128
1 9 721
1 3 180
1 -9 167
1 -8 129
1 -4 637
1 10 876
1 8 990
1 6 975
1 2 308
1 7 214
1 -4 346
1 -5 912
1 1 964
1 -9 573
1 -10 850
1 -8 133
1 8 851
1 10 997
1 3 609
1 10 437
1 6 600
1 4 156
1 1 106
1 -5 971
1 -8 48
1 6 679
1 9 76
1 5 155
1 -1 993
1 7 685
1 4 576
1 -8 326
1 -3 350
1 -10 987
1 -2 378
1 5 251
1 -7 486
1 -10 506
1 5 281
1 4 230
1 -5 399
1 -10 956
1 -6 713
1 -4 760
1 10 743
1 -2 558
1 -7 484
1 7 849
1 4 46
1 -10 216
1 -1 497
1 4 119
1 -2 329
1 2 197
1 -6 972
1 5 596
1 10 737
1 9 782
1 -6 152
1 7 707
1 9 746
1 4 655
1 5 322
1 7 296
1 8 908
1 -2 304
1 5 784
1 -6 792
1 7 507
1 10 932
1 3 154
1 10 527
1 3 271
1 4 996
1 8 393
1 6 557
1 -2 669
1 -1 402
1 2 360
1 -5 976
1 -3 602
1 -8 198
1 5 237
1 -3 281
1 -8 322
1 -9 642
1 7 968
