1000
1 -4 379
1 10 641
1 -10 621
1 1 266
1 -9 197
1 8 407
1 -3 651
1 3 760
1 -1 164
1 -10 309
1 1 485
1 10 732
1 7 746
1 10 988
1 3 100
1 -1 507
1 4 989
1 7 432
1 9 588
1 6 599
1 4 699
1 1 621
1 3 988
1 -9 731
1 4 292
1 -2 494
1 -8 353
1 2 919
1 -3 301
1 7 894
1 -2 620
1 -10 387
1 10 565
1 -5 37
1 -5 79
1 -2 972
1 4 299
1 10 160
1 1 322
1 -6 919
1 7 472
1 9 660
1 -10 636
1 9 442
1 4 448
1 5 562
1 -6 808
1 7 21
1 -7 62
1 6 362
1 6 756
1 -8 604
1 -1 987
1 6 644
1 8 607
1 10 182
1 -6 321
1 6 308
1 -7 791
1 -1 318
1 -9 670
1 -5 336
1 3 666
1 -2 616
1 6 692
1 4 830
1 -3 345
1 4 278
1 -4 35
1 -9 323
1 -10 885
1 5 827
1 2 604
1 3 299
1 9 476
1 6 298
1 7 37
1 -7 205
1 1 966
1 10 573
1 -4 764
1 8 557
1 -6 883
1 2 123
1 -4 36
1 -9 919
1 -7 14
1 -8 176
1 9 245
1 1 55
1 -10 350
1 3 996
1 9 832
1 1 227
1 -4 548
1 -2 246
1 -5 844
1 1 644
1 10 52
1 -5 276
1 10 53
1 8 796
1 -1 794
1 -3 128
1 -1 495
1 -1 528
1 9 324
1 3 74
1 6 663
1 7 370
1 -5 337
1 -7 131
1 -9 734
1 -7 581
1 -3 383
1 8 652
1 1 55
1 6 779
1 6 974
1 7 19
1 -4 549
1 -5 823
1 -7 437
1 -3 959
1 6 993
1 9 125
1 -8 962
1 9 684
1 2 578
1 -9 832
1 -10 485
1 -3 793
1 -7 540
1 -2 676
1 -7 840
1 1 862
1 -2 865
1 2 857
1 5 818
1 -2 786
1 -10 110
1 -9 957
1 -9 564
1 -6 848
1 -2 185
1 4 631
1 7 377
1 10 962
1 6 990
1 2 513
1 4 864
1 3 708
1 10 160
1 -7 167
1 2 767
1 8 601
1 -3 274
1 -4 600
1 9 958
1 4 688
1 7 911
1 4 24
1 5 824
1 -7 177
1 10 245
1 6 793
1 3 715
1 -8 480
1 -10 493
1 2 802
1 1 933
1 -4 664
1 -2 875
1 -5 912
1 4 141
1 -3 922
1 -5 886
1 1 188
1 -7 747
1 -2 95
1 5 37
1 6 595
1 -6 31
1 6 447
1 7 80
1 4 401
1 3 123
1 -5 682
1 -7 449
1 9 100
1 9 695
1 6 303
1 -5 773
1 -6 683
1 8 61
1 -5 662
1 -3 380
1 -8 111
1 -9 943
1 6 569
1 -5 469
1 8 801
1 -3 110
1 3 368
1 2 278
1 -7 894
1 -3 491
1 9 254
1 9 897
1 6 459
1 -9 362
1 -8 156
1 -5 698
1 -2 190
1 4 687
1 -7 607
1 -10 881
1 -7 558
1 -9 583
1 -3 890
1 5 801
1 -5 863
1 8 973
1 7 566
1 10 649
1 8 918
1 -8 616
1 -4 111
1 4 178
1 9 204
1 -4 38
1 9 115
1 10 983
1 -3 479
1 -2 27
1 -6 519
1 2 552
1 1 331
1 6 712
1 -3 879
1 -10 734
1 2 827
1 -4 883
1 4 716
1 4 324
1 -2 419
1 -2 723
1 3 510
1 -8 551
1 -7 665
1 8 24
1 8 776
1 7 185
1 -8 737
1 5 870
1 6 543
1 6 230
1 -1 265
1 -6 876
1 -8 163
1 -4 175
1 10 516
1 -3 143
1 -2 454
1 -8 62
1 1 459
1 6 34
1 -1 413
1 1 506
1 -1 248
1 2 486
1 -4 341
1 -10 355
1 -2 827
1 5 807
1 8 501
1 4 31
1 6 325
1 -2 699
1 -7 607
1 -10 108
1 -1 20
1 -3 494
1 -1 671
1 9 206
1 8 823
1 8 963
1 1 313
1 10 90
1 -5 871
1 -7 520
1 7 550
1 -7 858
1 7 946
1 3 821
1 7 235
1 8 354
1 -5 520
1 10 973
1 -8 158
1 -3 843
1 -8 777
1 2 243
1 -10 900
1 -10 461
1 8 379
1 -1 200
1 -7 347
1 10 113
1 -8 842
1 -4 705
1 -1 958
1 -3 115
1 4 991
1 -4 872
1 9 518
1 10 808
1 -9 479
1 -3 43
1 -2 880
1 -2 966
1 -5 112
1 8 229
1 -10 658
1 8 413
1 10 797
1 2 856
1 10 835
1 -7 120
1 -9 476
1 -5 350
1 -6 497
1 2 434
1 -2 256
1 -6 344
1 4 450
1 2 224
1 -6 768
1 -4 896
1 10 954
1 9 377
1 4 496
1 7 602
1 1 981
1 -1 914
1 -2 740
1 3 516
1 -9 655
1 -8 200
1 4 504
1 -7 354
1 -8 765
1 -5 106
1 8 931
1 7 80
1 -4 500
1 5 826
1 -6 442
1 5 486
1 -9 369
1 5 31
1 8 909
1 6 766
1 -4 15
1 -3 549
1 -1 973
1 -1 209
1 8 989
1 -6 502
1 -3 14
1 5 927
1 -6 618
1 -9 461
1 5 254
1 8 741
1 5 46
1 1 39
1 -3 977
1 3 522
1 -6 287
1 -1 47
1 1 659
1 1 479
1 9 380
1 -9 301
1 -3 701
1 -3 418
1 6 466
1 5 464
1 -5 592
1 -6 535
1 1 498
1 4 954
1 10 32
1 -6 500
1 3 805
1 -5 446
1 2 35
1 9 918
1 -8 319
1 -6 670
1 7 324
1 1 220
1 1 326
1 10 569
1 -5 135
1 7 424
1 2 236
1 -4 715
1 -9 761
1 -2 965
1 -5 442
1 5 473
1 5 560
1 -9 179
1 4 981
1 -3 154
1 3 691
1 -7 146
1 -7 185
1 3 195
1 -3 50
1 -9 548
1 4 798
1 2 400
1 -3 288
1 -2 118
1 3 130
1 7 961
1 -10 957
1 -4 962
1 -6 490
1 -4 363
1 9 107
1 6 22
1 6 583
1 7 551
1 9 453
1 3 853
1 -7 775
1 10 956
1 3 987
1 3 273
1 -4 55
1 -10 420
1 -10 118
1 -10 162
1 2 583
1 6 95
1 8 334
1 -3 331
1 8 653
1 6 720
1 10 883
1 6 1000
1 5 187
1 -2 750
1 -6 290
1 7 464
1 3 343
1 -9 636
1 9 633
1 -1 428
1 7 61
1 4 394
1 -4 376
1 -9 57
1 9 906
1 2 750
1 7 13
1 5 518
1 6 450
1 -6 599
1 -8 332
1 -4 380
1 -2 143
1 -2 329
1 7 202
1 -1 552
1 6 756
1 -6 452
1 -6 522
1 -7 487
1 3 294
1 -9 121
1 -3 442
1 1 392
1 1 853
1 3 281
1 3 209
1 9 601
1 5 294
1 -2 66
1 8 68
1 1 492
1 -7 847
1 6 903
1 -10 906
1 -6 664
1 -7 54
1 -9 925
1 -9 588
1 -2 238
1 8 292
1 6 678
1 -9 208
1 10 351
1 -10 596
1 9 635
1 9 323
1 -10 458
1 1 879
1 -5 506
1 -4 843
1 2 123
1 9 863
1 4 191
1 1 511
1 4 902
1 -1 411
1 6 229
1 3 257
1 6 55
1 -6 213
1 4 453
1 -3 252
1 -8 221
1 -6 180
1 9 613
1 9 613
1 3 453
1 -6 81
1 9 502
1 -1 275
1 9 703
1 -8 399
1 9 355
1 7 777
1 -3 735
1 7 886
1 3 111
1 -6 872
1 5 645
1 -9 884
1 8 505
1 1 844
1 -4 719
1 9 599
1 5 421
1 -5 434
1 9 433
1 8 581
1 -3 303
1 4 731
1 2 568
1 3 938
1 -8 555
1 7 201
1 7 110
1 1 719
1 -4 518
1 -3 104
1 -9 946
1 7 407
1 -5 492
1 5 236
1 -5 217
1 2 381
1 -7 269
1 -6 272
1 -10 683
1 -4 265
1 6 925
1 -2 890
1 -3 231
1 8 998
1 2 849
1 -3 44
1 8 522
1 3 922
1 8 517
1 10 824
1 7 303
1 9 600
1 -7 48
1 -1 442
1 -1 810
1 -3 869
1 6 45
1 9 208
1 -2 223
1 2 439
1 -5 120
1 9 685
1 -10 266
1 -3 640
1 -2 98
1 -1 645
1 9 726
1 8 270
1 -3 72
1 5 175
1 -1 345
1 9 855
1 -6 46
1 4 12
1 9 959
1 -6 452
1 -8 820
1 1 221
1 -4 426
1 -7 405
1 -6 559
1 -10 297
1 -2 416
1 1 229
1 4 583
1 9 656
1 10 679
1 4 653
1 -5 183
1 -8 291
1 -10 450
1 -9 316
1 -9 232
1 6 126
1 2 70
1 -8 759
1 -7 12
1 1 637
1 -1 726
1 9 928
1 -1 353
1 5 837
1 8 308
1 -5 317
1 -10 416
1 -1 988
1 -4 86
1 3 544
1 -9 646
1 -3 985
1 -5 508
1 2 693
1 -8 432
1 6 445
1 8 617
1 1 313
1 8 806
1 8 211
1 -6 667
1 5 980
1 7 772
1 4 615
1 -1 599
1 1 248
1 -7 327
1 -2 936
1 9 262
1 7 579
1 10 387
1 -7 374
1 7 926
1 7 539
1 -4 234
1 -4 658
1 -7 619
1 7 490
1 7 628
1 4 405
1 -1 937
1 -1 580
1 -2 406
1 -9 125
1 -2 970
1 -5 929
1 7 149
1 -3 708
1 7 324
1 -8 261
1 -9 605
1 6 566
1 -7 1000
1 2 204
1 -2 910
1 -7 876
1 4 235
1 2 572
1 -5 854
1 -9 574
1 -7 520
1 -5 957
1 3 840
1 -10 811
1 5 209
1 -5 353
1 -4 937
1 -9 466
1 7 58
1 9 272
1 10 849
1 -9 462
1 4 358
1 -2 432
1 7 815
1 -10 257
1 -2 26
1 3 353
1 -10 229
1 -6 117
1 -6 417
1 6 21
1 8 798
1 -8 495
1 -1 802
1 3 868
1 8 392
1 -9 867
1 8 485
1 6 750
1 1 491
1 10 549
1 -8 484
1 2 191
1 -4 676
1 -3 755
1 5 81
1 -6 860
1 4 899
1 -1 389
1 -3 657
1 9 357
1 -8 472
1 -7 112
1 -2 207
1 2 86
1 -6 819
1 -4 733
1 -8 127
1 -9 335
1 8 785
1 -6 881
1 -4 223
1 10 132
1 6 532
1 9 686
1 -8 635
1 5 80
1 -4 558
1 6 826
1 -7 533
1 9 299
1 6 785
1 3 382
1 -2 951
1 7 609
1 8 989
1 9 841
1 -4 641
1 -6 616
1 6 970
1 1 543
1 10 633
1 8 796
1 4 90
1 2 802
1 8 729
1 -3 875
1 -5 983
1 9 1
1 -3 641
1 4 692
1 -10 297
1 -6 833
1 -9 2
1 6 309
1 -8 935
1 6 183
1 8 319
1 9 352
1 -4 207
1 -9 373
1 -9 356
1 -1 39
1 -8 335
1 -2 872
1 -6 488
1 -9 12
1 -9 696
1 -6 585
1 -5 358
1 6 153
1 8 687
1 -7 475
1 -7 955
1 -10 999
1 5 313
1 -6 9
1 -3 418
1 1 706
1 -7 704
1 2 44
1 5 189
1 7 901
1 -7 951
1 4 992
1 -9 767
1 7 711
1 6 630
1 -3 373
1 -1 665
1 3 270
1 -4 584
1 8 905
1 3 854
1 5 778
1 10 95
1 4 669
1 -2 894
1 10 846
1 6 311
1 7 158
1 -6 293
1 6 745
1 -4 749
1 -7 668
1 -4 383
1 10 460
1 -4 764
1 -2 673
1 10 874
1 1 320
1 10 129
1 -9 264
1 3 788
1 7 537
1 -4 693
1 10 86
1 4 13
1 10 893
1 1 444
1 2 323
1 7 364
1 10 877
1 2 996
1 -4 699
1 5 790
1 2 558
1 -2 605
1 9 285
1 4 886
1 -7 78
1 -10 152
1 -4 670
1 -2 364
1 -3 173
1 7 24
1 2 213
1 7 800
1 -4 48
1 -2 575
1 -5 188
1 -8 90
1 -6 906
1 -8 146
1 -4 660
1 8 415
1 -1 637
1 5 902
1 -2 164
1 -10 460
1 -2 900
1 -2 858
1 3 715
1 4 960
1 1 92
1 -8 515
1 -8 124
1 -7 232
1 9 101
1 3 820
1 -7 617
1 -7 853
1 4 888
1 -3 79
1 -8 831
1 -3 332
1 10 482
1 8 79
1 2 607
1 -10 22
1 6 37
1 -2 266
1 -2 883
1 5 647
1 1 732
1 -7 258
1 -6 865
1 9 210
1 2 802
1 10 560
1 -7 399
1 -5 706
1 -10 502
1 -9 399
1 -5 630
1 9 699
1 -4 227
1 9 475
1 -5 157
1 -10 247
1 3 382
1 7 761
1 8 416
1 9 810
1 -5 729
1 10 901
1 -2 939
1 7 267
1 8 100
1 4 858
1 10 167
1 2 733
1 -8 728
1 8 22
1 10 695
1 -5 141
1 -10 741
1 -1 490
1 7 628
1 7 803
1 -1 774
1 1 984
1 7 108
1 -4 856
1 3 116
1 10 931
1 -6 318
1 -6 665
1 10 503
1 -6 210
1 -7 902
1 -5 85
1 4 595
1 -8 490
1 -7 386
1 1 463
1 -9 683
1 -7 157
1 -7 70
1 -2 254
1 -1 708
1 6 457
1 -9 424
1 -4 349
1 2 670
1 4 179
1 -6 914
1 6 571
1 -6 930
1 3 87
1 -6 360
1 -4 895
1 3 568
1 5 533
1 -5 408
1 -2 107
1 -2 258
1 -6 178
1 -3 720
1 -3 352
1 -6 78
1 3 736
1 -1 809
1 5 49
1 6 924
1 6 551
1 5 798
1 10 582
1 2 724
1 4 593
1 -8 581
1 8 729
1 4 831
1 2 1000
1 2 693
1 3 680
1 -3 341
1 1 3
1 4 379
1 -5 617
1 -8 153
1 6 610
1 -9 716
1 5 435
1 2 239
1 -10 262
1 -10 866
1 -3 500
1 8 880
