1000
1 -1 87
1 -6 754
1 5 621
1 -4 596
1 3 654
1 7 558
1 8 923
1 -1 373
1 8 930
1 7 914
1 -9 574
1 -3 237
1 -1 333
1 -3 523
1 9 527
1 -9 916
1 8 753
1 9 809
1 10 371
1 -8 978
1 7 671
1 -9 502
1 5 513
1 9 678
1 8 360
1 10 499
1 4 835
1 3 792
1 8 311
1 9 320
1 4 525
1 -6 804
1 -6 930
1 -4 61
1 -10 280
1 -10 699
1 -2 875
1 -5 845
1 -4 434
1 -1 372
1 -6 256
1 -1 118
1 -2 42
1 1 262
1 -3 753
1 -3 395
1 -10 814
1 -4 995
1 -1 353
1 -10 293
1 6 32
1 5 565
1 -10 924
1 5 884
1 -10 485
1 -4 677
1 -6 25
1 -8 531
1 10 499
1 9 148
1 6 269
1 10 669
1 -1 687
1 1 35
1 -3 175
1 2 651
1 -4 253
1 4 76
1 -5 606
1 4 263
1 7 539
1 -1 37
1 7 165
1 -2 247
1 -2 21
1 -3 108
1 -4 534
1 8 318
1 9 218
1 4 436
1 -9 596
1 -10 903
1 -7 943
1 2 375
1 -1 626
1 6 707
1 6 20
1 -7 108
1 -5 861
1 1 62
1 7 475
1 -4 6
1 -5 382
1 -5 225
1 -8 119
1 10 402
1 -8 772
1 6 909
1 2 125
1 -2 632
1 6 983
1 -4 26
1 10 796
1 1 298
1 6 145
1 6 496
1 9 737
1 7 857
1 5 238
1 3 611
1 5 713
1 -2 73
1 -6 559
1 3 920
1 -2 934
1 -1 998
1 5 238
1 6 177
1 9 115
1 3 99
1 -6 733
1 9 174
1 3 971
1 4 896
1 -6 478
1 -8 830
1 10 903
1 3 523
1 1 281
1 7 728
1 7 369
1 9 731
1 -2 546
1 -10 413
1 -7 321
1 8 666
1 -3 18
1 -7 747
1 10 928
1 -4 400
1 -9 281
1 -10 502
1 -10 9
1 10 494
1 -5 479
1 -4 359
1 1 546
1 2 948
1 6 274
1 9 29
1 2 178
1 7 692
1 -3 167
1 8 476
1 -5 11
1 5 991
1 1 35
1 9 578
1 -8 892
1 5 665
1 3 707
1 9 79
1 5 312
1 6 670
1 -7 521
1 4 611
1 -9 818
1 -9 316
1 -1 973
1 -8 536
1 -5 981
1 -2 692
1 7 219
1 6 80
1 6 372
1 3 453
1 5 917
1 3 655
1 4 335
1 -3 910
1 4 195
1 -6 365
1 -3 239
1 5 410
1 6 900
1 10 761
1 7 545
1 -10 377
1 5 496
1 3 981
1 6 489
1 -2 323
1 -7 992
1 -1 360
1 3 79
1 -7 556
1 -6 845
1 10 555
1 5 654
1 3 324
1 4 98
1 -3 340
1 -5 431
1 6 92
1 -6 253
1 -4 345
1 -6 883
1 -3 872
1 2 455
1 -5 329
1 -9 347
1 10 234
1 1 785
1 8 635
1 -6 603
1 9 411
1 -8 422
1 7 48
1 2 606
1 -3 960
1 -9 80
1 7 469
1 1 109
1 -6 178
1 -1 438
1 2 995
1 -8 879
1 -8 67
1 -8 573
1 -1 713
1 -9 50
1 -4 842
1 9 699
1 -9 144
1 6 2
1 -3 253
1 2 217
1 -1 642
1 7 638
1 -7 524
1 -2 643
1 -4 387
1 4 349
1 -7 438
1 3 322
1 -5 576
1 2 279
1 5 287
1 4 720
1 -3 32
1 -10 218
1 4 594
1 -1 641
1 1 720
1 -8 755
1 -4 613
1 -6 706
1 -4 144
1 -9 782
1 2 645
1 -5 162
1 6 871
1 -9 423
1 -7 467
1 -5 652
1 -5 220
1 7 268
1 9 608
1 -9 441
1 -3 806
1 8 994
1 6 485
1 10 630
1 4 456
1 4 871
1 10 317
1 -2 379
1 10 228
1 -10 699
1 -5 549
1 -5 13
1 -1 321
1 1 547
1 5 843
1 -8 430
1 -8 290
1 -10 218
1 -3 622
1 -7 649
1 10 937
1 -5 508
1 -8 155
1 10 870
1 -4 634
1 6 537
1 -7 660
1 -4 268
1 -4 966
1 10 845
1 -7 994
1 8 405
1 8 292
1 -4 230
1 -1 618
1 -9 56
1 7 412
1 4 104
1 6 533
1 -8 722
1 -8 287
1 -1 491
1 -1 665
1 -3 330
1 -4 631
1 3 966
1 -2 695
1 3 725
1 -3 318
1 9 485
1 1 783
1 -6 621
1 -6 624
1 6 815
1 5 918
1 -5 27
1 1 445
1 1 689
1 -9 883
1 2 439
1 -7 810
1 -3 629
1 -1 608
1 -6 302
1 -1 992
1 -4 413
1 2 114
1 -10 249
1 -4 106
1 1 82
1 9 596
1 -4 539
1 9 438
1 -3 438
1 3 753
1 -6 998
1 -10 529
1 8 614
1 -8 508
1 -10 874
1 -6 24
1 -5 155
1 7 453
1 8 193
1 7 276
1 4 769
1 1 637
1 1 310
1 1 583
1 5 254
1 8 374
1 9 930
1 -4 472
1 5 430
1 -2 765
1 -7 444
1 10 640
1 9 93
1 7 632
1 6 170
1 -3 681
1 3 462
1 -8 417
1 5 585
1 7 663
1 5 684
1 1 607
1 -1 466
1 -2 11
1 6 620
1 6 183
1 -6 540
1 10 412
1 -10 456
1 -2 353
1 1 506
1 -3 10
1 6 490
1 -10 897
1 -8 229
1 10 170
1 6 800
1 7 477
1 -5 516
1 4 248
1 6 821
1 -3 553
1 -10 215
1 10 244
1 7 602
1 -4 2
1 7 758
1 -6 694
1 -4 865
1 -8 810
1 -3 721
1 -4 637
1 2 798
1 -4 280
1 -7 11
1 -6 313
1 1 484
1 -7 78
1 -8 147
1 -8 274
1 3 551
1 2 294
1 -1 80
1 -7 191
1 10 476
1 -4 714
1 6 803
1 -1 234
1 10 651
1 -5 871
1 -4 834
1 -4 331
1 2 107
1 -6 517
1 -10 360
1 3 751
1 4 567
1 -1 349
1 -3 882
1 -9 141
1 8 694
1 6 679
1 5 66
1 -3 8
1 -2 361
1 3 795
1 -10 92
1 -4 825
1 -6 897
1 3 216
1 -7 854
1 6 948
1 8 947
1 -3 673
1 -1 702
1 -7 432
1 4 631
1 -9 89
1 -9 204
1 -10 551
1 -6 515
1 -4 695
1 8 467
1 2 238
1 1 110
1 -7 577
1 2 362
1 -9 346
1 -7 45
1 -3 983
1 -3 402
1 -3 661
1 5 475
1 -1 433
1 -1 854
1 -1 445
1 -1 815
1 7 868
1 -3 275
1 5 584
1 4 317
1 10 511
1 8 785
1 5 178
1 7 810
1 10 540
1 7 553
1 -2 262
1 7 742
1 2 537
1 -5 989
1 4 835
1 -2 217
1 -7 996
1 -9 520
1 -7 887
1 2 834
1 -8 772
1 -9 755
1 -6 226
1 -9 447
1 -9 920
1 7 239
1 3 811
1 -4 588
1 4 565
1 5 163
1 1 525
1 -1 802
1 -8 568
1 6 751
1 1 344
1 3 49
1 4 264
1 8 692
1 9 49
1 -6 428
1 -4 393
1 -8 433
1 -5 673
1 -3 430
1 -2 22
1 1 220
1 10 442
1 10 106
1 -1 211
1 -1 159
1 1 262
1 -2 659
1 -10 952
1 6 109
1 -7 422
1 -1 223
1 3 557
1 1 105
1 -4 49
1 -4 697
1 -3 175
1 -2 661
1 4 339
1 -2 650
1 -3 109
1 6 709
1 -3 219
1 7 4
1 -2 839
1 10 669
1 6 555
1 -5 784
1 -5 487
1 -9 623
1 10 294
1 10 610
1 -7 975
1 -9 662
1 -10 946
1 -10 67
1 -8 622
1 3 31
1 3 195
1 8 536
1 3 965
1 -4 347
1 6 448
1 -3 604
1 5 825
1 -6 748
1 -1 118
1 4 58
1 -8 212
1 -4 34
1 -1 397
1 2 577
1 10 642
1 -9 771
1 -1 128
1 -4 83
1 5 117
1 3 202
1 -10 181
1 -1 685
1 2 479
1 -1 862
1 4 689
1 -2 915
1 -5 173
1 -4 433
1 5 120
1 -5 894
1 6 225
1 -10 203
1 8 116
1 8 672
1 -6 471
1 1 471
1 4 567
1 1 276
1 2 296
1 5 246
1 -3 891
1 -2 284
1 -9 400
1 -7 693
1 -3 62
1 -4 845
1 -5 161
1 8 691
1 2 566
1 -10 106
1 7 251
1 -1 789
1 -5 840
1 -4 702
1 8 463
1 -1 318
1 -7 840
1 -7 466
1 -8 572
1 3 632
1 -3 529
1 -3 343
1 1 643
1 7 1000
1 -10 69
1 -10 145
1 10 721
1 -6 914
1 -4 196
1 -6 14
1 8 620
1 -3 609
1 -7 330
1 -3 108
1 5 351
1 8 477
1 4 564
1 -1 768
1 -10 418
1 7 628
1 8 428
1 1 29
1 -1 624
1 -6 222
1 2 302
1 -6 114
1 6 185
1 3 270
1 8 302
1 10 532
1 10 443
1 -7 405
1 -2 110
1 6 496
1 -10 763
1 7 463
1 10 941
1 -8 561
1 8 647
1 -7 621
1 -2 177
1 -5 299
1 1 797
1 5 720
1 4 828
1 9 621
1 7 278
1 1 187
1 -5 204
1 -1 189
1 6 584
1 4 910
1 -7 23
1 -1 255
1 -7 389
1 -5 282
1 4 988
1 1 849
1 7 73
1 4 971
1 3 411
1 8 835
1 -10 438
1 -8 646
1 8 214
1 8 29
1 5 932
1 5 223
1 10 52
1 -2 859
1 -3 351
1 -5 671
1 -4 106
1 9 543
1 8 519
1 -3 235
1 2 538
1 8 465
1 9 289
1 3 456
1 1 803
1 9 188
1 4 533
1 7 455
1 3 375
1 -7 164
1 -6 598
1 10 348
1 -9 821
1 -5 795
1 -5 653
1 -10 16
1 9 8
1 -9 12
1 2 174
1 -7 614
1 10 884
1 7 160
1 -10 702
1 9 940
1 1 806
1 -3 253
1 2 217
1 -6 81
1 -5 99
1 5 99
1 -2 723
1 -7 432
1 -10 837
1 -8 75
1 -3 375
1 -4 366
1 8 831
1 -5 458
1 9 557
1 -10 28
1 -9 337
1 -9 241
1 -4 784
1 7 296
1 3 677
1 1 513
1 -8 983
1 5 532
1 -10 952
1 3 609
1 -6 720
1 7 958
1 -7 89
1 8 486
1 -1 256
1 6 331
1 10 612
1 5 601
1 7 718
1 -3 196
1 -4 107
1 -1 430
1 2 559
1 -8 321
1 -7 789
1 -1 414
1 -7 191
1 9 792
1 -3 115
1 -3 220
1 -4 352
1 -1 345
1 -1 342
1 1 249
1 -3 756
1 4 51
1 9 311
1 -8 187
1 -10 84
1 -6 491
1 -10 776
1 -7 233
1 7 636
1 -8 250
1 -8 987
1 -10 159
1 1 450
1 6 490
1 8 136
1 10 597
1 8 903
1 -2 24
1 -7 328
1 1 800
1 -1 591
1 3 659
1 -6 95
1 -5 843
1 -2 577
1 -4 905
1 -5 732
1 1 359
1 2 508
1 -8 778
1 -10 778
1 4 740
1 5 191
1 10 352
1 2 945
1 -5 76
1 2 526
1 -8 691
1 3 371
1 5 528
1 -1 688
1 10 722
1 -9 278
1 5 151
1 1 130
1 7 895
1 2 418
1 6 325
1 -8 313
1 7 71
1 2 143
1 -3 957
1 7 966
1 9 839
1 1 760
1 -1 205
1 -1 462
1 -8 251
1 -9 654
1 -9 802
1 -5 212
1 9 224
1 5 974
1 -2 502
1 -1 258
1 -5 914
1 1 535
1 5 451
1 -9 355
1 10 226
1 -5 57
1 6 18
1 -10 459
1 2 18
1 9 341
1 3 325
1 10 712
1 10 277
1 3 313
1 1 663
1 6 920
1 9 675
1 -3 853
1 3 579
1 7 574
1 -8 775
1 10 702
1 8 124
1 9 307
1 -2 923
1 10 744
1 -1 998
1 10 642
1 4 207
1 8 706
1 8 988
1 6 341
1 1 248
1 -8 667
1 9 701
1 -10 113
1 -7 407
1 10 165
1 10 934
1 -6 397
1 7 61
1 -5 250
1 9 302
1 -1 934
1 -6 382
1 5 718
1 -7 153
1 -10 660
1 9 578
1 -8 198
1 7 553
1 -9 953
1 -2 445
1 5 332
1 -5 641
1 9 87
1 -2 15
1 -8 418
1 -10 684
1 -10 801
1 6 560
1 8 284
1 -1 921
1 1 903
1 -9 140
1 10 486
1 7 175
1 4 402
1 -7 428
1 -7 966
1 7 575
1 3 545
1 -9 720
1 -6 381
1 -10 911
1 -2 693
1 -10 475
1 5 796
1 -2 607
1 -6 498
1 10 754
1 -5 200
1 5 190
1 4 743
1 -5 885
1 -6 380
1 5 320
1 8 793
1 -5 929
1 10 171
1 5 642
1 -6 875
1 8 142
1 6 29
1 4 578
1 -1 687
1 -2 95
1 -1 208
1 -3 361
1 9 86
1 2 698
1 4 949
1 -5 636
1 -7 165
1 -6 312
1 7 446
1 -4 814
1 7 995
1 -5 407
1 -7 212
1 2 498
1 -2 97
1 4 189
1 -4 938
1 -6 355
1 1 985
1 -4 854
1 -5 916
1 1 487
1 10 694
1 3 763
1 -3 35
1 4 452
1 2 998
1 -3 610
1 5 789
1 -5 551
1 -9 853
1 9 784
1 3 155
1 9 402
1 -10 940
1 -3 725
1 5 791
1 -10 241
1 7 185
1 4 665
1 9 77
1 5 652
1 -5 439
1 5 955
1 -5 685
1 5 794
1 10 52
1 10 194
1 2 828
1 -6 267
1 9 532
1 2 302
1 -4 94
1 -10 434
1 -3 781
1 3 930
1 8 916
1 -9 677
1 7 945
1 -2 470
1 3 245
1 9 934
1 7 661
1 4 820
1 -8 848
1 -5 49
1 6 548
1 4 51
1 8 84
1 6 669
1 -10 158
1 -2 950
1 -4 455
1 5 197
1 -10 179
