1000
1 -3 262
1 2 780
1 8 668
1 -7 97
1 -8 915
1 7 623
1 1 273
1 -4 924
1 -6 23
1 -1 962
1 -7 993
1 -7 541
1 4 962
1 -8 354
1 -4 780
1 8 949
1 1 858
1 -9 191
1 -5 761
1 6 520
1 4 291
1 10 867
1 9 604
1 1 249
1 7 681
1 3 562
1 -6 450
1 -9 798
1 3 380
1 -8 481
1 1 721
1 10 663
1 -3 515
1 -4 790
1 -4 415
1 9 976
1 10 471
1 -5 393
1 -9 532
1 -9 437
1 1 891
1 -6 964
1 9 497
1 6 355
1 1 470
1 -10 824
1 -4 564
1 -10 882
1 2 34
1 -2 889
1 1 15
1 -5 276
1 -2 353
1 -5 172
1 3 541
1 3 664
1 5 720
1 6 486
1 -2 320
1 7 432
1 4 112
1 -5 989
1 10 837
1 -1 19
1 -7 37
1 3 722
1 9 558
1 4 229
1 -9 405
1 10 676
1 -7 756
1 -5 992
1 -4 314
1 -2 318
1 -5 427
1 10 134
1 -1 605
1 4 176
1 -10 388
1 4 102
1 4 606
1 4 107
1 7 517
1 -8 334
1 10 922
1 -5 161
1 4 831
1 -10 348
1 -7 273
1 2 955
1 9 937
1 9 787
1 -9 67
1 -1 137
1 -3 933
1 -9 275
1 6 377
1 6 117
1 -5 889
1 10 139
1 -10 329
1 1 75
1 -7 849
1 3 118
1 10 79
1 -10 580
1 2 374
1 -5 469
1 -5 806
1 1 13
1 -10 94
1 -7 846
1 -1 246
1 10 166
1 2 172
1 -4 762
1 2 933
1 7 564
1 5 323
1 -2 668
1 -6 28
1 1 744
1 10 461
1 7 409
1 -2 936
1 6 115
1 -5 804
1 10 678
1 6 188
1 -9 315
1 -4 370
1 2 92
1 -8 668
1 10 964
1 4 990
1 -5 336
1 3 812
1 10 252
1 -6 558
1 -10 251
1 -4 828
1 4 75
1 -5 747
1 -2 651
1 1 769
1 6 481
1 -3 514
1 -6 522
1 -3 795
1 -3 842
1 6 110
1 9 130
1 -4 559
1 1 841
1 -10 183
1 5 551
1 -3 732
1 4 797
1 2 828
1 7 555
1 8 12
1 7 176
1 5 25
1 -7 64
1 -6 608
1 -3 266
1 5 578
1 -7 628
1 -2 498
1 -1 542
1 6 953
1 -4 321
1 8 980
1 4 346
1 9 996
1 -4 944
1 2 164
1 -9 320
1 5 870
1 9 170
1 -8 877
1 2 181
1 3 437
1 -4 507
1 7 394
1 -9 558
1 -1 828
1 -5 274
1 -2 993
1 -10 456
1 4 963
1 7 169
1 6 130
1 10 983
1 -4 442
1 10 932
1 2 285
1 4 768
1 -9 983
1 4 593
1 -1 643
1 -10 856
1 -5 178
1 -5 556
1 4 319
1 10 853
1 -8 559
1 6 431
1 -2 585
1 -7 291
1 -2 121
1 -10 559
1 -5 77
1 9 587
1 5 516
1 6 1
1 2 736
1 8 313
1 9 348
1 10 116
1 7 209
1 -9 285
1 -10 946
1 8 960
1 -5 461
1 -10 369
1 -9 695
1 7 994
1 7 882
1 -10 505
1 4 645
1 1 739
1 3 802
1 -5 786
1 -2 358
1 5 895
1 9 156
1 8 497
1 3 523
1 1 523
1 2 72
1 -6 673
1 -8 169
1 -9 708
1 2 652
1 5 214
1 -9 243
1 6 71
1 2 480
1 -9 173
1 5 365
1 -10 402
1 9 177
1 8 888
1 10 734
1 4 987
1 -10 865
1 1 325
1 -7 805
1 -5 75
1 3 596
1 3 471
1 -9 142
1 3 370
1 5 247
1 -2 736
1 -5 109
1 4 330
1 -8 979
1 -3 57
1 -10 911
1 -4 507
1 9 351
1 -5 628
1 -3 228
1 -7 507
1 8 769
1 -3 242
1 5 561
1 10 217
1 8 339
1 -8 932
1 -4 48
1 -1 879
1 8 911
1 7 941
1 4 164
1 -3 16
1 -7 898
1 -9 579
1 7 134
1 2 668
1 -5 37
1 -9 538
1 -3 956
1 -5 443
1 -2 29
1 -8 763
1 -5 679
1 8 338
1 5 658
1 -4 62
1 -10 359
1 -7 927
1 6 552
1 4 942
1 2 762
1 -10 258
1 -3 155
1 -1 876
1 -7 55
1 2 514
1 -6 321
1 -1 545
1 1 681
1 3 782
1 -8 755
1 9 93
1 5 88
1 -5 881
1 -7 751
1 5 753
1 3 814
1 -7 877
1 -5 436
1 -4 339
1 6 980
1 10 108
1 3 537
1 -9 919
1 -5 205
1 6 534
1 -6 420
1 -6 589
1 -2 308
1 9 428
1 5 362
1 5 767
1 -9 539
1 -2 325
1 6 587
1 2 287
1 8 935
1 6 836
1 -2 138
1 1 590
1 -5 720
1 10 371
1 6 315
1 8 545
1 -9 30
1 3 704
1 -4 929
1 -2 785
1 -7 832
1 2 732
1 -2 268
1 -2 876
1 -2 659
1 3 23
1 10 922
1 8 226
1 4 887
1 4 464
1 -6 818
1 -8 834
1 5 207
1 1 527
1 -8 414
1 10 42
1 6 7
1 4 713
1 -1 842
1 5 995
1 9 539
1 7 618
1 10 464
1 -5 519
1 -8 564
1 3 652
1 1 754
1 -10 378
1 7 289
1 -1 948
1 -2 393
1 5 279
1 6 788
1 6 468
1 2 364
1 3 152
1 -1 834
1 5 879
1 3 973
1 7 962
1 9 758
1 7 444
1 6 221
1 8 734
1 -7 66
1 -3 990
1 -3 748
1 -1 260
1 3 794
1 2 666
1 -3 92
1 -7 563
1 4 356
1 -1 753
1 9 855
1 2 701
1 -5 492
1 -1 694
1 2 127
1 8 699
1 9 927
1 -7 621
1 -8 153
1 -7 172
1 9 427
1 9 890
1 -8 808
1 10 882
1 -8 9
1 6 58
1 9 308
1 -2 521
1 5 724
1 4 152
1 3 200
1 -7 546
1 -10 969
1 7 287
1 8 274
1 -8 511
1 6 248
1 -6 621
1 3 548
1 -3 517
1 -6 661
1 4 638
1 8 338
1 -2 909
1 3 231
1 -2 577
1 -3 232
1 -10 516
1 10 433
1 -6 793
1 1 842
1 -10 87
1 4 698
1 6 616
1 9 24
1 2 356
1 -3 257
1 -3 356
1 -2 743
1 2 325
1 4 543
1 1 32
1 -2 948
1 7 957
1 -4 696
1 6 9
1 9 982
1 2 946
1 3 415
1 2 578
1 7 309
1 4 563
1 -3 615
1 -9 180
1 -4 919
1 7 560
1 1 552
1 5 485
1 3 726
1 2 71
1 9 558
1 -9 634
1 5 699
1 -3 77
1 -10 693
1 4 862
1 6 910
1 -5 160
1 7 416
1 -2 277
1 -5 551
1 -1 389
1 -9 471
1 1 613
1 7 956
1 6 416
1 10 55
1 2 798
1 -1 832
1 -1 602
1 3 565
1 5 822
1 -8 950
1 -10 109
1 9 893
1 -3 796
1 1 433
1 6 674
1 1 425
1 7 301
1 6 818
1 -4 58
1 -6 913
1 -9 557
1 8 776
1 -2 492
1 4 647
1 3 734
1 -4 255
1 6 673
1 4 761
1 8 505
1 4 452
1 -7 586
1 8 860
1 -3 13
1 7 112
1 -1 964
1 3 785
1 7 940
1 -3 996
1 -9 970
1 -5 476
1 -7 551
1 -7 558
1 4 930
1 -3 351
1 -4 794
1 -9 180
1 -7 526
1 4 242
1 -1 718
1 -9 254
1 7 122
1 -10 397
1 -2 657
1 -8 531
1 -4 22
1 5 285
1 -7 610
1 3 790
1 9 514
1 -7 716
1 7 828
1 4 837
1 5 951
1 3 581
1 -5 800
1 -10 749
1 6 951
1 3 262
1 5 394
1 5 14
1 -3 982
1 -5 202
1 -2 557
1 -7 592
1 3 401
1 -4 641
1 -2 806
1 -1 765
1 7 428
1 -3 689
1 -9 950
1 4 143
1 -5 678
1 7 768
1 -3 305
1 3 504
1 9 91
1 9 214
1 -8 298
1 -10 630
1 6 262
1 -10 54
1 -6 832
1 -3 116
1 -7 763
1 4 125
1 4 677
1 -9 834
1 10 743
1 -1 829
1 4 679
1 -8 275
1 -1 688
1 -9 876
1 7 788
1 7 279
1 -8 686
1 -3 573
1 1 772
1 1 220
1 7 930
1 -4 79
1 1 854
1 -8 980
1 -3 868
1 9 535
1 -6 239
1 -6 350
1 1 46
1 -10 913
1 3 481
1 -1 887
1 10 95
1 7 404
1 5 482
1 1 18
1 7 603
1 -6 611
1 10 68
1 10 426
1 -7 590
1 -10 38
1 -10 104
1 6 956
1 -6 653
1 -6 497
1 2 343
1 -9 945
1 3 370
1 -4 918
1 -10 604
1 2 325
1 9 842
1 6 873
1 5 39
1 -2 840
1 5 564
1 -5 77
1 3 424
1 -2 290
1 9 241
1 -4 284
1 -8 756
1 9 807
1 -4 564
1 6 949
1 -5 37
1 8 819
1 -1 324
1 -7 909
1 -9 724
1 10 189
1 -4 118
1 -10 998
1 -10 739
1 5 202
1 1 986
1 8 950
1 10 226
1 -1 501
1 -1 260
1 -9 10
1 -4 537
1 -3 969
1 -9 215
1 8 249
1 8 333
1 -7 200
1 -10 193
1 10 979
1 10 629
1 8 24
1 -8 953
1 2 848
1 10 348
1 2 200
1 9 975
1 10 615
1 10 619
1 -8 853
1 5 577
1 7 262
1 -5 620
1 1 469
1 -6 521
1 -8 717
1 8 713
1 3 884
1 -7 658
1 2 893
1 1 770
1 -9 314
1 -7 333
1 6 604
1 -1 734
1 2 123
1 -2 800
1 5 623
1 -6 28
1 3 310
1 5 431
1 9 831
1 -2 418
1 -4 633
1 -4 250
1 7 216
1 -10 738
1 5 2
1 5 510
1 -3 32
1 6 568
1 6 326
1 -10 598
1 5 440
1 1 771
1 2 118
1 -9 892
1 10 448
1 -6 56
1 -2 133
1 -5 906
1 -2 4
1 1 750
1 -1 57
1 -1 551
1 6 804
1 -1 573
1 4 205
1 5 596
1 9 911
1 -4 216
1 -7 245
1 9 37
1 6 417
1 -2 577
1 -3 780
1 -3 231
1 3 928
1 -2 814
1 -6 65
1 -8 237
1 1 985
1 -6 604
1 2 206
1 -4 123
1 -1 56
1 -2 976
1 4 732
1 5 893
1 -4 742
1 -5 334
1 6 466
1 10 886
1 -7 437
1 4 899
1 -6 620
1 -2 75
1 7 546
1 5 773
1 6 468
1 6 324
1 7 524
1 1 131
1 -5 310
1 -10 893
1 -9 171
1 -8 139
1 -3 833
1 10 242
1 6 176
1 5 318
1 2 158
1 9 908
1 -8 866
1 3 71
1 3 548
1 -1 744
1 4 754
1 6 879
1 9 351
1 -2 972
1 -7 278
1 -10 64
1 4 335
1 10 251
1 -6 238
1 -5 201
1 -2 229
1 6 145
1 -3 78
1 5 884
1 8 188
1 9 201
1 -7 284
1 -4 782
1 -3 792
1 -4 168
1 8 189
1 1 85
1 -10 695
1 -4 452
1 4 169
1 -10 223
1 6 566
1 -1 874
1 6 573
1 -6 500
1 2 681
1 10 620
1 -6 493
1 6 872
1 2 65
1 -6 185
1 -6 321
1 5 891
1 5 426
1 1 167
1 -5 119
1 7 950
1 -10 285
1 6 590
1 5 692
1 3 147
1 -6 407
1 -6 406
1 -8 853
1 -8 39
1 -4 759
1 -2 532
1 9 584
1 8 940
1 -9 577
1 8 14
1 7 170
1 10 53
1 6 449
1 4 872
1 2 777
1 -6 166
1 3 953
1 1 581
1 -6 583
1 8 9
1 -10 906
1 -10 455
1 -3 410
1 -8 323
1 -5 174
1 -6 185
1 10 240
1 9 480
1 8 174
1 9 607
1 4 690
1 -3 833
1 -6 436
1 -7 633
1 8 835
1 9 373
1 -4 88
1 -2 552
1 -7 455
1 -7 487
1 -8 602
1 4 501
1 7 935
1 -6 863
1 10 185
1 -1 818
1 -2 457
1 6 344
1 2 56
1 8 953
1 7 340
1 -9 169
1 7 905
1 10 518
1 3 150
1 -6 626
1 -4 806
1 4 666
1 -3 716
1 2 54
1 -8 384
1 9 961
1 5 15
1 7 734
1 8 759
1 5 321
1 -5 103
1 -8 457
1 3 109
1 -9 550
1 6 844
1 8 742
1 10 576
1 10 332
1 8 844
1 -9 171
1 -4 880
1 -10 53
1 -6 337
1 -7 353
1 6 615
1 10 215
1 -5 322
1 7 686
1 -3 399
1 -6 240
1 2 394
1 4 99
1 -7 828
1 -6 828
1 -7 115
1 -9 772
1 -6 385
1 7 556
1 9 965
1 -4 163
1 -3 988
1 -3 453
1 -10 442
1 3 622
1 -6 22
1 -6 232
1 4 607
1 -8 945
1 -2 546
1 -8 215
1 -6 287
1 -6 393
1 -8 542
1 -8 737
1 -4 706
1 1 44
1 -5 74
1 -2 888
1 7 108
1 8 684
1 -5 442
1 6 955
1 7 447
1 -6 201
1 -2 244
1 -4 247
1 7 804
1 10 582
1 -2 177
1 -9 46
1 7 426
1 -3 712
1 6 798
1 -6 519
1 -8 706
1 9 599
1 1 121
1 -4 448
1 -3 375
1 -3 296
1 1 654
1 1 69
1 10 95
1 -8 132
1 9 659
1 10 248
1 9 490
1 6 120
1 -2 607
1 10 107
1 2 109
1 -4 707
1 -10 4
1 9 934
1 -4 315
1 -8 588
1 7 402
1 -1 284
1 10 449
1 4 932
1 6 453
1 -9 276
1 -9 764
1 8 303
1 -10 329
1 9 778
1 7 489
1 4 18
1 -2 506
1 2 266
1 5 142
1 -2 467
1 1 481
1 10 555
1 -6 729
1 -1 789
1 -5 804
1 8 13
1 -5 580
1 -7 101
