99 -89 -277 -465 -653 -841 -1029 -1217 -1405 -1593 -1781 -1969 -2157 -2345 -2533 -2721 -2909 -3097 -3285 -3473 -3661 -3849 -4037 -4225 -4413 -4601 -4789 -4977 -5165 -5353 -5541 -5729 -5917 -6105 -6293 -6481 -6669 -6857 -7045 -7233 -7421 -7609 -7797 -7985 -8173 -8361 -8549 -8737 -8925 -9113
-94 92 278 464 650 836 1022 1208 1394 1580 1766 1952 2138 2324 2510 2696 2882 3068 3254 3440 3626 3812 3998 4184 4370 4556 4742 4928 5114 5300 5486 5672 5858 6044 6230 6416 6602 6788 6974 7160 7346 7532 7718 7904 8090 8276 8462 8648 8834 9020
-287 273 833 1393 1953 2513 3073 3633 4193 4753 5313 5873 6433 6993 7553 8113 8673 9233 9793 10353 10913 11473 12033 12593 13153 13713 14273 14833 15393 15953 16513 17073 17633 18193 18753 19313 19873 20433 20993 21553 22113 22673 23233 23793 24353 24913 25473 26033 26593 27153
-480 454 1388 2322 3256 4190 5124 6058 6992 7926 8860 9794 10728 11662 12596 13530 14464 15398 16332 17266 18200 19134 20068 21002 21936 22870 23804 24738 25672 26606 27540 28474 29408 30342 31276 32210 33144 34078 35012 35946 36880 37814 38748 39682 40616 41550 42484 43418 44352 45286
-673 635 1943 3251 4559 5867 7175 8483 9791 11099 12407 13715 15023 16331 17639 18947 20255 21563 22871 24179 25487 26795 28103 29411 30719 32027 33335 34643 35951 37259 38567 39875 41183 42491 43799 45107 46415 47723 49031 50339 51647 52955 54263 55571 56879 58187 59495 60803 62111 63419
-866 816 2498 4180 5862 7544 9226 10908 12590 14272 15954 17636 19318 21000 22682 24364 26046 27728 29410 31092 32774 34456 36138 37820 39502 41184 42866 44548 46230 47912 49594 51276 52958 54640 56322 58004 59686 61368 63050 64732 66414 68096 69778 71460 73142 74824 76506 78188 79870 81552
-1059 997 3053 5109 7165 9221 11277 13333 15389 17445 19501 21557 23613 25669 27725 29781 31837 33893 35949 38005 40061 42117 44173 46229 48285 50341 52397 54453 56509 58565 60621 62677 64733 66789 68845 70901 72957 75013 77069 79125 81181 83237 85293 87349 89405 91461 93517 95573 97629 99685
-1252 1178 3608 6038 8468 10898 13328 15758 18188 20618 23048 25478 27908 30338 32768 35198 37628 40058 42488 44918 47348 49778 52208 54638 57068 59498 61928 64358 66788 69218 71648 74078 76508 78938 81368 83798 86228 88658 91088 93518 95948 98378 100808 103238 105668 108098 110528 112958 115388 117818
-1445 1359 4163 6967 9771 12575 15379 18183 20987 23791 26595 29399 32203 35007 37811 40615 43419 46223 49027 51831 54635 57439 60243 63047 65851 68655 71459 74263 77067 79871 82675 85479 88283 91087 93891 96695 99499 102303 105107 107911 110715 113519 116323 119127 121931 124735 127539 130343 133147 135951
-1638 1540 4718 7896 11074 14252 17430 20608 23786 26964 30142 33320 36498 39676 42854 46032 49210 52388 55566 58744 61922 65100 68278 71456 74634 77812 80990 84168 87346 90524 93702 96880 100058 103236 106414 109592 112770 115948 119126 122304 125482 128660 131838 135016 138194 141372 144550 147728 150906 154084
-1831 1721 5273 8825 12377 15929 19481 23033 26585 30137 33689 37241 40793 44345 47897 51449 55001 58553 62105 65657 69209 72761 76313 79865 83417 86969 90521 94073 97625 101177 104729 108281 111833 115385 118937 122489 126041 129593 133145 136697 140249 143801 147353 150905 154457 158009 161561 165113 168665 172217
-2024 1902 5828 9754 13680 17606 21532 25458 29384 33310 37236 41162 45088 49014 52940 56866 60792 64718 68644 72570 76496 80422 84348 88274 92200 96126 100052 103978 107904 111830 115756 119682 123608 127534 131460 135386 139312 143238 147164 151090 155016 158942 162868 166794 170720 174646 178572 182498 186424 190350
-2217 2083 6383 10683 14983 19283 23583 27883 32183 36483 40783 45083 49383 53683 57983 62283 66583 70883 75183 79483 83783 88083 92383 96683 100983 105283 109583 113883 118183 122483 126783 131083 135383 139683 143983 148283 152583 156883 161183 165483 169783 174083 178383 182683 186983 191283 195583 199883 204183 208483
-2410 2264 6938 11612 16286 20960 25634 30308 34982 39656 44330 49004 53678 58352 63026 67700 72374 77048 81722 86396 91070 95744 100418 105092 109766 114440 119114 123788 128462 133136 137810 142484 147158 151832 156506 161180 165854 170528 175202 179876 184550 189224 193898 198572 203246 207920 212594 217268 221942 226616
-2603 2445 7493 12541 17589 22637 27685 32733 37781 42829 47877 52925 57973 63021 68069 73117 78165 83213 88261 93309 98357 103405 108453 113501 118549 123597 128645 133693 138741 143789 148837 153885 158933 163981 169029 174077 179125 184173 189221 194269 199317 204365 209413 214461 219509 224557 229605 234653 239701 244749
-2796 2626 8048 13470 18892 24314 29736 35158 40580 46002 51424 56846 62268 67690 73112 78534 83956 89378 94800 100222 105644 111066 116488 121910 127332 132754 138176 143598 149020 154442 159864 165286 170708 176130 181552 186974 192396 197818 203240 208662 214084 219506 224928 230350 235772 241194 246616 252038 257460 262882
-2989 2807 8603 14399 20195 25991 31787 37583 43379 49175 54971 60767 66563 72359 78155 83951 89747 95543 101339 107135 112931 118727 124523 130319 136115 141911 147707 153503 159299 165095 170891 176687 182483 188279 194075 199871 205667 211463 217259 223055 228851 234647 240443 246239 252035 257831 263627 269423 275219 281015
-3182 2988 9158 15328 21498 27668 33838 40008 46178 52348 58518 64688 70858 77028 83198 89368 95538 101708 107878 114048 120218 126388 132558 138728 144898 151068 157238 163408 169578 175748 181918 188088 194258 200428 206598 212768 218938 225108 231278 237448 243618 249788 255958 262128 268298 274468 280638 286808 292978 299148
-3375 3169 9713 16257 22801 29345 35889 42433 48977 55521 62065 68609 75153 81697 88241 94785 101329 107873 114417 120961 127505 134049 140593 147137 153681 160225 166769 173313 179857 186401 192945 199489 206033 212577 219121 225665 232209 238753 245297 251841 258385 264929 271473 278017 284561 291105 297649 304193 310737 317281
-3568 3350 10268 17186 24104 31022 37940 44858 51776 58694 65612 72530 79448 86366 93284 100202 107120 114038 120956 127874 134792 141710 148628 155546 162464 169382 176300 183218 190136 197054 203972 210890 217808 224726 231644 238562 245480 252398 259316 266234 273152 280070 286988 293906 300824 307742 314660 321578 328496 335414
-3761 3531 10823 18115 25407 32699 39991 47283 54575 61867 69159 76451 83743 91035 98327 105619 112911 120203 127495 134787 142079 149371 156663 163955 171247 178539 185831 193123 200415 207707 214999 222291 229583 236875 244167 251459 258751 266043 273335 280627 287919 295211 302503 309795 317087 324379 331671 338963 346255 353547
-3954 3712 11378 19044 26710 34376 42042 49708 57374 65040 72706 80372 88038 95704 103370 111036 118702 126368 134034 141700 149366 157032 164698 172364 180030 187696 195362 203028 210694 218360 226026 233692 241358 249024 256690 264356 272022 279688 287354 295020 302686 310352 318018 325684 333350 341016 348682 356348 364014 371680
-4147 3893 11933 19973 28013 36053 44093 52133 60173 68213 76253 84293 92333 100373 108413 116453 124493 132533 140573 148613 156653 164693 172733 180773 188813 196853 204893 212933 220973 229013 237053 245093 253133 261173 269213 277253 285293 293333 301373 309413 317453 325493 333533 341573 349613 357653 365693 373733 381773 389813
-4340 4074 12488 20902 29316 37730 46144 54558 62972 71386 79800 88214 96628 105042 113456 121870 130284 138698 147112 155526 163940 172354 180768 189182 197596 206010 214424 222838 231252 239666 248080 256494 264908 273322 281736 290150 298564 306978 315392 323806 332220 340634 349048 357462 365876 374290 382704 391118 399532 407946
-4533 4255 13043 21831 30619 39407 48195 56983 65771 74559 83347 92135 100923 109711 118499 127287 136075 144863 153651 162439 171227 180015 188803 197591 206379 215167 223955 232743 241531 250319 259107 267895 276683 285471 294259 303047 311835 320623 329411 338199 346987 355775 364563 373351 382139 390927 399715 408503 417291 426079
-4726 4436 13598 22760 31922 41084 50246 59408 68570 77732 86894 96056 105218 114380 123542 132704 141866 151028 160190 169352 178514 187676 196838 206000 215162 224324 233486 242648 251810 260972 270134 279296 288458 297620 306782 315944 325106 334268 343430 352592 361754 370916 380078 389240 398402 407564 416726 425888 435050 444212
-4919 4617 14153 23689 33225 42761 52297 61833 71369 80905 90441 99977 109513 119049 128585 138121 147657 157193 166729 176265 185801 195337 204873 214409 223945 233481 243017 252553 262089 271625 281161 290697 300233 309769 319305 328841 338377 347913 357449 366985 376521 386057 395593 405129 414665 424201 433737 443273 452809 462345
-5112 4798 14708 24618 34528 44438 54348 64258 74168 84078 93988 103898 113808 123718 133628 143538 153448 163358 173268 183178 193088 202998 212908 222818 232728 242638 252548 262458 272368 282278 292188 302098 312008 321918 331828 341738 351648 361558 371468 381378 391288 401198 411108 421018 430928 440838 450748 460658 470568 480478
-5305 4979 15263 25547 35831 46115 56399 66683 76967 87251 97535 107819 118103 128387 138671 148955 159239 169523 179807 190091 200375 210659 220943 231227 241511 251795 262079 272363 282647 292931 303215 313499 323783 334067 344351 354635 364919 375203 385487 395771 406055 416339 426623 436907 447191 457475 467759 478043 488327 498611
-5498 5160 15818 26476 37134 47792 58450 69108 79766 90424 101082 111740 122398 133056 143714 154372 165030 175688 186346 197004 207662 218320 228978 239636 250294 260952 271610 282268 292926 303584 314242 324900 335558 346216 356874 367532 378190 388848 399506 410164 420822 431480 442138 452796 463454 474112 484770 495428 506086 516744
-5691 5341 16373 27405 38437 49469 60501 71533 82565 93597 104629 115661 126693 137725 148757 159789 170821 181853 192885 203917 214949 225981 237013 248045 259077 270109 281141 292173 303205 314237 325269 336301 347333 358365 369397 380429 391461 402493 413525 424557 435589 446621 457653 468685 479717 490749 501781 512813 523845 534877
-5884 5522 16928 28334 39740 51146 62552 73958 85364 96770 108176 119582 130988 142394 153800 165206 176612 188018 199424 210830 222236 233642 245048 256454 267860 279266 290672 302078 313484 324890 336296 347702 359108 370514 381920 393326 404732 416138 427544 438950 450356 461762 473168 484574 495980 507386 518792 530198 541604 553010
-6077 5703 17483 29263 41043 52823 64603 76383 88163 99943 111723 123503 135283 147063 158843 170623 182403 194183 205963 217743 229523 241303 253083 264863 276643 288423 300203 311983 323763 335543 347323 359103 370883 382663 394443 406223 418003 429783 441563 453343 465123 476903 488683 500463 512243 524023 535803 547583 559363 571143
-6270 5884 18038 30192 42346 54500 66654 78808 90962 103116 115270 127424 139578 151732 163886 176040 188194 200348 212502 224656 236810 248964 261118 273272 285426 297580 309734 321888 334042 346196 358350 370504 382658 394812 406966 419120 431274 443428 455582 467736 479890 492044 504198 516352 528506 540660 552814 564968 577122 589276
-6463 6065 18593 31121 43649 56177 68705 81233 93761 106289 118817 131345 143873 156401 168929 181457 193985 206513 219041 231569 244097 256625 269153 281681 294209 306737 319265 331793 344321 356849 369377 381905 394433 406961 419489 432017 444545 457073 469601 482129 494657 507185 519713 532241 544769 557297 569825 582353 594881 607409
-6656 6246 19148 32050 44952 57854 70756 83658 96560 109462 122364 135266 148168 161070 173972 186874 199776 212678 225580 238482 251384 264286 277188 290090 302992 315894 328796 341698 354600 367502 380404 393306 406208 419110 432012 444914 457816 470718 483620 496522 509424 522326 535228 548130 561032 573934 586836 599738 612640 625542
-6849 6427 19703 32979 46255 59531 72807 86083 99359 112635 125911 139187 152463 165739 179015 192291 205567 218843 232119 245395 258671 271947 285223 298499 311775 325051 338327 351603 364879 378155 391431 404707 417983 431259 444535 457811 471087 484363 497639 510915 524191 537467 550743 564019 577295 590571 603847 617123 630399 643675
-7042 6608 20258 33908 47558 61208 74858 88508 102158 115808 129458 143108 156758 170408 184058 197708 211358 225008 238658 252308 265958 279608 293258 306908 320558 334208 347858 361508 375158 388808 402458 416108 429758 443408 457058 470708 484358 498008 511658 525308 538958 552608 566258 579908 593558 607208 620858 634508 648158 661808
-7235 6789 20813 34837 48861 62885 76909 90933 104957 118981 133005 147029 161053 175077 189101 203125 217149 231173 245197 259221 273245 287269 301293 315317 329341 343365 357389 371413 385437 399461 413485 427509 441533 455557 469581 483605 497629 511653 525677 539701 553725 567749 581773 595797 609821 623845 637869 651893 665917 679941
-7428 6970 21368 35766 50164 64562 78960 93358 107756 122154 136552 150950 165348 179746 194144 208542 222940 237338 251736 266134 280532 294930 309328 323726 338124 352522 366920 381318 395716 410114 424512 438910 453308 467706 482104 496502 510900 525298 539696 554094 568492 582890 597288 611686 626084 640482 654880 669278 683676 698074
-7621 7151 21923 36695 51467 66239 81011 95783 110555 125327 140099 154871 169643 184415 199187 213959 228731 243503 258275 273047 287819 302591 317363 332135 346907 361679 376451 391223 405995 420767 435539 450311 465083 479855 494627 509399 524171 538943 553715 568487 583259 598031 612803 627575 642347 657119 671891 686663 701435 716207
-7814 7332 22478 37624 52770 67916 83062 98208 113354 128500 143646 158792 173938 189084 204230 219376 234522 249668 264814 279960 295106 310252 325398 340544 355690 370836 385982 401128 416274 431420 446566 461712 476858 492004 507150 522296 537442 552588 567734 582880 598026 613172 628318 643464 658610 673756 688902 704048 719194 734340
-8007 7513 23033 38553 54073 69593 85113 100633 116153 131673 147193 162713 178233 193753 209273 224793 240313 255833 271353 286873 302393 317913 333433 348953 364473 379993 395513 411033 426553 442073 457593 473113 488633 504153 519673 535193 550713 566233 581753 597273 612793 628313 643833 659353 674873 690393 705913 721433 736953 752473
-8200 7694 23588 39482 55376 71270 87164 103058 118952 134846 150740 166634 182528 198422 214316 230210 246104 261998 277892 293786 309680 325574 341468 357362 373256 389150 405044 420938 436832 452726 468620 484514 500408 516302 532196 548090 563984 579878 595772 611666 627560 643454 659348 675242 691136 707030 722924 738818 754712 770606
-8393 7875 24143 40411 56679 72947 89215 105483 121751 138019 154287 170555 186823 203091 219359 235627 251895 268163 284431 300699 316967 333235 349503 365771 382039 398307 414575 430843 447111 463379 479647 495915 512183 528451 544719 560987 577255 593523 609791 626059 642327 658595 674863 691131 707399 723667 739935 756203 772471 788739
-8586 8056 24698 41340 57982 74624 91266 107908 124550 141192 157834 174476 191118 207760 224402 241044 257686 274328 290970 307612 324254 340896 357538 374180 390822 407464 424106 440748 457390 474032 490674 507316 523958 540600 557242 573884 590526 607168 623810 640452 657094 673736 690378 707020 723662 740304 756946 773588 790230 806872
-8779 8237 25253 42269 59285 76301 93317 110333 127349 144365 161381 178397 195413 212429 229445 246461 263477 280493 297509 314525 331541 348557 365573 382589 399605 416621 433637 450653 467669 484685 501701 518717 535733 552749 569765 586781 603797 620813 637829 654845 671861 688877 705893 722909 739925 756941 773957 790973 807989 825005
-8972 8418 25808 43198 60588 77978 95368 112758 130148 147538 164928 182318 199708 217098 234488 251878 269268 286658 304048 321438 338828 356218 373608 390998 408388 425778 443168 460558 477948 495338 512728 530118 547508 564898 582288 599678 617068 634458 651848 669238 686628 704018 721408 738798 756188 773578 790968 808358 825748 843138
-9165 8599 26363 44127 61891 79655 97419 115183 132947 150711 168475 186239 204003 221767 239531 257295 275059 292823 310587 328351 346115 363879 381643 399407 417171 434935 452699 470463 488227 505991 523755 541519 559283 577047 594811 612575 630339 648103 665867 683631 701395 719159 736923 754687 772451 790215 807979 825743 843507 861271
-9358 8780 26918 45056 63194 81332 99470 117608 135746 153884 172022 190160 208298 226436 244574 262712 280850 298988 317126 335264 353402 371540 389678 407816 425954 444092 462230 480368 498506 516644 534782 552920 571058 589196 607334 625472 643610 661748 679886 698024 716162 734300 752438 770576 788714 806852 824990 843128 861266 879404
