-94 -91 -88 -85 -82 -79 -76 -73 -70 -67 -64 -61 -58 -55 -52 -49 -46 -43 -40 -37 -34 -31 -28 -25 -22 -19 -16 -13 -10 -7 -4 -1 2 5 8 11 14 17 20 23 26 29 32 35 38 41 44 47 50 53
69 68 67 66 65 64 63 62 61 60 59 58 57 56 55 54 53 52 51 50 49 48 47 46 45 44 43 42 41 40 39 38 37 36 35 34 33 32 31 30 29 28 27 26 25 24 23 22 21 20
232 227 222 217 212 207 202 197 192 187 182 177 172 167 162 157 152 147 142 137 132 127 122 117 112 107 102 97 92 87 82 77 72 67 62 57 52 47 42 37 32 27 22 17 12 7 2 -3 -8 -13
395 386 377 368 359 350 341 332 323 314 305 296 287 278 269 260 251 242 233 224 215 206 197 188 179 170 161 152 143 134 125 116 107 98 89 80 71 62 53 44 35 26 17 8 -1 -10 -19 -28 -37 -46
558 545 532 519 506 493 480 467 454 441 428 415 402 389 376 363 350 337 324 311 298 285 272 259 246 233 220 207 194 181 168 155 142 129 116 103 90 77 64 51 38 25 12 -1 -14 -27 -40 -53 -66 -79
721 704 687 670 653 636 619 602 585 568 551 534 517 500 483 466 449 432 415 398 381 364 347 330 313 296 279 262 245 228 211 194 177 160 143 126 109 92 75 58 41 24 7 -10 -27 -44 -61 -78 -95 -112
884 863 842 821 800 779 758 737 716 695 674 653 632 611 590 569 548 527 506 485 464 443 422 401 380 359 338 317 296 275 254 233 212 191 170 149 128 107 86 65 44 23 2 -19 -40 -61 -82 -103 -124 -145
1047 1022 997 972 947 922 897 872 847 822 797 772 747 722 697 672 647 622 597 572 547 522 497 472 447 422 397 372 347 322 297 272 247 222 197 172 147 122 97 72 47 22 -3 -28 -53 -78 -103 -128 -153 -178
1210 1181 1152 1123 1094 1065 1036 1007 978 949 920 891 862 833 804 775 746 717 688 659 630 601 572 543 514 485 456 427 398 369 340 311 282 253 224 195 166 137 108 79 50 21 -8 -37 -66 -95 -124 -153 -182 -211
1373 1340 1307 1274 1241 1208 1175 1142 1109 1076 1043 1010 977 944 911 878 845 812 779 746 713 680 647 614 581 548 515 482 449 416 383 350 317 284 251 218 185 152 119 86 53 20 -13 -46 -79 -112 -145 -178 -211 -244
1536 1499 1462 1425 1388 1351 1314 1277 1240 1203 1166 1129 1092 1055 1018 981 944 907 870 833 796 759 722 685 648 611 574 537 500 463 426 389 352 315 278 241 204 167 130 93 56 19 -18 -55 -92 -129 -166 -203 -240 -277
1699 1658 1617 1576 1535 1494 1453 1412 1371 1330 1289 1248 1207 1166 1125 1084 1043 1002 961 920 879 838 797 756 715 674 633 592 551 510 469 428 387 346 305 264 223 182 141 100 59 18 -23 -64 -105 -146 -187 -228 -269 -310
1862 1817 1772 1727 1682 1637 1592 1547 1502 1457 1412 1367 1322 1277 1232 1187 1142 1097 1052 1007 962 917 872 827 782 737 692 647 602 557 512 467 422 377 332 287 242 197 152 107 62 17 -28 -73 -118 -163 -208 -253 -298 -343
2025 1976 1927 1878 1829 1780 1731 1682 1633 1584 1535 1486 1437 1388 1339 1290 1241 1192 1143 1094 1045 996 947 898 849 800 751 702 653 604 555 506 457 408 359 310 261 212 163 114 65 16 -33 -82 -131 -180 -229 -278 -327 -376
2188 2135 2082 2029 1976 1923 1870 1817 1764 1711 1658 1605 1552 1499 1446 1393 1340 1287 1234 1181 1128 1075 1022 969 916 863 810 757 704 651 598 545 492 439 386 333 280 227 174 121 68 15 -38 -91 -144 -197 -250 -303 -356 -409
2351 2294 2237 2180 2123 2066 2009 1952 1895 1838 1781 1724 1667 1610 1553 1496 1439 1382 1325 1268 1211 1154 1097 1040 983 926 869 812 755 698 641 584 527 470 413 356 299 242 185 128 71 14 -43 -100 -157 -214 -271 -328 -385 -442
2514 2453 2392 2331 2270 2209 2148 2087 2026 1965 1904 1843 1782 1721 1660 1599 1538 1477 1416 1355 1294 1233 1172 1111 1050 989 928 867 806 745 684 623 562 501 440 379 318 257 196 135 74 13 -48 -109 -170 -231 -292 -353 -414 -475
2677 2612 2547 2482 2417 2352 2287 2222 2157 2092 2027 1962 1897 1832 1767 1702 1637 1572 1507 1442 1377 1312 1247 1182 1117 1052 987 922 857 792 727 662 597 532 467 402 337 272 207 142 77 12 -53 -118 -183 -248 -313 -378 -443 -508
2840 2771 2702 2633 2564 2495 2426 2357 2288 2219 2150 2081 2012 1943 1874 1805 1736 1667 1598 1529 1460 1391 1322 1253 1184 1115 1046 977 908 839 770 701 632 563 494 425 356 287 218 149 80 11 -58 -127 -196 -265 -334 -403 -472 -541
3003 2930 2857 2784 2711 2638 2565 2492 2419 2346 2273 2200 2127 2054 1981 1908 1835 1762 1689 1616 1543 1470 1397 1324 1251 1178 1105 1032 959 886 813 740 667 594 521 448 375 302 229 156 83 10 -63 -136 -209 -282 -355 -428 -501 -574
3166 3089 3012 2935 2858 2781 2704 2627 2550 2473 2396 2319 2242 2165 2088 2011 1934 1857 1780 1703 1626 1549 1472 1395 1318 1241 1164 1087 1010 933 856 779 702 625 548 471 394 317 240 163 86 9 -68 -145 -222 -299 -376 -453 -530 -607
3329 3248 3167 3086 3005 2924 2843 2762 2681 2600 2519 2438 2357 2276 2195 2114 2033 1952 1871 1790 1709 1628 1547 1466 1385 1304 1223 1142 1061 980 899 818 737 656 575 494 413 332 251 170 89 8 -73 -154 -235 -316 -397 -478 -559 -640
3492 3407 3322 3237 3152 3067 2982 2897 2812 2727 2642 2557 2472 2387 2302 2217 2132 2047 1962 1877 1792 1707 1622 1537 1452 1367 1282 1197 1112 1027 942 857 772 687 602 517 432 347 262 177 92 7 -78 -163 -248 -333 -418 -503 -588 -673
3655 3566 3477 3388 3299 3210 3121 3032 2943 2854 2765 2676 2587 2498 2409 2320 2231 2142 2053 1964 1875 1786 1697 1608 1519 1430 1341 1252 1163 1074 985 896 807 718 629 540 451 362 273 184 95 6 -83 -172 -261 -350 -439 -528 -617 -706
3818 3725 3632 3539 3446 3353 3260 3167 3074 2981 2888 2795 2702 2609 2516 2423 2330 2237 2144 2051 1958 1865 1772 1679 1586 1493 1400 1307 1214 1121 1028 935 842 749 656 563 470 377 284 191 98 5 -88 -181 -274 -367 -460 -553 -646 -739
3981 3884 3787 3690 3593 3496 3399 3302 3205 3108 3011 2914 2817 2720 2623 2526 2429 2332 2235 2138 2041 1944 1847 1750 1653 1556 1459 1362 1265 1168 1071 974 877 780 683 586 489 392 295 198 101 4 -93 -190 -287 -384 -481 -578 -675 -772
4144 4043 3942 3841 3740 3639 3538 3437 3336 3235 3134 3033 2932 2831 2730 2629 2528 2427 2326 2225 2124 2023 1922 1821 1720 1619 1518 1417 1316 1215 1114 1013 912 811 710 609 508 407 306 205 104 3 -98 -199 -300 -401 -502 -603 -704 -805
4307 4202 4097 3992 3887 3782 3677 3572 3467 3362 3257 3152 3047 2942 2837 2732 2627 2522 2417 2312 2207 2102 1997 1892 1787 1682 1577 1472 1367 1262 1157 1052 947 842 737 632 527 422 317 212 107 2 -103 -208 -313 -418 -523 -628 -733 -838
4470 4361 4252 4143 4034 3925 3816 3707 3598 3489 3380 3271 3162 3053 2944 2835 2726 2617 2508 2399 2290 2181 2072 1963 1854 1745 1636 1527 1418 1309 1200 1091 982 873 764 655 546 437 328 219 110 1 -108 -217 -326 -435 -544 -653 -762 -871
4633 4520 4407 4294 4181 4068 3955 3842 3729 3616 3503 3390 3277 3164 3051 2938 2825 2712 2599 2486 2373 2260 2147 2034 1921 1808 1695 1582 1469 1356 1243 1130 1017 904 791 678 565 452 339 226 113 0 -113 -226 -339 -452 -565 -678 -791 -904
4796 4679 4562 4445 4328 4211 4094 3977 3860 3743 3626 3509 3392 3275 3158 3041 2924 2807 2690 2573 2456 2339 2222 2105 1988 1871 1754 1637 1520 1403 1286 1169 1052 935 818 701 584 467 350 233 116 -1 -118 -235 -352 -469 -586 -703 -820 -937
4959 4838 4717 4596 4475 4354 4233 4112 3991 3870 3749 3628 3507 3386 3265 3144 3023 2902 2781 2660 2539 2418 2297 2176 2055 1934 1813 1692 1571 1450 1329 1208 1087 966 845 724 603 482 361 240 119 -2 -123 -244 -365 -486 -607 -728 -849 -970
5122 4997 4872 4747 4622 4497 4372 4247 4122 3997 3872 3747 3622 3497 3372 3247 3122 2997 2872 2747 2622 2497 2372 2247 2122 1997 1872 1747 1622 1497 1372 1247 1122 997 872 747 622 497 372 247 122 -3 -128 -253 -378 -503 -628 -753 -878 -1003
5285 5156 5027 4898 4769 4640 4511 4382 4253 4124 3995 3866 3737 3608 3479 3350 3221 3092 2963 2834 2705 2576 2447 2318 2189 2060 1931 1802 1673 1544 1415 1286 1157 1028 899 770 641 512 383 254 125 -4 -133 -262 -391 -520 -649 -778 -907 -1036
5448 5315 5182 5049 4916 4783 4650 4517 4384 4251 4118 3985 3852 3719 3586 3453 3320 3187 3054 2921 2788 2655 2522 2389 2256 2123 1990 1857 1724 1591 1458 1325 1192 1059 926 793 660 527 394 261 128 -5 -138 -271 -404 -537 -670 -803 -936 -1069
5611 5474 5337 5200 5063 4926 4789 4652 4515 4378 4241 4104 3967 3830 3693 3556 3419 3282 3145 3008 2871 2734 2597 2460 2323 2186 2049 1912 1775 1638 1501 1364 1227 1090 953 816 679 542 405 268 131 -6 -143 -280 -417 -554 -691 -828 -965 -1102
5774 5633 5492 5351 5210 5069 4928 4787 4646 4505 4364 4223 4082 3941 3800 3659 3518 3377 3236 3095 2954 2813 2672 2531 2390 2249 2108 1967 1826 1685 1544 1403 1262 1121 980 839 698 557 416 275 134 -7 -148 -289 -430 -571 -712 -853 -994 -1135
5937 5792 5647 5502 5357 5212 5067 4922 4777 4632 4487 4342 4197 4052 3907 3762 3617 3472 3327 3182 3037 2892 2747 2602 2457 2312 2167 2022 1877 1732 1587 1442 1297 1152 1007 862 717 572 427 282 137 -8 -153 -298 -443 -588 -733 -878 -1023 -1168
6100 5951 5802 5653 5504 5355 5206 5057 4908 4759 4610 4461 4312 4163 4014 3865 3716 3567 3418 3269 3120 2971 2822 2673 2524 2375 2226 2077 1928 1779 1630 1481 1332 1183 1034 885 736 587 438 289 140 -9 -158 -307 -456 -605 -754 -903 -1052 -1201
6263 6110 5957 5804 5651 5498 5345 5192 5039 4886 4733 4580 4427 4274 4121 3968 3815 3662 3509 3356 3203 3050 2897 2744 2591 2438 2285 2132 1979 1826 1673 1520 1367 1214 1061 908 755 602 449 296 143 -10 -163 -316 -469 -622 -775 -928 -1081 -1234
6426 6269 6112 5955 5798 5641 5484 5327 5170 5013 4856 4699 4542 4385 4228 4071 3914 3757 3600 3443 3286 3129 2972 2815 2658 2501 2344 2187 2030 1873 1716 1559 1402 1245 1088 931 774 617 460 303 146 -11 -168 -325 -482 -639 -796 -953 -1110 -1267
6589 6428 6267 6106 5945 5784 5623 5462 5301 5140 4979 4818 4657 4496 4335 4174 4013 3852 3691 3530 3369 3208 3047 2886 2725 2564 2403 2242 2081 1920 1759 1598 1437 1276 1115 954 793 632 471 310 149 -12 -173 -334 -495 -656 -817 -978 -1139 -1300
6752 6587 6422 6257 6092 5927 5762 5597 5432 5267 5102 4937 4772 4607 4442 4277 4112 3947 3782 3617 3452 3287 3122 2957 2792 2627 2462 2297 2132 1967 1802 1637 1472 1307 1142 977 812 647 482 317 152 -13 -178 -343 -508 -673 -838 -1003 -1168 -1333
6915 6746 6577 6408 6239 6070 5901 5732 5563 5394 5225 5056 4887 4718 4549 4380 4211 4042 3873 3704 3535 3366 3197 3028 2859 2690 2521 2352 2183 2014 1845 1676 1507 1338 1169 1000 831 662 493 324 155 -14 -183 -352 -521 -690 -859 -1028 -1197 -1366
7078 6905 6732 6559 6386 6213 6040 5867 5694 5521 5348 5175 5002 4829 4656 4483 4310 4137 3964 3791 3618 3445 3272 3099 2926 2753 2580 2407 2234 2061 1888 1715 1542 1369 1196 1023 850 677 504 331 158 -15 -188 -361 -534 -707 -880 -1053 -1226 -1399
7241 7064 6887 6710 6533 6356 6179 6002 5825 5648 5471 5294 5117 4940 4763 4586 4409 4232 4055 3878 3701 3524 3347 3170 2993 2816 2639 2462 2285 2108 1931 1754 1577 1400 1223 1046 869 692 515 338 161 -16 -193 -370 -547 -724 -901 -1078 -1255 -1432
7404 7223 7042 6861 6680 6499 6318 6137 5956 5775 5594 5413 5232 5051 4870 4689 4508 4327 4146 3965 3784 3603 3422 3241 3060 2879 2698 2517 2336 2155 1974 1793 1612 1431 1250 1069 888 707 526 345 164 -17 -198 -379 -560 -741 -922 -1103 -1284 -1465
7567 7382 7197 7012 6827 6642 6457 6272 6087 5902 5717 5532 5347 5162 4977 4792 4607 4422 4237 4052 3867 3682 3497 3312 3127 2942 2757 2572 2387 2202 2017 1832 1647 1462 1277 1092 907 722 537 352 167 -18 -203 -388 -573 -758 -943 -1128 -1313 -1498
7730 7541 7352 7163 6974 6785 6596 6407 6218 6029 5840 5651 5462 5273 5084 4895 4706 4517 4328 4139 3950 3761 3572 3383 3194 3005 2816 2627 2438 2249 2060 1871 1682 1493 1304 1115 926 737 548 359 170 -19 -208 -397 -586 -775 -964 -1153 -1342 -1531
7893 7700 7507 7314 7121 6928 6735 6542 6349 6156 5963 5770 5577 5384 5191 4998 4805 4612 4419 4226 4033 3840 3647 3454 3261 3068 2875 2682 2489 2296 2103 1910 1717 1524 1331 1138 945 752 559 366 173 -20 -213 -406 -599 -792 -985 -1178 -1371 -1564
