15
10 1 482 -2 860 -3 83 -4 49 5 602 6 309 7 3 -8 690 -9 655 -10 203
10 -1 838 -2 238 -3 641 -4 679 -5 365 -6 198 -7 587 8 33 9 717 10 847
10 -1 955 2 453 -3 713 -4 310 5 293 6 6 -7 986 8 676 9 582 10 788
10 1 1000 -2 8 -3 457 -4 251 -5 539 -6 305 7 148 -8 385 -9 601 10 847
10 -1 829 -2 118 3 437 -4 684 -5 32 -6 928 7 369 -8 21 9 53 10 267
10 1 570 -2 261 3 491 -4 805 5 805 -6 583 -7 193 -8 53 -9 768 10 110
10 -1 466 -2 97 3 366 4 434 5 730 -6 47 7 500 8 440 9 449 10 471
10 1 871 -2 482 3 199 -4 954 -5 84 -6 903 -7 381 -8 377 9 112 10 489
10 -1 827 -2 352 3 488 4 440 -5 728 6 309 7 825 -8 480 -9 847 -10 23
10 1 459 2 369 -3 701 -4 954 5 889 -6 156 -7 682 -8 59 -9 448 -10 150
10 1 697 2 150 -3 860 4 862 -5 930 -6 533 7 951 -8 106 9 818 10 375
10 1 381 2 463 3 846 4 579 5 23 -6 451 7 4 -8 590 9 942 -10 302
10 1 752 -2 799 -3 817 4 161 -5 902 6 851 7 561 8 313 9 313 10 716
10 1 899 -2 973 -3 889 4 52 -5 614 -6 320 -7 86 8 971 -9 142 10 373
10 1 463 2 675 -3 492 4 866 5 855 6 235 -7 128 8 940 -9 405 10 15
