1000
10 -1 857 -2 205 3 194 4 625 5 708 6 401 -7 376 -8 166 -9 973 10 358
10 1 392 -2 673 -3 478 4 400 5 280 6 920 7 289 8 482 9 710 10 248
10 -1 537 -2 488 -3 730 -4 770 -5 496 6 685 7 167 8 539 -9 228 -10 88
10 -1 326 2 872 3 154 -4 814 5 892 6 105 7 260 -8 200 9 902 10 103
10 -1 843 -2 524 3 939 4 852 -5 513 6 769 -7 764 -8 58 9 718 -10 479
10 -1 66 -2 224 3 233 4 999 5 665 6 15 7 935 -8 310 -9 335 10 628
10 -1 985 2 710 -3 259 4 811 -5 796 6 277 7 233 8 178 -9 919 -10 156
10 -1 409 2 898 3 820 4 519 -5 700 -6 492 -7 914 -8 313 9 713 -10 226
10 -1 125 -2 455 -3 182 4 53 -5 311 6 490 7 663 -8 897 -9 698 10 281
10 1 104 -2 124 -3 862 4 710 5 689 -6 976 7 1000 8 112 9 20 -10 202
10 -1 190 -2 141 3 467 4 603 5 879 -6 217 7 773 8 847 -9 182 -10 782
10 1 666 -2 35 -3 107 -4 897 5 952 -6 390 -7 70 8 290 -9 694 10 392
10 -1 179 2 973 3 627 -4 439 -5 28 6 687 -7 919 -8 120 9 427 -10 83
10 -1 54 2 748 -3 642 4 283 -5 307 6 40 7 225 -8 475 -9 782 10 135
10 1 922 -2 933 3 81 -4 611 5 324 -6 334 -7 603 8 612 -9 440 -10 20
10 1 986 -2 491 3 486 4 415 5 362 6 939 -7 29 -8 497 -9 187 10 294
10 1 200 -2 22 -3 842 -4 624 5 648 6 140 -7 26 -8 444 9 981 -10 842
10 -1 421 -2 721 3 167 -4 712 -5 692 6 492 -7 222 8 539 -9 758 -10 879
10 -1 966 -2 326 3 263 -4 143 -5 335 -6 545 -7 388 8 299 9 864 10 803
10 -1 192 2 492 -3 652 -4 397 5 726 -6 757 -7 612 8 909 9 112 -10 135
10 1 404 2 234 3 622 -4 263 -5 753 6 235 -7 167 8 91 -9 318 -10 85
10 -1 410 2 494 -3 233 -4 937 5 496 6 709 7 692 -8 378 -9 910 10 632
10 -1 140 -2 382 3 722 -4 22 5 599 -6 637 7 211 8 497 9 144 -10 963
10 1 515 2 839 -3 456 4 348 5 608 6 506 -7 544 -8 59 9 268 -10 26
10 -1 166 2 184 -3 413 4 478 -5 603 6 247 7 617 8 896 9 77 10 486
10 1 878 -2 342 -3 225 4 873 -5 141 6 523 -7 6 8 356 9 972 -10 486
10 -1 966 2 845 -3 777 4 414 -5 37 6 594 7 994 -8 783 -9 518 10 38
10 -1 949 -2 974 3 3 -4 200 -5 604 6 130 -7 582 8 490 9 932 10 946
10 -1 329 2 867 3 753 -4 627 -5 998 6 489 7 567 -8 388 -9 102 10 62
10 1 541 -2 901 -3 985 -4 832 -5 681 -6 349 -7 349 8 949 -9 121 10 382
10 1 50 -2 453 3 639 4 16 5 878 6 355 7 757 -8 210 -9 15 10 331
10 1 961 -2 178 3 284 4 372 -5 509 -6 766 7 955 -8 447 -9 168 -10 44
10 1 507 2 225 -3 520 4 807 -5 522 6 741 7 120 -8 900 -9 928 10 572
10 1 293 -2 780 -3 800 4 379 -5 429 -6 403 7 540 8 602 -9 42 -10 826
10 1 51 2 205 -3 510 4 395 -5 399 6 918 -7 946 8 789 9 442 -10 926
10 1 40 2 512 -3 698 4 461 -5 524 6 804 -7 260 8 276 9 860 10 846
10 1 973 -2 577 3 948 4 961 -5 200 -6 873 -7 200 8 312 9 931 -10 676
10 -1 586 -2 841 3 121 -4 924 -5 588 6 942 7 33 -8 607 9 318 -10 353
10 1 182 -2 86 -3 297 -4 125 -5 351 -6 670 -7 5 8 862 -9 734 -10 640
10 -1 664 2 428 -3 648 4 428 5 924 6 537 -7 501 8 571 9 770 -10 268
10 1 413 2 431 -3 194 -4 444 5 805 -6 563 7 957 -8 957 9 837 10 633
10 1 898 2 614 -3 926 -4 704 -5 951 -6 21 -7 41 -8 530 -9 557 10 817
10 1 905 2 156 3 602 4 335 5 828 -6 224 7 538 8 366 -9 98 -10 884
10 -1 94 2 207 3 294 4 79 5 936 6 669 7 722 8 876 -9 889 -10 366
10 -1 941 -2 963 3 130 -4 637 5 737 6 297 7 838 -8 477 9 545 -10 148
10 -1 867 2 4 3 753 4 609 -5 451 -6 491 -7 476 8 992 9 652 -10 225
10 1 452 2 347 -3 888 4 60 5 1000 -6 619 7 817 -8 557 9 334 10 395
10 -1 96 -2 538 3 432 -4 468 -5 471 6 372 7 392 -8 714 9 424 10 364
10 -1 900 -2 811 -3 994 -4 974 5 696 -6 644 7 533 -8 106 -9 680 -10 317
10 1 672 2 714 3 716 -4 614 5 595 6 634 -7 648 -8 307 -9 149 10 661
10 1 22 2 588 3 11 4 954 -5 826 -6 950 7 949 -8 855 -9 481 -10 743
10 1 759 -2 369 3 78 4 21 -5 747 6 488 -7 623 8 631 -9 884 -10 686
10 1 594 2 721 3 216 -4 270 -5 416 6 982 7 693 8 426 9 614 -10 214
10 -1 769 2 870 3 207 -4 655 -5 432 -6 596 -7 688 -8 734 -9 482 10 370
10 -1 996 -2 25 -3 359 -4 983 5 593 6 152 7 492 8 105 -9 227 -10 760
10 -1 563 2 468 -3 958 4 518 5 812 6 764 -7 70 -8 686 9 104 -10 652
10 1 117 2 100 -3 907 -4 234 5 309 6 506 -7 670 8 504 9 161 -10 587
10 1 132 2 262 -3 184 -4 630 -5 785 6 106 7 604 -8 530 -9 262 10 377
10 -1 326 2 903 3 601 4 78 -5 915 6 108 7 913 8 986 9 55 10 934
10 -1 960 2 763 3 5 -4 798 -5 423 6 315 7 68 8 374 -9 266 10 44
10 -1 861 -2 851 -3 836 4 468 5 892 6 669 -7 264 -8 586 9 818 10 356
10 -1 883 -2 589 -3 56 4 531 -5 358 6 848 7 163 8 774 9 188 -10 891
10 1 110 -2 761 -3 240 4 436 -5 937 6 786 7 225 8 122 -9 80 10 63
10 -1 303 -2 874 3 164 -4 148 -5 804 -6 550 7 5 8 664 9 33 -10 132
10 1 22 2 99 -3 266 4 587 -5 237 6 822 -7 356 -8 905 9 508 10 342
10 -1 978 -2 885 -3 315 -4 485 -5 488 6 751 7 164 8 142 9 712 10 245
10 1 245 2 578 -3 850 4 865 5 364 6 278 -7 840 8 345 -9 898 -10 264
10 1 278 -2 862 -3 499 -4 196 -5 500 6 774 -7 350 8 353 -9 805 -10 141
10 1 249 -2 673 -3 388 -4 83 5 617 -6 405 7 594 -8 659 -9 539 10 942
10 1 193 -2 534 3 137 -4 784 5 247 -6 323 7 752 -8 819 -9 160 10 167
10 -1 406 -2 892 3 850 4 694 -5 293 -6 706 7 352 8 366 9 528 -10 119
10 1 777 2 718 3 748 -4 304 -5 354 6 804 7 589 8 56 9 741 -10 769
10 1 368 2 918 3 54 -4 30 5 717 6 256 -7 630 -8 313 9 289 -10 516
10 -1 863 2 91 -3 405 4 335 -5 720 6 202 7 916 8 17 9 427 10 781
10 1 109 2 259 -3 325 -4 648 5 88 6 707 -7 424 -8 217 9 417 -10 671
10 1 473 2 502 -3 140 4 603 5 956 -6 517 -7 129 -8 356 -9 415 -10 907
10 1 790 -2 122 3 731 4 656 5 585 6 81 7 993 -8 280 9 252 10 491
10 -1 350 -2 555 -3 431 4 215 5 695 -6 403 7 534 -8 695 -9 97 10 470
10 -1 9 2 68 -3 606 -4 804 5 661 6 769 7 791 8 1 9 152 -10 290
10 1 260 -2 416 -3 970 -4 269 -5 685 6 183 -7 109 8 110 -9 731 -10 83
10 -1 683 2 729 -3 911 4 71 5 31 -6 158 7 36 8 977 9 378 10 135
10 -1 149 2 599 3 55 -4 290 5 884 -6 464 7 933 8 116 9 923 -10 272
10 1 862 2 508 3 836 4 149 -5 450 -6 383 -7 382 8 369 9 773 10 281
10 1 22 2 315 -3 884 4 473 5 721 -6 730 -7 30 8 44 -9 861 10 921
10 -1 183 2 97 3 653 -4 969 5 516 6 622 7 371 8 732 -9 288 10 141
10 -1 613 2 150 -3 66 -4 138 5 451 6 360 7 490 8 892 9 588 -10 891
10 1 931 2 606 3 16 4 75 5 127 6 305 7 576 8 365 -9 719 10 504
10 -1 763 -2 293 -3 432 4 92 -5 294 6 330 7 696 8 605 9 74 10 551
10 -1 443 2 250 -3 167 -4 534 -5 632 6 784 -7 961 8 107 -9 13 10 660
10 1 664 2 28 -3 83 4 957 5 414 6 603 -7 248 -8 66 9 106 10 120
10 1 255 -2 949 3 402 4 443 5 41 -6 613 -7 193 -8 322 -9 318 10 855
10 1 801 -2 887 3 800 -4 573 5 927 6 513 7 233 -8 558 -9 70 10 381
10 -1 192 -2 238 3 859 -4 874 -5 576 6 793 -7 129 8 284 9 914 10 39
10 -1 731 -2 774 3 964 -4 182 -5 624 6 253 7 805 8 955 -9 84 10 539
10 -1 565 2 985 3 254 -4 454 -5 576 -6 903 7 283 -8 145 -9 151 -10 612
10 -1 813 -2 419 3 572 -4 600 -5 807 6 116 7 599 8 416 -9 941 10 71
10 -1 628 2 159 -3 971 -4 609 5 736 6 673 -7 933 8 570 9 986 10 915
10 1 666 2 261 -3 746 -4 549 -5 422 6 444 7 832 8 869 -9 460 10 702
10 1 963 2 347 -3 765 4 687 -5 222 6 286 -7 612 8 653 9 724 -10 396
10 1 905 -2 60 -3 506 -4 691 5 138 6 442 7 192 8 115 9 563 10 416
10 -1 595 2 47 3 491 4 155 5 975 6 805 7 69 -8 626 -9 715 10 156
10 1 587 -2 109 3 853 -4 583 5 105 6 243 -7 136 8 778 9 385 10 5
10 1 35 -2 761 -3 929 4 8 5 928 6 919 7 62 8 422 9 573 10 348
10 -1 611 -2 773 -3 197 -4 360 5 734 -6 311 7 986 8 866 -9 446 10 170
10 -1 167 2 500 3 763 -4 693 -5 97 -6 408 -7 325 -8 655 -9 222 10 389
10 1 626 -2 28 -3 207 -4 895 5 342 6 738 7 797 8 325 9 462 10 235
10 -1 825 -2 601 -3 47 -4 675 -5 476 -6 907 -7 352 8 591 9 893 -10 255
10 1 589 2 819 3 132 4 191 -5 626 -6 794 -7 106 8 153 -9 790 -10 533
10 -1 465 -2 305 3 527 -4 1000 5 774 6 513 7 450 8 836 9 787 -10 864
10 1 609 2 73 3 501 4 913 -5 1000 6 569 -7 297 8 121 9 24 -10 704
10 -1 52 -2 25 -3 206 4 70 -5 184 6 858 -7 165 -8 978 -9 975 10 485
10 -1 50 2 584 3 913 -4 585 -5 44 -6 879 7 247 8 310 9 47 -10 397
10 1 766 2 595 -3 404 -4 105 5 81 -6 342 7 9 -8 250 -9 953 10 156
10 1 106 2 542 3 852 -4 358 -5 842 -6 235 -7 640 -8 85 -9 758 10 777
10 1 707 -2 878 -3 911 -4 537 -5 569 -6 173 -7 589 -8 297 9 377 -10 739
10 1 13 2 111 3 449 4 378 -5 368 6 312 7 271 8 795 -9 476 -10 46
10 -1 392 2 834 -3 837 -4 739 -5 281 -6 7 -7 634 8 566 -9 179 10 860
10 1 58 2 903 3 247 4 756 5 337 6 226 -7 287 -8 73 9 915 10 24
10 -1 757 2 809 -3 237 4 345 -5 775 6 353 7 350 8 629 9 744 10 729
10 -1 411 -2 793 -3 903 4 365 5 936 -6 593 7 560 8 858 -9 71 -10 901
10 1 16 -2 573 3 796 4 892 5 175 -6 645 7 823 -8 427 -9 996 10 111
10 -1 929 -2 756 -3 441 -4 583 -5 466 6 331 7 962 8 286 9 744 10 845
10 -1 391 -2 86 3 617 4 618 -5 883 6 415 -7 630 -8 149 9 456 -10 43
10 -1 501 2 354 3 153 -4 331 -5 735 6 148 -7 35 -8 265 9 273 10 668
10 -1 324 -2 546 -3 235 4 270 5 537 -6 26 -7 679 -8 417 9 464 -10 375
10 -1 516 -2 277 3 970 -4 90 5 296 -6 281 7 551 -8 987 9 329 -10 615
10 1 807 -2 367 -3 528 -4 949 5 670 6 52 7 893 -8 870 -9 890 10 387
10 1 764 2 708 -3 485 4 323 -5 90 -6 731 -7 592 8 554 9 307 -10 637
10 1 972 2 286 -3 328 -4 424 5 151 -6 147 7 480 -8 57 -9 395 -10 791
10 1 131 2 404 3 922 4 80 5 413 6 895 -7 164 8 258 9 837 10 371
10 -1 460 2 908 -3 739 -4 116 -5 912 6 8 7 25 -8 742 -9 546 10 863
10 1 438 -2 81 3 273 -4 335 5 396 6 450 7 42 8 65 9 694 -10 568
10 -1 647 -2 365 -3 81 4 259 5 933 -6 815 7 254 -8 604 9 711 10 347
10 -1 725 2 349 -3 647 4 495 -5 95 -6 367 -7 752 -8 94 -9 993 -10 940
10 1 750 -2 365 -3 579 -4 596 -5 221 -6 747 -7 763 8 944 -9 564 -10 255
10 1 996 2 63 3 185 -4 168 -5 147 -6 783 -7 312 -8 351 9 509 10 582
10 -1 276 -2 105 3 619 -4 179 5 589 -6 789 -7 540 8 251 9 92 -10 812
10 -1 606 -2 85 3 292 -4 315 -5 223 -6 930 7 445 -8 749 9 1 -10 689
10 -1 240 2 864 -3 135 4 961 -5 826 6 280 -7 528 -8 442 -9 288 -10 475
10 -1 171 2 651 3 980 -4 980 5 797 6 341 7 873 8 649 -9 748 10 168
10 1 958 2 776 -3 179 -4 124 5 896 6 324 7 54 -8 531 -9 721 10 744
10 -1 511 2 807 -3 3 4 812 -5 218 6 98 -7 788 -8 895 -9 956 -10 933
10 -1 747 -2 726 -3 370 -4 729 5 236 -6 832 -7 782 8 372 9 448 10 861
10 -1 225 2 856 -3 222 -4 8 5 49 -6 655 -7 142 8 172 -9 622 10 583
10 -1 493 2 765 -3 637 -4 95 5 591 -6 99 -7 93 8 382 -9 58 10 863
10 -1 143 2 416 3 469 -4 56 -5 759 6 805 7 721 -8 402 9 240 10 313
10 1 579 2 215 -3 354 -4 382 -5 18 -6 196 7 455 8 519 9 941 -10 537
10 1 770 2 489 3 353 -4 483 5 222 -6 138 7 974 8 798 -9 96 10 885
10 1 199 2 365 -3 335 4 556 5 117 6 457 -7 468 -8 932 9 526 10 132
10 1 260 2 587 3 924 -4 702 5 387 6 845 -7 787 8 684 -9 65 -10 940
10 -1 423 2 646 -3 571 4 523 -5 118 -6 59 7 928 -8 680 -9 825 -10 155
10 -1 910 -2 824 -3 971 -4 320 5 513 6 363 7 124 -8 75 -9 695 10 302
10 -1 416 -2 726 3 470 -4 776 -5 98 6 406 7 856 8 746 -9 278 -10 124
10 -1 222 -2 598 3 588 -4 170 -5 334 -6 387 7 754 8 614 -9 848 -10 717
10 1 414 -2 122 -3 102 4 70 5 120 -6 765 -7 460 -8 428 -9 285 -10 135
10 -1 55 -2 214 -3 991 -4 323 5 268 -6 163 -7 727 -8 858 9 800 -10 826
10 1 555 -2 745 -3 989 4 834 -5 506 6 227 7 710 8 502 9 842 10 629
10 -1 690 2 288 -3 329 4 245 5 836 6 281 -7 211 8 560 -9 792 10 595
10 1 294 -2 215 3 400 4 878 5 979 6 109 7 466 -8 782 -9 778 10 467
10 1 542 -2 677 -3 932 -4 345 5 483 6 427 -7 234 -8 460 9 274 10 768
10 -1 508 -2 423 -3 522 4 863 5 345 6 873 7 922 8 560 9 158 10 224
10 -1 192 2 375 3 18 -4 774 -5 409 -6 732 7 356 8 203 9 219 -10 185
10 -1 120 -2 162 3 835 4 74 -5 800 -6 13 -7 201 8 267 9 179 -10 113
10 -1 562 -2 384 3 42 4 926 -5 631 -6 589 -7 325 8 401 9 405 10 382
10 1 906 -2 417 3 657 4 660 5 2 6 25 -7 58 -8 658 -9 417 10 428
10 -1 719 -2 274 3 928 -4 574 -5 899 6 783 7 765 -8 437 9 702 -10 509
10 1 461 2 72 -3 773 -4 270 -5 780 -6 930 7 239 -8 430 9 51 10 285
10 1 768 -2 358 3 640 -4 21 5 687 -6 891 -7 706 -8 455 -9 880 -10 908
10 -1 243 2 799 3 613 -4 840 5 218 -6 532 7 167 -8 820 -9 5 10 12
10 -1 117 -2 100 3 665 -4 963 5 852 6 299 -7 826 -8 567 -9 434 -10 916
10 -1 764 -2 73 3 682 -4 80 5 907 -6 690 -7 636 -8 628 -9 310 10 98
10 -1 78 -2 210 -3 776 4 805 -5 657 6 191 7 635 -8 323 -9 831 10 892
10 1 946 -2 883 -3 444 4 217 -5 875 6 196 -7 508 8 661 9 702 10 507
10 1 36 2 525 -3 353 4 10 5 319 6 998 7 540 8 644 -9 475 10 747
10 1 985 -2 374 -3 68 4 668 5 188 6 350 -7 57 8 610 9 707 10 844
10 1 515 2 601 3 962 4 404 -5 860 -6 609 7 866 -8 913 9 663 -10 588
10 -1 228 -2 713 -3 200 4 502 -5 830 6 703 -7 774 8 631 9 491 -10 629
10 1 267 2 659 3 684 -4 535 5 763 -6 258 -7 42 -8 390 9 121 10 301
10 -1 111 -2 942 3 452 4 740 -5 170 -6 604 7 81 -8 89 9 179 -10 883
10 1 220 2 352 -3 453 -4 507 -5 286 -6 885 7 919 -8 140 -9 805 -10 108
10 1 446 2 207 3 598 4 690 5 477 -6 321 -7 506 -8 6 9 471 -10 680
10 -1 124 2 428 -3 641 4 655 5 894 -6 688 -7 883 -8 436 -9 440 10 877
10 1 955 -2 376 -3 818 -4 256 5 320 6 113 -7 497 8 117 9 20 -10 870
10 1 448 -2 677 3 981 -4 747 -5 459 6 129 7 232 -8 238 -9 937 10 102
10 1 925 2 188 3 40 -4 28 -5 955 -6 342 -7 491 -8 429 -9 392 -10 26
10 -1 817 -2 694 -3 330 4 364 5 581 6 500 -7 809 -8 244 9 11 -10 843
10 -1 711 -2 402 3 15 -4 339 5 602 6 627 7 205 -8 671 9 71 -10 864
10 -1 769 -2 994 -3 5 4 875 5 472 -6 539 -7 962 -8 972 -9 114 -10 894
10 1 542 -2 40 3 605 4 473 -5 187 -6 556 -7 866 -8 315 -9 411 -10 212
10 1 241 2 479 3 516 -4 674 5 83 -6 970 -7 74 8 255 -9 379 10 84
10 1 668 -2 185 3 359 4 705 5 284 -6 6 7 235 8 649 -9 98 -10 317
10 -1 92 -2 279 -3 214 4 338 -5 787 6 345 7 278 -8 570 -9 762 10 662
10 -1 780 2 247 3 869 -4 509 -5 708 6 827 7 180 -8 301 -9 323 -10 642
10 -1 777 2 33 -3 114 -4 614 5 589 6 468 -7 602 -8 447 9 896 -10 896
10 1 309 -2 432 -3 324 -4 955 -5 429 6 100 7 756 8 967 -9 634 -10 549
10 -1 614 2 116 3 810 -4 741 5 904 6 601 -7 913 8 417 -9 91 -10 474
10 -1 154 2 535 3 84 4 448 -5 343 6 32 -7 440 8 978 -9 761 10 479
10 -1 97 -2 764 3 321 4 358 5 313 -6 398 -7 928 8 538 9 34 -10 736
10 1 8 2 221 3 504 -4 831 5 33 -6 336 7 478 8 296 -9 987 -10 984
10 1 219 -2 583 -3 564 -4 735 -5 655 -6 912 7 667 -8 8 9 624 -10 126
10 1 798 2 999 -3 524 4 523 -5 226 6 651 7 131 -8 548 -9 22 -10 221
10 1 172 2 788 -3 409 -4 237 -5 762 6 33 7 83 8 895 9 842 -10 155
10 -1 211 2 932 3 54 -4 619 -5 486 -6 772 -7 855 -8 314 -9 883 -10 186
10 -1 361 2 38 3 411 -4 639 -5 821 -6 241 -7 837 8 96 9 792 10 866
10 1 190 2 500 3 266 4 805 -5 551 -6 360 -7 563 8 260 9 527 10 506
10 -1 255 -2 590 -3 637 4 171 -5 172 -6 452 7 202 8 954 -9 35 10 769
10 -1 981 2 430 -3 352 4 544 -5 53 -6 422 -7 39 -8 822 9 810 -10 399
10 1 743 -2 146 -3 628 -4 2 -5 218 6 135 7 346 8 351 9 750 -10 941
10 -1 414 -2 240 3 89 -4 372 5 632 -6 107 7 915 8 360 9 217 10 245
10 1 121 2 612 -3 894 -4 715 5 806 6 979 7 878 -8 852 -9 883 -10 393
10 -1 406 2 145 3 668 4 525 5 961 6 629 -7 649 -8 31 9 629 -10 937
10 -1 510 -2 35 -3 679 4 376 -5 806 6 594 7 411 -8 39 -9 487 -10 161
10 1 417 2 705 3 673 -4 564 5 449 6 34 7 514 -8 262 -9 994 10 782
10 1 194 2 405 3 509 4 273 -5 451 6 200 7 648 8 296 9 256 10 907
10 -1 214 -2 431 3 47 -4 230 -5 869 6 912 7 405 8 479 -9 395 -10 638
10 -1 596 2 142 3 343 -4 490 5 186 6 702 -7 217 -8 283 9 396 -10 40
10 -1 655 2 155 3 250 -4 361 -5 534 6 510 7 138 8 915 9 45 -10 933
10 1 749 2 922 3 542 -4 330 -5 766 -6 153 7 602 8 957 9 123 -10 965
10 1 919 -2 82 3 816 4 159 5 926 -6 718 7 155 -8 749 9 844 10 332
10 -1 995 2 9 -3 894 4 792 5 796 6 106 -7 962 8 766 9 209 10 78
10 -1 614 2 946 -3 155 4 980 -5 23 6 848 7 655 -8 577 -9 470 10 2
10 -1 613 2 689 3 235 -4 669 5 812 6 342 7 432 -8 21 9 349 -10 731
10 1 194 -2 360 3 447 4 146 5 396 -6 277 -7 166 -8 677 -9 821 -10 271
10 1 503 -2 898 3 715 -4 217 -5 851 6 569 -7 569 8 489 9 955 -10 727
10 1 595 2 975 -3 725 4 505 -5 233 -6 606 -7 717 8 636 -9 504 10 567
10 -1 815 2 85 -3 394 4 349 5 389 -6 867 -7 315 8 868 9 278 10 807
10 -1 12 -2 769 -3 824 4 992 -5 265 -6 138 -7 843 -8 151 -9 782 10 185
10 1 42 2 435 3 207 4 889 5 389 6 210 -7 537 8 705 9 692 10 176
10 -1 184 2 858 3 581 4 943 5 533 -6 510 7 175 8 505 -9 509 10 314
10 1 248 -2 728 -3 458 4 603 5 737 -6 364 7 697 -8 352 -9 27 -10 841
10 1 748 2 791 -3 311 4 605 5 640 6 861 7 951 -8 292 9 886 -10 924
10 1 472 2 771 -3 428 -4 663 5 508 6 770 7 132 -8 586 9 89 10 407
10 -1 420 -2 795 -3 160 -4 882 -5 930 6 446 7 321 -8 171 9 580 10 489
10 1 108 -2 502 3 2 -4 207 5 959 -6 232 -7 80 -8 565 9 281 10 508
10 1 491 2 868 3 782 4 988 5 19 -6 28 -7 728 -8 185 9 573 10 968
10 -1 493 2 279 3 806 4 297 5 105 -6 424 7 222 8 638 9 789 -10 794
10 1 809 -2 398 3 937 -4 207 -5 715 -6 843 7 885 8 216 -9 135 10 700
10 -1 561 2 122 -3 371 -4 725 5 721 -6 2 -7 209 8 178 -9 175 -10 606
10 -1 396 -2 517 -3 251 -4 604 -5 754 6 801 7 71 8 920 9 189 -10 994
10 1 527 2 632 3 766 -4 708 5 932 -6 1 -7 37 8 741 9 618 10 953
10 1 514 -2 538 3 761 -4 577 -5 93 -6 501 -7 361 8 322 9 460 10 540
10 1 119 2 223 3 25 -4 962 -5 528 6 78 7 577 -8 754 -9 384 -10 756
10 1 48 -2 222 3 131 -4 181 5 417 6 157 -7 110 -8 837 9 318 10 810
10 1 735 2 447 3 374 4 799 -5 549 -6 275 7 89 -8 761 9 817 -10 646
10 -1 673 -2 723 -3 958 -4 506 -5 311 6 232 7 70 8 745 -9 30 10 851
10 -1 312 2 122 -3 653 4 769 -5 238 6 822 7 202 8 860 -9 985 -10 525
10 -1 291 -2 917 3 184 -4 495 5 101 6 760 -7 85 -8 898 9 162 10 469
10 1 297 2 167 -3 750 -4 792 5 807 6 943 7 690 -8 108 -9 409 -10 518
10 -1 107 2 36 -3 365 -4 131 5 335 -6 128 -7 477 -8 361 -9 849 10 525
10 -1 641 -2 805 3 30 -4 657 5 867 -6 52 7 479 8 317 -9 719 10 965
10 1 658 -2 767 3 626 -4 68 -5 629 -6 213 -7 842 8 799 -9 661 -10 853
10 -1 234 -2 862 -3 429 -4 490 -5 706 6 29 7 187 8 975 9 783 -10 114
10 -1 689 -2 807 3 43 -4 278 -5 800 6 674 7 100 -8 853 -9 402 10 390
10 1 813 2 540 -3 197 -4 465 -5 876 6 624 -7 774 8 418 9 925 10 778
10 1 402 2 891 -3 708 -4 507 5 524 -6 312 7 254 -8 258 9 653 10 219
10 -1 758 2 196 3 54 -4 408 -5 860 6 799 7 830 -8 704 9 487 -10 421
10 1 533 2 199 -3 850 -4 706 -5 577 -6 824 7 955 8 264 9 338 10 950
10 -1 951 2 129 -3 873 -4 954 5 202 6 982 7 646 -8 643 9 352 -10 492
10 1 49 2 334 3 645 -4 301 5 272 -6 446 7 977 -8 558 9 750 10 429
10 -1 717 -2 214 3 760 4 305 5 768 -6 128 7 35 -8 439 -9 582 10 760
10 -1 682 2 163 3 11 4 268 5 121 6 61 -7 96 -8 958 9 50 10 599
10 -1 247 2 846 -3 738 4 104 5 106 6 478 7 888 -8 50 -9 886 -10 504
10 -1 43 -2 294 -3 602 -4 245 -5 273 -6 374 7 99 8 66 9 86 10 408
10 1 415 -2 76 3 642 4 931 -5 449 -6 172 -7 107 8 847 9 650 10 77
10 -1 516 -2 135 3 985 -4 319 -5 700 6 715 -7 144 -8 428 9 71 -10 130
10 1 10 2 471 3 765 4 37 5 937 6 552 7 130 8 571 -9 12 -10 679
10 -1 835 2 237 3 701 4 253 -5 532 -6 178 7 807 8 26 -9 169 10 681
10 -1 783 2 267 3 622 4 222 5 947 -6 862 7 979 8 628 9 541 -10 833
10 -1 70 -2 894 3 362 -4 246 -5 982 -6 407 -7 948 8 390 -9 601 10 119
10 1 735 -2 793 -3 394 4 144 5 923 -6 183 7 294 8 661 -9 474 -10 572
10 -1 73 -2 586 3 969 -4 452 5 404 -6 745 7 545 -8 731 9 37 -10 552
10 1 668 2 62 -3 547 -4 807 5 901 6 136 -7 303 -8 705 -9 225 10 936
10 -1 512 2 378 -3 34 4 541 5 576 -6 173 7 999 -8 867 9 13 10 548
10 1 553 2 957 -3 697 4 917 -5 377 6 617 -7 298 8 57 -9 962 -10 789
10 1 833 2 6 3 707 -4 712 -5 701 -6 864 -7 432 -8 302 -9 534 -10 731
10 1 896 -2 133 -3 944 -4 587 5 534 6 770 7 37 8 428 9 873 10 695
10 1 748 -2 278 3 445 -4 412 -5 197 6 606 7 34 8 887 -9 698 10 537
10 -1 270 2 164 3 850 -4 168 -5 344 -6 977 -7 364 8 376 9 153 -10 249
10 1 55 -2 469 -3 817 -4 232 5 143 -6 387 7 799 -8 460 9 538 -10 402
10 -1 340 -2 46 3 673 -4 655 -5 285 6 203 -7 278 -8 551 -9 910 10 157
10 1 106 2 874 3 541 4 752 5 312 6 239 -7 460 8 603 9 460 -10 788
10 -1 805 -2 651 -3 40 -4 862 5 665 6 945 7 265 -8 817 9 429 -10 356
10 -1 91 -2 926 3 181 -4 660 5 452 -6 553 7 745 -8 145 9 168 10 261
10 -1 465 -2 262 3 661 -4 326 5 232 6 86 7 662 -8 503 9 79 -10 283
10 -1 490 -2 784 -3 886 4 240 5 596 6 118 -7 28 8 819 9 65 -10 814
10 -1 811 -2 132 3 441 4 833 5 390 6 707 -7 820 8 880 -9 282 10 568
10 1 780 2 46 3 849 -4 836 -5 360 -6 432 -7 869 8 627 9 202 10 89
10 -1 198 -2 535 3 802 -4 317 -5 818 -6 518 7 923 -8 200 9 42 10 786
10 1 773 -2 916 -3 586 4 157 5 942 6 599 -7 362 -8 37 -9 925 -10 529
10 1 795 2 201 3 107 4 859 -5 200 6 31 7 228 -8 303 9 537 10 60
10 -1 108 -2 560 -3 121 4 814 -5 533 -6 493 -7 811 -8 983 -9 973 -10 99
10 -1 255 2 545 -3 9 -4 740 5 180 -6 842 -7 13 -8 203 -9 308 10 316
10 1 999 2 717 -3 660 4 753 5 582 -6 809 -7 89 -8 571 -9 669 -10 299
10 -1 727 2 865 -3 888 4 20 -5 231 -6 370 -7 928 8 927 -9 486 10 408
10 1 605 -2 201 3 558 4 759 -5 785 6 500 -7 415 -8 602 9 982 10 894
10 1 730 -2 566 -3 691 -4 458 5 866 -6 618 7 587 8 639 9 524 -10 765
10 1 453 2 137 -3 34 4 707 -5 654 6 412 7 918 -8 695 -9 808 -10 231
10 -1 916 2 922 -3 949 -4 363 -5 236 -6 644 7 979 8 753 -9 361 10 555
10 -1 16 -2 928 -3 550 4 121 5 394 6 972 -7 17 8 3 -9 516 -10 997
10 1 480 -2 434 -3 625 4 961 -5 600 -6 157 -7 665 -8 773 9 690 10 545
10 1 364 2 45 3 868 -4 77 -5 919 6 500 -7 856 8 175 9 656 -10 522
10 -1 321 -2 661 -3 187 4 321 5 865 -6 321 7 897 8 612 9 711 -10 962
10 -1 202 -2 127 -3 331 -4 257 5 280 6 593 7 50 -8 799 9 787 10 100
10 1 537 -2 246 3 821 -4 872 5 785 6 760 7 230 -8 447 9 851 -10 570
10 -1 346 2 926 -3 525 -4 943 -5 365 6 309 7 826 -8 56 9 984 -10 496
10 -1 408 2 390 -3 787 4 283 5 385 6 877 7 265 8 613 -9 328 -10 21
10 1 26 -2 273 3 353 -4 778 -5 603 -6 730 7 805 8 855 9 661 10 405
10 1 57 2 431 -3 619 -4 254 5 777 -6 908 -7 27 -8 906 -9 399 -10 271
10 1 115 -2 638 3 569 -4 735 5 32 -6 311 -7 769 -8 261 -9 139 10 977
10 -1 82 2 883 3 1000 -4 280 5 241 -6 510 -7 858 8 388 9 479 10 896
10 1 616 -2 263 -3 594 -4 761 5 548 6 513 -7 261 8 227 -9 799 10 807
10 1 732 2 263 3 471 4 963 5 386 -6 549 -7 704 8 173 -9 16 10 382
10 -1 497 2 686 3 346 -4 57 -5 800 6 288 7 501 8 252 -9 721 10 507
10 1 277 2 331 -3 347 -4 929 -5 549 -6 231 7 884 -8 200 -9 92 -10 198
10 -1 518 -2 389 3 445 4 300 -5 91 6 834 -7 746 -8 612 9 232 10 943
10 1 100 -2 156 -3 638 4 678 5 84 -6 997 7 961 8 542 -9 21 -10 37
10 -1 489 -2 591 -3 413 -4 247 5 923 6 588 -7 22 -8 37 9 159 -10 929
10 1 516 -2 208 3 789 4 792 -5 285 -6 234 7 270 8 351 9 431 -10 927
10 -1 1 -2 98 3 139 -4 250 5 15 6 34 -7 483 -8 717 -9 333 -10 13
10 -1 443 2 256 -3 565 4 868 5 795 6 876 7 745 8 845 9 426 -10 475
10 -1 450 2 650 -3 535 4 877 -5 96 6 836 -7 908 8 572 -9 978 -10 107
10 1 548 -2 772 -3 543 4 364 -5 348 6 280 -7 740 8 158 9 754 -10 477
10 1 537 2 828 -3 109 -4 944 5 874 6 836 7 172 8 143 9 367 10 590
10 -1 749 2 14 3 415 4 629 5 193 6 354 7 595 -8 304 9 23 10 927
10 -1 988 -2 999 3 388 4 600 -5 829 -6 446 7 304 8 108 9 361 10 285
10 -1 390 2 883 -3 883 4 177 -5 848 6 958 7 738 8 872 9 599 10 88
10 -1 350 2 88 -3 625 4 548 5 431 6 655 -7 462 -8 528 -9 702 -10 156
10 1 255 2 861 -3 344 -4 877 -5 361 6 630 7 860 8 216 9 71 -10 833
10 -1 861 -2 787 3 130 4 495 -5 801 6 678 -7 412 -8 846 -9 271 10 406
10 1 149 2 195 3 190 4 516 -5 330 -6 840 -7 381 8 88 -9 460 10 390
10 1 837 -2 476 -3 853 -4 638 -5 678 -6 308 7 387 -8 323 -9 61 10 933
10 -1 423 2 547 3 801 4 471 5 612 6 71 7 659 8 261 -9 284 10 337
10 1 418 -2 439 3 325 -4 600 5 966 6 528 7 587 -8 174 -9 786 -10 830
10 -1 39 2 260 -3 568 -4 904 -5 184 6 407 -7 422 8 431 -9 162 10 735
10 1 61 -2 813 3 631 4 801 -5 278 -6 239 -7 496 8 148 -9 770 10 740
10 1 45 -2 958 -3 2 -4 341 5 227 6 846 -7 325 -8 16 -9 339 10 924
10 1 528 2 808 3 721 -4 39 5 205 -6 742 -7 223 -8 995 -9 62 10 55
10 -1 97 -2 983 3 490 4 46 -5 576 -6 755 7 589 -8 23 9 71 10 778
10 -1 162 2 283 3 68 4 323 -5 191 -6 829 -7 328 8 241 9 124 -10 50
10 -1 387 2 259 -3 33 4 830 -5 678 -6 337 7 291 8 47 9 290 10 621
10 1 395 2 441 -3 430 -4 906 5 83 6 378 7 678 8 206 9 637 10 708
10 1 847 -2 268 -3 243 4 51 -5 265 -6 739 -7 673 8 454 -9 24 -10 351
10 1 446 2 406 3 401 4 866 -5 522 -6 403 7 317 -8 103 9 918 -10 20
10 -1 633 2 219 3 152 4 737 -5 214 6 193 -7 377 -8 568 9 409 -10 201
10 -1 69 2 817 -3 592 4 642 5 508 6 705 -7 277 8 486 9 481 -10 857
10 -1 338 -2 919 -3 877 4 972 -5 619 6 692 -7 273 8 55 9 291 -10 824
10 -1 374 -2 251 -3 913 -4 231 -5 239 6 290 -7 654 8 305 -9 516 10 159
10 1 129 -2 936 -3 513 -4 677 5 201 6 20 -7 495 8 303 -9 552 -10 264
10 1 40 2 949 3 336 -4 565 5 25 -6 832 7 263 8 483 9 386 10 382
10 1 822 -2 792 3 808 4 820 -5 425 6 797 -7 460 8 172 -9 581 -10 496
10 -1 299 -2 236 -3 385 4 226 5 735 6 475 -7 336 -8 716 9 101 10 458
10 -1 633 2 273 3 11 4 481 -5 696 6 766 7 133 -8 721 -9 45 10 241
10 1 437 -2 835 -3 123 4 31 5 727 -6 892 7 317 -8 266 -9 640 -10 72
10 -1 340 2 134 3 203 -4 238 5 454 -6 377 7 463 8 210 -9 741 10 509
10 -1 973 2 534 -3 930 4 438 5 618 -6 870 7 355 -8 1 -9 144 -10 799
10 -1 581 -2 631 -3 522 4 334 5 505 -6 702 -7 460 -8 557 9 201 -10 366
10 -1 654 2 973 -3 482 -4 269 -5 48 6 559 7 378 -8 517 -9 523 -10 514
10 -1 549 2 168 3 535 -4 546 -5 91 -6 870 7 525 8 857 -9 329 -10 896
10 1 385 -2 186 -3 917 -4 116 5 960 -6 918 7 330 -8 249 -9 486 -10 585
10 1 948 2 246 3 317 4 881 5 93 6 908 -7 205 8 919 9 780 -10 20
10 1 307 2 369 -3 230 -4 345 -5 598 -6 680 -7 166 -8 702 9 601 -10 589
10 -1 119 -2 138 -3 134 4 586 -5 943 -6 962 7 482 8 812 -9 102 10 9
10 1 35 -2 77 3 346 -4 807 5 130 -6 407 -7 281 -8 830 9 57 10 754
10 1 789 -2 389 -3 808 4 962 -5 883 -6 724 -7 639 8 380 -9 549 -10 634
10 -1 62 -2 12 3 938 4 78 5 982 6 913 -7 814 8 625 -9 119 10 213
10 -1 974 2 903 -3 345 4 90 -5 984 -6 978 7 268 8 879 -9 280 -10 191
10 1 42 -2 67 -3 773 -4 777 -5 903 6 436 -7 850 8 661 9 23 10 469
10 1 218 -2 678 3 245 4 472 5 92 6 140 7 955 8 580 -9 748 10 751
10 1 827 -2 766 3 514 4 670 -5 927 -6 499 7 331 -8 254 -9 308 -10 112
10 1 830 -2 698 3 122 4 778 5 175 -6 231 7 999 8 580 -9 589 10 66
10 1 26 2 270 3 932 -4 340 -5 873 6 162 -7 939 8 3 9 472 -10 500
10 1 52 -2 64 -3 389 -4 705 -5 325 -6 242 -7 617 -8 713 9 501 -10 888
10 -1 944 2 17 -3 492 4 316 5 182 -6 952 7 486 -8 582 -9 73 -10 316
10 -1 468 -2 895 -3 640 -4 96 5 450 -6 817 -7 716 -8 939 9 526 10 613
10 1 260 2 310 -3 336 4 375 -5 711 -6 616 7 467 8 439 9 218 -10 227
10 -1 298 -2 59 -3 207 -4 123 5 261 6 901 7 6 8 959 -9 398 10 299
10 -1 223 -2 145 3 793 4 723 -5 109 -6 879 7 377 -8 166 9 284 -10 560
10 -1 284 2 195 3 165 4 87 5 285 6 264 -7 251 8 808 -9 834 -10 432
10 -1 351 2 372 -3 651 -4 164 -5 513 -6 372 -7 516 -8 969 -9 857 10 513
10 1 805 -2 180 -3 791 -4 50 5 772 6 279 -7 281 8 390 -9 185 10 147
10 -1 736 -2 279 -3 817 -4 947 5 946 6 801 7 579 -8 164 -9 456 10 662
10 -1 895 -2 625 3 758 4 969 5 163 -6 740 -7 821 8 773 -9 955 10 798
10 1 685 2 55 3 663 -4 232 5 134 6 779 -7 492 8 20 -9 589 10 344
10 1 934 2 753 -3 188 4 536 -5 92 -6 840 7 761 8 889 9 81 -10 435
10 -1 807 -2 332 -3 773 -4 559 -5 332 6 168 -7 849 8 652 9 246 10 430
10 -1 462 2 86 3 13 4 834 -5 113 -6 257 -7 164 8 565 9 946 10 689
10 1 716 -2 272 3 28 -4 430 -5 498 6 568 7 303 8 398 9 561 -10 330
10 1 7 -2 858 -3 174 4 424 5 880 -6 717 7 319 8 537 9 738 -10 235
10 1 753 2 595 3 827 -4 723 5 476 -6 957 7 62 8 12 -9 537 10 26
10 -1 586 -2 612 -3 837 4 866 5 19 -6 196 -7 421 -8 500 -9 278 10 730
10 1 339 2 340 3 492 4 804 5 280 -6 316 -7 451 -8 508 -9 833 10 779
10 1 625 2 907 -3 672 4 532 5 414 6 348 -7 453 -8 366 9 954 -10 194
10 1 583 -2 119 3 293 -4 913 5 357 6 157 -7 152 8 850 9 433 -10 593
10 1 321 2 9 3 7 -4 657 -5 476 -6 134 -7 362 -8 562 -9 861 -10 553
10 1 815 2 988 -3 532 4 994 -5 58 6 982 -7 599 8 870 -9 697 10 352
10 1 920 2 480 3 381 -4 421 5 190 6 871 -7 47 -8 22 9 738 10 335
10 1 234 -2 73 3 416 -4 485 5 601 6 471 7 272 -8 616 9 987 -10 186
10 -1 240 -2 969 -3 999 -4 883 5 637 6 621 -7 654 -8 682 9 542 10 749
10 -1 550 2 104 -3 52 4 82 5 783 6 720 -7 626 8 566 9 704 -10 132
10 -1 782 -2 646 -3 383 4 248 -5 742 -6 401 -7 752 -8 723 -9 879 10 457
10 -1 402 -2 154 -3 382 4 214 5 684 -6 517 -7 205 -8 165 -9 357 10 443
10 1 823 2 657 -3 342 4 817 5 409 -6 824 7 668 8 316 -9 901 10 127
10 1 209 2 477 3 854 -4 687 -5 759 -6 769 -7 67 -8 362 9 927 10 27
10 -1 422 2 989 -3 245 4 330 -5 359 -6 844 -7 947 8 995 9 58 -10 455
10 1 180 -2 362 3 967 -4 306 5 818 6 148 7 635 8 239 9 653 -10 492
10 -1 385 -2 159 3 510 4 1 5 604 -6 839 7 635 -8 305 9 417 -10 388
10 -1 497 2 461 3 651 -4 516 -5 174 6 487 -7 716 8 733 9 191 -10 529
10 -1 485 2 42 3 165 -4 870 5 599 -6 663 -7 142 -8 504 -9 643 -10 506
10 -1 860 -2 247 -3 37 -4 802 -5 50 6 136 -7 350 8 759 9 312 -10 47
10 1 592 2 870 -3 743 -4 796 5 612 -6 721 -7 268 -8 399 9 516 10 930
10 -1 719 -2 39 -3 833 4 964 5 254 6 765 7 40 -8 973 -9 282 10 478
10 1 296 -2 304 -3 648 4 538 5 395 6 430 7 741 -8 376 -9 602 10 367
10 1 868 2 889 3 421 4 357 5 573 6 891 7 616 -8 490 9 265 -10 729
10 -1 279 2 917 3 834 4 748 5 991 6 827 -7 839 8 617 9 546 10 655
10 1 505 -2 201 3 704 4 278 -5 22 6 589 -7 482 8 312 9 570 10 93
10 -1 849 2 659 3 93 -4 133 5 98 -6 625 7 71 8 255 -9 865 10 88
10 1 120 2 920 -3 568 -4 591 5 178 -6 423 -7 363 -8 150 -9 800 -10 725
10 -1 313 -2 111 -3 362 -4 195 -5 812 -6 806 7 271 8 895 9 420 -10 491
10 -1 865 -2 319 -3 404 4 201 -5 465 -6 520 -7 471 -8 328 -9 883 -10 588
10 1 579 -2 776 3 739 4 361 -5 24 -6 172 -7 120 8 64 -9 180 -10 582
10 -1 920 -2 751 3 240 -4 329 -5 109 6 960 7 519 -8 640 -9 872 -10 590
10 -1 378 -2 359 3 734 4 320 -5 937 -6 564 7 153 8 52 9 682 10 722
10 1 816 2 191 -3 404 -4 514 5 902 6 763 -7 509 -8 282 -9 470 -10 809
10 -1 398 -2 329 3 807 4 717 -5 898 6 120 -7 712 8 333 -9 854 10 639
10 -1 261 -2 416 3 702 -4 25 5 981 -6 118 -7 36 -8 449 -9 86 -10 413
10 1 364 2 193 3 252 -4 869 5 542 6 500 7 285 -8 700 -9 417 10 705
10 1 89 2 362 -3 266 -4 983 5 824 6 127 7 842 8 246 -9 814 -10 269
10 -1 144 -2 153 -3 732 -4 870 5 325 -6 853 -7 447 -8 383 -9 726 -10 179
10 -1 296 -2 712 3 788 -4 857 5 721 6 680 -7 518 8 889 9 854 10 9
10 -1 335 -2 108 3 6 -4 125 5 839 6 589 -7 833 -8 643 -9 198 10 313
10 1 722 2 119 3 82 -4 658 5 275 6 654 -7 127 8 436 9 690 10 484
10 1 115 -2 747 -3 509 -4 215 5 702 6 884 7 434 8 848 9 398 10 924
10 -1 299 -2 616 -3 291 -4 934 5 805 -6 588 -7 625 8 589 -9 305 -10 664
10 1 143 2 909 -3 777 4 141 -5 291 6 318 -7 724 -8 877 -9 142 10 148
10 -1 277 2 268 3 484 -4 896 -5 784 -6 934 -7 723 8 23 -9 183 10 677
10 1 139 2 690 -3 445 -4 417 5 610 -6 584 -7 201 8 740 -9 80 -10 377
10 1 253 -2 787 -3 772 -4 116 5 806 6 968 7 884 -8 166 -9 438 10 281
10 -1 666 -2 483 3 262 4 147 5 805 6 728 -7 977 8 489 9 114 10 719
10 -1 617 -2 511 -3 555 -4 698 -5 273 -6 192 7 754 8 418 -9 146 -10 37
10 1 15 -2 70 3 647 4 609 -5 744 6 713 7 269 -8 274 9 796 -10 99
10 -1 809 2 819 -3 828 -4 528 5 281 -6 273 -7 322 8 883 -9 637 10 675
10 -1 298 2 935 3 438 -4 964 5 400 6 662 -7 47 8 849 9 294 -10 980
10 -1 567 -2 582 3 47 4 698 -5 998 6 505 7 712 -8 10 9 707 10 378
10 1 797 -2 620 -3 661 4 604 5 558 6 465 7 162 -8 878 -9 1000 -10 112
10 -1 4 2 792 -3 384 4 297 5 820 -6 587 -7 572 8 267 -9 62 10 424
10 -1 838 -2 208 -3 228 -4 145 5 956 6 279 -7 316 -8 305 9 504 10 396
10 -1 3 -2 714 3 583 -4 769 -5 366 6 872 -7 412 -8 397 9 195 10 43
10 -1 328 2 547 -3 608 4 186 -5 381 -6 197 -7 633 -8 378 -9 797 -10 491
10 -1 506 2 843 3 655 -4 871 5 635 -6 212 7 476 -8 377 -9 604 -10 349
10 -1 464 2 545 3 80 4 578 5 890 -6 400 -7 196 8 453 9 312 -10 937
10 -1 500 -2 817 -3 117 4 165 -5 975 6 754 7 538 -8 282 -9 683 10 670
10 1 879 -2 24 3 297 4 678 5 914 6 709 7 742 -8 817 9 939 -10 269
10 1 174 -2 306 -3 789 4 774 -5 860 -6 816 -7 612 -8 808 9 876 10 618
10 1 942 -2 864 -3 14 -4 163 -5 152 -6 749 -7 342 -8 473 9 975 10 513
10 -1 930 2 180 3 146 -4 786 5 780 -6 885 -7 233 -8 701 -9 980 10 243
10 1 999 2 984 -3 448 4 873 5 294 -6 659 7 31 -8 191 9 341 -10 101
10 -1 750 2 785 -3 648 4 254 5 357 -6 361 -7 114 8 696 -9 863 10 596
10 -1 391 2 863 3 599 -4 613 5 897 6 340 -7 630 -8 717 -9 743 10 117
10 -1 969 2 483 -3 58 -4 157 5 957 -6 69 -7 286 -8 201 -9 855 10 2
10 1 981 -2 389 -3 808 -4 617 5 599 -6 63 -7 399 8 221 -9 322 -10 827
10 1 175 2 397 3 180 4 636 -5 137 6 757 -7 917 -8 989 9 497 10 731
10 1 503 -2 143 -3 507 4 271 5 8 6 143 -7 379 8 40 9 516 10 231
10 -1 25 -2 2 -3 600 4 454 -5 466 6 358 -7 621 -8 85 -9 251 -10 965
10 -1 35 2 236 3 443 4 337 5 37 6 584 7 97 -8 636 9 550 -10 757
10 -1 927 -2 605 3 218 -4 591 5 711 6 476 7 144 8 872 9 365 -10 627
10 -1 138 -2 644 -3 915 4 554 5 688 6 866 7 60 8 886 9 640 -10 515
10 1 894 2 777 -3 579 4 615 5 85 6 530 7 981 -8 988 -9 730 10 190
10 1 893 -2 159 -3 300 -4 492 5 328 -6 57 7 282 8 372 -9 462 10 693
10 -1 280 2 632 -3 201 4 21 -5 59 6 387 7 74 8 591 9 465 10 454
10 1 365 2 742 -3 963 -4 480 -5 768 -6 151 7 240 -8 520 -9 596 10 791
10 1 209 2 203 -3 141 4 131 -5 700 -6 899 -7 666 8 828 9 415 -10 354
10 -1 311 2 518 -3 405 4 691 -5 97 -6 407 -7 678 -8 612 -9 172 10 345
10 1 424 -2 694 3 786 -4 698 -5 139 -6 685 -7 873 8 896 9 342 -10 747
10 1 272 2 226 3 922 4 413 -5 724 -6 689 -7 950 8 73 9 648 10 33
10 -1 286 2 226 3 35 -4 376 -5 429 6 843 -7 23 8 925 -9 455 10 624
10 -1 249 -2 497 3 745 -4 798 -5 43 -6 609 -7 704 -8 475 9 446 10 781
10 -1 168 -2 40 3 802 -4 123 -5 805 6 813 -7 847 -8 213 -9 913 10 235
10 1 895 -2 85 3 460 4 142 5 459 6 581 7 83 8 624 -9 569 -10 64
10 1 233 2 456 3 85 4 631 -5 265 6 87 -7 672 8 354 9 28 -10 425
10 -1 727 -2 65 3 211 4 543 5 169 -6 114 7 396 -8 792 9 267 -10 491
10 -1 273 -2 802 3 545 4 497 -5 383 -6 521 7 533 8 419 9 185 10 556
10 -1 655 2 488 3 987 4 377 5 964 6 352 7 195 -8 282 9 904 -10 860
10 1 494 -2 552 -3 687 4 399 5 631 6 302 7 233 8 867 -9 539 -10 265
10 -1 156 -2 833 3 290 4 180 5 727 6 554 -7 797 8 182 -9 146 -10 435
10 1 624 -2 716 -3 660 4 376 5 35 6 681 7 395 8 672 -9 967 10 615
10 -1 222 -2 268 3 17 -4 549 -5 859 6 281 -7 274 -8 864 -9 962 -10 527
10 -1 510 2 845 3 791 -4 512 -5 856 6 522 -7 79 8 229 -9 799 -10 427
10 -1 603 2 568 3 577 -4 688 5 17 6 257 -7 929 8 27 9 10 10 267
10 1 162 -2 846 3 203 -4 836 5 505 6 721 -7 188 -8 744 9 683 10 985
10 1 880 2 209 3 762 -4 52 -5 491 -6 921 -7 806 -8 916 -9 791 10 905
10 1 776 -2 180 -3 832 -4 584 5 680 -6 11 -7 356 8 181 -9 831 10 412
10 -1 444 2 12 3 255 4 951 -5 132 6 293 -7 373 -8 492 9 961 10 234
10 -1 884 -2 363 3 545 4 485 5 318 -6 864 -7 382 8 631 -9 98 10 65
10 1 778 -2 491 -3 459 -4 871 5 773 -6 452 7 505 -8 280 -9 861 10 293
10 1 127 2 843 -3 303 4 618 5 144 -6 531 -7 825 -8 767 9 863 -10 976
10 1 424 2 793 -3 178 4 187 -5 91 -6 211 7 103 8 779 9 921 10 28
10 1 677 2 779 -3 16 4 209 5 414 6 456 7 868 8 394 9 445 10 283
10 1 117 -2 84 -3 377 4 114 5 114 6 562 -7 657 8 281 9 176 -10 438
10 1 438 -2 616 3 791 -4 340 5 372 -6 229 7 202 8 498 9 704 10 167
10 -1 682 -2 988 3 742 4 798 -5 616 -6 420 -7 861 8 218 9 85 10 789
10 -1 469 -2 105 3 838 -4 400 5 823 6 228 -7 111 -8 581 9 926 10 181
10 1 532 2 467 3 940 4 825 -5 879 6 825 7 252 -8 598 9 656 -10 915
10 1 107 -2 836 -3 72 -4 440 -5 984 6 380 -7 501 -8 514 -9 829 -10 659
10 -1 930 -2 186 3 754 -4 591 5 874 6 848 7 765 -8 822 -9 278 10 578
10 -1 828 -2 331 3 82 -4 145 -5 668 6 80 -7 790 8 787 -9 107 10 211
10 -1 93 2 861 3 824 -4 161 5 173 -6 941 7 398 -8 735 9 332 10 979
10 -1 236 -2 820 3 166 4 586 -5 279 -6 674 -7 310 -8 836 -9 910 -10 193
10 1 719 2 633 3 762 -4 481 -5 621 -6 339 7 446 -8 827 9 515 -10 58
10 1 783 2 363 3 132 4 757 -5 163 -6 360 7 982 8 287 9 927 10 304
10 -1 20 2 304 3 114 -4 124 -5 442 -6 758 7 634 -8 580 9 259 -10 308
10 1 350 -2 853 -3 54 4 793 5 978 6 819 -7 421 8 194 9 645 -10 591
10 -1 6 2 810 -3 480 -4 239 -5 369 6 446 -7 951 8 782 9 125 10 907
10 1 820 2 836 3 581 -4 92 -5 458 -6 465 -7 695 -8 840 9 843 -10 974
10 1 302 -2 519 -3 522 -4 299 5 961 6 365 7 466 -8 573 9 676 10 309
10 -1 749 -2 667 3 443 -4 792 5 507 6 401 7 925 8 230 9 942 10 90
10 -1 500 -2 945 -3 216 4 956 -5 304 -6 370 7 1000 8 124 9 271 -10 920
10 -1 228 -2 419 -3 663 -4 752 5 786 -6 72 7 634 8 285 -9 333 10 528
10 1 918 2 988 3 291 4 387 5 55 -6 350 7 184 -8 703 9 187 -10 327
10 1 180 -2 188 3 851 4 402 -5 732 6 662 -7 620 8 60 9 789 10 480
10 -1 227 2 681 3 462 -4 734 5 978 6 291 7 132 -8 528 -9 636 10 755
10 1 627 2 937 -3 792 -4 241 5 574 -6 859 7 302 -8 847 9 109 10 635
10 1 96 2 530 -3 526 4 432 5 452 -6 847 7 978 -8 408 -9 919 -10 920
10 -1 463 -2 187 3 948 -4 355 5 100 -6 939 -7 634 8 386 -9 589 -10 323
10 1 928 -2 140 -3 906 4 74 -5 840 -6 310 -7 625 -8 397 9 553 -10 730
10 1 245 -2 20 -3 504 4 337 -5 458 -6 215 -7 875 -8 894 -9 229 -10 260
10 1 752 2 745 -3 234 -4 240 -5 140 -6 566 -7 200 8 383 -9 52 10 619
10 1 910 2 766 3 926 -4 208 5 335 6 471 7 531 8 3 -9 606 10 121
10 -1 685 2 612 3 359 4 791 5 435 6 688 7 503 -8 510 -9 869 10 840
10 1 816 2 172 3 735 -4 320 -5 627 6 728 -7 139 -8 540 9 225 10 494
10 1 59 2 859 -3 631 -4 858 5 714 6 196 -7 504 -8 304 9 186 10 48
10 -1 215 -2 102 3 6 4 861 -5 983 -6 709 -7 330 -8 810 9 881 10 785
10 -1 203 2 639 -3 306 4 587 -5 572 -6 731 -7 655 8 74 9 401 -10 829
10 1 104 -2 535 -3 908 4 607 -5 567 -6 363 -7 253 -8 954 9 509 10 272
10 1 146 -2 439 -3 428 -4 908 5 68 6 842 -7 193 8 438 9 218 10 154
10 -1 115 -2 744 3 737 -4 606 -5 331 6 612 7 975 8 173 9 203 10 635
10 -1 533 2 700 -3 494 4 297 -5 898 6 551 -7 762 8 851 -9 855 10 245
10 -1 955 -2 358 3 678 4 776 5 449 -6 501 -7 210 8 957 9 442 10 535
10 1 481 2 370 -3 475 4 863 5 426 -6 531 7 549 8 805 9 584 10 958
10 -1 277 -2 615 3 931 -4 201 5 43 6 136 7 958 -8 741 9 986 10 615
10 -1 825 2 572 -3 189 -4 809 -5 354 -6 385 -7 999 8 858 -9 588 10 639
10 -1 80 -2 849 -3 554 -4 965 5 100 -6 569 7 133 -8 897 -9 614 10 803
10 -1 590 -2 340 3 503 -4 187 -5 293 6 679 -7 254 8 192 9 325 10 459
10 -1 620 -2 723 -3 311 -4 277 -5 160 6 809 7 409 8 311 -9 970 -10 281
10 -1 909 -2 437 3 52 4 322 5 891 -6 538 -7 117 8 892 -9 253 10 210
10 -1 790 2 429 -3 556 4 68 5 553 -6 226 -7 12 -8 97 9 883 10 357
10 -1 540 2 819 3 181 4 98 5 495 -6 566 -7 662 -8 62 -9 313 10 463
10 -1 753 2 840 -3 705 -4 687 -5 344 -6 449 -7 187 8 579 -9 296 -10 630
10 -1 204 2 619 -3 324 4 223 -5 303 6 770 -7 205 -8 230 -9 261 10 55
10 1 649 2 550 3 900 4 818 5 94 6 399 -7 267 -8 519 9 892 10 517
10 -1 829 2 133 3 802 -4 645 -5 969 6 477 -7 983 8 180 -9 425 -10 409
10 1 512 2 974 3 319 4 412 5 149 -6 90 7 705 -8 920 9 170 -10 570
10 -1 947 -2 279 3 416 -4 553 -5 672 -6 400 7 618 -8 811 -9 118 -10 94
10 1 175 -2 783 -3 299 -4 62 5 296 -6 680 7 171 8 869 9 16 -10 319
10 -1 309 -2 20 -3 489 -4 376 5 545 6 418 7 914 8 608 9 681 -10 85
10 1 321 2 926 3 318 -4 428 5 290 -6 177 -7 68 8 772 -9 447 -10 446
10 1 864 2 156 3 363 4 710 5 251 6 708 7 892 -8 857 -9 361 10 370
10 1 919 -2 295 -3 425 -4 107 5 621 6 978 -7 35 8 826 9 533 10 455
10 -1 753 2 121 -3 583 4 13 5 65 -6 804 -7 679 -8 350 9 715 -10 953
10 -1 997 -2 573 -3 740 4 962 5 450 -6 790 7 481 -8 891 -9 978 -10 833
10 1 363 2 687 -3 338 -4 514 -5 632 6 577 7 38 -8 714 9 565 10 942
10 -1 118 -2 986 3 243 -4 550 -5 293 6 913 -7 462 -8 239 9 302 10 404
10 -1 658 2 447 -3 533 -4 716 -5 272 6 317 -7 571 8 277 -9 69 10 60
10 1 820 -2 819 3 811 -4 759 -5 958 6 19 -7 45 8 306 9 251 10 983
10 1 16 -2 983 3 538 4 716 5 901 -6 464 7 559 -8 554 9 190 -10 833
10 -1 973 -2 631 3 669 4 888 -5 150 -6 242 -7 952 -8 582 9 896 10 957
10 -1 981 2 536 -3 609 4 477 5 58 -6 638 7 780 8 128 9 15 -10 584
10 1 456 2 724 3 999 -4 814 5 248 -6 369 -7 228 8 379 -9 614 -10 914
10 -1 734 2 144 3 92 4 798 -5 966 6 743 -7 226 -8 821 -9 650 10 643
10 1 360 -2 447 3 186 -4 993 5 177 6 440 -7 993 -8 772 -9 193 -10 276
10 1 503 -2 706 -3 510 4 666 -5 502 -6 179 -7 105 -8 239 9 824 10 797
10 -1 912 2 806 3 904 -4 750 5 19 -6 361 -7 635 -8 46 9 655 10 349
10 -1 378 -2 876 -3 798 -4 103 -5 143 -6 505 7 390 8 930 -9 247 10 76
10 1 634 -2 579 3 409 -4 908 5 804 6 238 -7 929 8 69 9 190 -10 869
10 -1 280 2 915 3 98 -4 913 -5 832 -6 832 7 963 -8 408 9 923 -10 519
10 1 293 -2 225 3 715 -4 282 -5 244 6 870 -7 957 8 688 9 708 -10 54
10 1 798 -2 460 -3 797 4 483 -5 983 6 371 -7 990 -8 72 -9 219 -10 199
10 1 519 2 573 3 268 -4 324 5 406 -6 229 -7 22 8 764 -9 262 -10 913
10 1 119 2 275 -3 895 4 340 5 342 -6 718 -7 684 -8 692 -9 804 -10 420
10 1 552 -2 596 -3 299 -4 186 5 307 6 351 -7 39 -8 771 9 243 10 928
10 1 740 2 544 3 34 4 629 -5 648 -6 205 7 178 8 862 -9 9 -10 719
10 -1 312 2 580 3 596 -4 251 5 547 6 235 -7 905 -8 787 -9 358 10 668
10 -1 813 -2 473 3 924 -4 869 5 452 -6 297 7 252 8 795 -9 973 -10 326
10 -1 695 2 527 -3 764 -4 49 5 77 -6 283 7 216 8 783 -9 436 10 103
10 1 393 2 340 3 6 4 165 -5 839 -6 862 -7 843 8 925 9 656 10 268
10 1 473 2 756 3 311 -4 624 5 96 -6 836 -7 890 8 733 -9 977 -10 895
10 1 412 2 439 -3 8 -4 364 5 364 6 919 -7 824 -8 205 9 400 -10 851
10 1 570 -2 523 -3 786 4 184 -5 171 -6 419 7 850 -8 419 -9 926 -10 395
10 1 384 -2 167 3 328 -4 767 -5 358 -6 992 7 455 -8 181 9 61 10 786
10 1 277 2 975 -3 697 -4 580 5 797 6 289 7 684 8 113 -9 197 10 588
10 1 347 2 995 -3 686 4 373 5 369 -6 520 7 773 -8 882 -9 310 -10 653
10 1 959 2 85 3 692 -4 178 5 4 6 539 -7 753 -8 463 -9 557 -10 918
10 1 37 2 984 3 272 4 231 5 281 6 124 -7 535 8 653 9 465 -10 767
10 1 460 -2 79 -3 427 4 784 -5 846 6 977 7 272 8 491 -9 437 10 999
10 1 743 2 539 3 299 4 797 -5 766 -6 351 -7 672 8 430 9 427 10 298
10 -1 479 -2 46 -3 964 -4 814 5 973 -6 654 -7 531 -8 279 9 172 10 791
10 -1 845 -2 81 3 15 -4 644 -5 866 6 460 -7 649 -8 579 -9 887 -10 29
10 1 859 2 379 3 991 -4 958 -5 417 -6 363 -7 863 -8 25 -9 448 10 592
10 -1 362 2 853 -3 169 -4 217 -5 705 -6 179 -7 112 -8 429 9 43 -10 989
10 1 394 2 696 3 673 4 84 5 294 -6 777 -7 157 -8 331 9 390 10 64
10 1 793 2 986 3 602 4 63 -5 203 6 898 7 602 -8 752 -9 667 -10 954
10 1 408 -2 1 -3 98 -4 897 5 259 -6 50 7 570 8 590 9 281 -10 751
10 -1 971 2 70 3 388 4 564 -5 566 -6 743 -7 216 8 78 9 431 10 421
10 -1 851 -2 799 -3 669 4 481 -5 420 6 241 -7 588 8 328 -9 890 10 887
10 1 892 -2 690 3 658 -4 433 -5 60 -6 753 -7 954 -8 423 -9 598 10 16
10 1 979 -2 829 3 636 -4 903 -5 380 6 118 -7 782 8 790 -9 377 10 198
10 -1 616 -2 487 -3 572 4 821 -5 429 6 402 7 57 -8 502 -9 565 10 812
10 -1 309 -2 268 3 570 -4 195 -5 669 6 223 -7 714 8 123 9 148 10 842
10 -1 731 2 557 -3 984 4 114 -5 556 -6 732 7 294 -8 972 9 422 10 642
10 -1 58 -2 118 -3 566 4 2 5 62 6 189 7 662 -8 841 9 937 -10 382
10 -1 695 2 334 -3 154 -4 899 5 544 6 463 7 981 8 990 9 839 10 796
10 1 311 2 357 -3 185 -4 16 5 16 -6 464 7 41 -8 518 9 21 10 781
10 1 678 2 7 -3 104 4 945 5 824 6 459 7 218 -8 988 9 621 10 608
10 -1 702 2 141 3 782 -4 584 -5 986 6 511 7 733 -8 364 -9 64 -10 285
10 -1 860 2 380 3 23 4 263 5 316 -6 678 -7 950 8 46 -9 483 10 433
10 1 522 -2 811 -3 151 -4 849 -5 620 6 314 7 304 -8 314 -9 314 10 233
10 -1 7 -2 428 -3 205 4 645 -5 988 -6 28 7 123 8 65 9 566 -10 931
10 -1 474 -2 945 -3 915 -4 743 -5 629 6 309 -7 547 -8 260 -9 888 10 682
10 1 178 -2 894 -3 147 4 631 5 910 -6 959 -7 913 8 761 -9 303 10 71
10 -1 539 -2 27 -3 409 4 860 -5 818 -6 542 -7 966 -8 136 -9 848 10 333
10 1 850 -2 309 -3 71 4 413 5 258 -6 220 7 905 8 440 9 763 -10 432
10 1 864 -2 720 -3 666 4 682 5 295 6 761 7 229 8 737 -9 726 10 274
10 -1 602 2 112 3 532 4 477 5 514 6 723 -7 531 -8 146 -9 420 -10 857
10 1 941 -2 200 3 168 -4 891 5 572 -6 909 -7 438 8 324 9 546 10 721
10 1 569 -2 496 3 905 -4 340 5 447 6 598 -7 273 8 973 9 818 10 995
10 -1 341 -2 348 -3 55 4 939 -5 241 6 146 7 36 -8 562 -9 324 10 261
10 1 971 2 552 -3 74 4 261 -5 118 -6 334 7 615 -8 385 -9 877 -10 537
10 -1 421 -2 866 -3 206 -4 604 -5 964 -6 765 7 494 8 151 -9 129 10 559
10 -1 643 2 599 -3 68 -4 867 -5 378 -6 456 7 204 -8 808 9 865 10 328
10 1 507 -2 417 -3 644 4 217 5 915 -6 340 7 119 -8 697 9 533 -10 196
10 1 11 2 391 3 943 4 170 5 952 6 298 7 258 8 101 9 205 10 764
10 -1 67 2 652 -3 496 4 246 -5 688 -6 808 -7 152 8 750 -9 394 10 42
10 -1 109 -2 188 -3 357 4 576 -5 105 -6 176 7 711 8 884 -9 482 -10 162
10 -1 68 -2 922 3 576 -4 362 -5 158 6 618 7 857 8 549 -9 863 10 904
10 -1 605 2 793 3 854 -4 810 5 667 6 640 7 884 -8 667 -9 598 10 943
10 1 652 -2 891 -3 311 4 429 -5 948 6 65 -7 468 8 99 -9 375 10 874
10 -1 820 -2 343 3 512 4 738 5 671 -6 656 7 87 -8 913 9 809 -10 287
10 -1 832 -2 56 -3 697 4 740 5 974 -6 908 -7 738 8 119 9 952 10 833
10 -1 233 -2 885 3 381 -4 318 -5 914 6 689 7 584 -8 109 -9 286 -10 548
10 -1 329 -2 110 -3 125 -4 420 5 244 6 926 -7 110 8 771 9 914 10 615
10 -1 460 -2 399 3 890 -4 239 -5 591 -6 718 -7 682 8 196 -9 911 10 849
10 -1 254 -2 614 -3 961 4 580 -5 996 -6 8 -7 635 8 842 -9 496 10 790
10 1 339 -2 518 -3 366 4 715 -5 915 6 738 -7 572 -8 574 9 448 10 942
10 1 38 2 112 -3 195 4 898 -5 104 6 553 -7 852 8 70 -9 262 -10 275
10 -1 142 -2 103 -3 198 4 29 5 638 -6 376 7 509 8 18 -9 994 10 889
10 1 254 -2 290 -3 148 4 987 5 809 6 816 -7 449 -8 233 9 596 -10 168
10 1 603 -2 403 -3 806 4 638 -5 268 6 891 7 318 -8 778 -9 463 10 11
10 -1 453 2 50 -3 771 -4 461 5 705 -6 52 7 331 8 879 -9 336 10 917
10 -1 682 2 970 3 45 -4 673 5 172 -6 569 -7 495 8 516 9 656 10 83
10 1 660 -2 712 3 651 4 101 5 106 -6 924 7 929 -8 207 -9 834 10 451
10 1 795 2 572 -3 658 -4 817 5 210 6 599 7 986 -8 850 9 501 -10 690
10 1 516 -2 42 -3 100 4 451 -5 851 6 554 7 789 -8 423 -9 132 10 457
10 1 129 2 374 -3 940 -4 969 5 625 -6 736 7 461 -8 816 -9 354 10 258
10 -1 886 2 525 -3 507 -4 175 -5 128 -6 104 -7 896 8 337 -9 216 -10 428
10 1 365 -2 556 3 682 -4 658 5 486 -6 354 -7 239 -8 264 -9 735 -10 815
10 -1 627 2 60 3 107 -4 696 -5 128 6 430 7 244 -8 25 9 717 10 172
10 -1 551 2 833 -3 859 -4 689 5 628 6 246 7 521 8 793 -9 888 10 678
10 1 24 2 70 3 61 4 816 5 590 -6 475 7 520 -8 76 -9 273 -10 916
10 -1 49 2 508 3 400 -4 233 5 637 6 264 -7 812 -8 682 9 782 10 307
10 1 915 -2 163 3 905 4 481 5 220 -6 258 -7 647 8 914 -9 790 -10 608
10 1 278 2 318 3 376 4 305 -5 445 -6 829 7 179 8 236 -9 1 -10 671
10 -1 589 -2 388 3 915 -4 307 5 214 -6 616 7 495 -8 242 -9 634 10 317
10 1 93 2 452 3 189 -4 763 -5 127 6 754 7 619 -8 254 9 289 10 686
10 1 935 -2 181 3 800 4 237 5 74 6 755 -7 926 8 325 9 421 -10 722
10 1 40 -2 620 3 311 -4 31 -5 546 -6 77 7 145 -8 957 -9 170 10 804
10 -1 588 -2 85 3 777 4 188 5 263 -6 105 -7 920 -8 913 -9 804 10 369
10 1 790 2 990 -3 357 4 181 -5 329 6 364 -7 802 8 951 -9 838 10 118
10 -1 412 2 575 -3 617 -4 294 -5 519 6 246 -7 52 -8 623 -9 174 -10 42
10 1 891 2 901 -3 882 4 72 5 386 -6 435 -7 599 8 33 9 396 -10 851
10 -1 666 -2 481 -3 119 -4 73 -5 214 6 560 -7 77 -8 678 -9 980 -10 275
10 1 758 2 949 3 382 4 16 5 258 6 398 7 343 -8 378 -9 706 10 843
10 -1 297 -2 105 -3 967 4 336 5 428 6 144 7 918 -8 987 9 652 -10 468
10 1 150 -2 61 -3 362 4 690 -5 228 6 362 -7 943 -8 150 9 339 10 259
10 -1 831 -2 816 -3 532 -4 129 -5 409 6 632 -7 436 -8 287 -9 474 -10 189
10 -1 315 2 457 -3 391 4 782 5 647 6 713 -7 899 8 808 9 599 10 518
10 1 13 -2 418 -3 423 -4 290 -5 295 6 478 7 778 8 924 -9 147 10 626
10 1 404 2 353 3 800 4 857 5 224 -6 520 -7 890 -8 632 9 626 -10 233
10 -1 576 -2 562 -3 443 -4 981 5 196 6 840 -7 501 -8 322 -9 986 10 642
10 -1 716 2 378 -3 159 4 789 -5 339 -6 366 -7 611 -8 694 -9 3 -10 773
10 -1 520 2 789 -3 331 4 357 5 203 -6 728 -7 190 8 336 -9 436 10 226
10 -1 344 -2 524 3 658 -4 326 5 270 6 721 -7 337 -8 258 -9 853 10 525
10 -1 966 -2 44 -3 90 4 982 -5 32 -6 15 7 672 -8 344 9 251 10 220
10 1 745 2 493 -3 508 -4 202 -5 351 6 451 -7 9 -8 283 -9 455 10 788
10 -1 639 2 795 -3 711 4 852 5 423 -6 364 7 303 -8 329 -9 489 10 92
10 -1 674 -2 819 -3 725 -4 481 -5 23 -6 6 -7 585 -8 735 -9 47 -10 588
10 1 207 -2 152 3 317 -4 244 -5 74 6 29 7 172 -8 673 -9 8 -10 968
10 -1 42 -2 584 -3 399 4 714 5 561 -6 889 7 476 -8 31 9 723 -10 235
10 -1 621 -2 558 -3 163 -4 232 5 268 6 981 7 753 8 809 9 867 10 814
10 1 173 -2 109 3 156 -4 320 5 583 6 888 -7 626 8 86 9 13 -10 519
10 1 212 2 850 3 517 -4 993 -5 402 -6 884 -7 333 -8 226 9 340 -10 895
10 -1 209 2 92 -3 988 4 726 -5 119 6 959 7 606 -8 211 -9 399 -10 796
10 1 715 2 413 -3 3 -4 713 -5 681 -6 44 7 93 -8 664 -9 117 -10 89
10 -1 275 -2 899 3 96 -4 727 -5 760 6 854 -7 911 -8 84 9 152 -10 798
10 -1 656 2 266 3 225 -4 745 5 734 6 663 -7 645 8 596 -9 781 10 433
10 1 388 -2 316 3 831 4 992 5 872 6 389 7 656 -8 309 9 914 10 690
10 -1 920 2 144 3 650 4 421 5 837 6 851 7 501 -8 354 -9 546 10 204
10 1 113 2 210 -3 919 4 500 5 428 -6 108 -7 569 8 331 -9 899 -10 468
10 1 182 -2 24 3 580 -4 202 5 221 6 175 -7 944 -8 25 9 751 10 382
10 1 162 2 219 3 821 4 390 -5 668 -6 428 -7 99 8 844 9 35 10 505
10 -1 619 -2 245 3 849 -4 813 5 103 -6 683 -7 257 8 690 9 475 -10 92
10 1 932 2 410 -3 155 4 461 5 584 -6 739 -7 619 8 29 -9 336 -10 660
10 -1 452 -2 400 3 966 4 357 -5 718 6 660 7 825 8 860 -9 295 10 315
10 1 650 2 720 -3 946 4 154 -5 974 6 412 -7 274 8 73 9 264 10 379
10 -1 855 2 418 -3 972 4 107 5 43 6 1000 7 394 -8 14 9 220 10 277
10 1 135 2 607 -3 129 4 823 5 283 -6 313 -7 236 8 761 9 862 -10 965
10 -1 579 -2 167 3 287 -4 951 -5 404 6 227 7 208 -8 202 -9 125 10 721
10 1 482 2 326 3 581 4 99 5 258 -6 670 -7 302 -8 655 9 168 -10 212
10 -1 578 2 798 3 340 -4 184 5 177 -6 49 7 862 -8 893 -9 685 -10 618
10 1 648 2 117 3 767 -4 235 -5 510 6 344 7 631 -8 118 9 429 -10 993
10 -1 326 -2 523 -3 256 4 98 -5 673 -6 394 7 914 -8 345 -9 188 10 841
10 -1 139 2 785 3 965 -4 707 -5 91 6 693 -7 352 -8 408 9 129 10 169
10 -1 209 2 453 3 145 -4 65 -5 538 -6 629 -7 331 -8 208 9 953 -10 793
10 -1 346 2 888 3 898 -4 187 5 860 -6 888 7 524 8 246 -9 704 10 175
10 1 942 -2 776 -3 495 4 784 -5 420 6 608 -7 2 8 589 9 62 10 592
10 1 742 -2 451 -3 243 4 363 5 378 6 673 -7 385 8 545 -9 992 10 789
10 -1 922 2 221 -3 481 4 525 5 180 6 611 7 452 -8 93 9 255 -10 52
10 1 479 -2 565 -3 100 4 966 5 454 6 429 7 705 8 520 9 324 -10 372
10 -1 104 -2 689 3 644 4 197 5 644 -6 496 -7 499 -8 240 -9 537 10 560
10 1 975 2 906 -3 93 -4 541 -5 209 6 662 7 720 8 875 -9 902 -10 294
10 1 262 2 681 -3 569 4 469 5 34 -6 381 -7 232 -8 902 9 978 10 839
10 1 616 -2 463 -3 812 -4 908 -5 426 6 162 -7 819 8 462 -9 147 -10 412
10 -1 531 -2 618 -3 488 4 419 -5 43 -6 270 7 997 -8 933 9 884 10 972
10 1 193 -2 668 3 29 -4 356 -5 733 -6 28 -7 401 -8 552 -9 281 10 779
10 -1 166 -2 435 -3 525 4 987 -5 817 -6 721 -7 906 8 519 9 97 10 902
10 -1 68 -2 895 -3 219 4 381 -5 450 6 310 -7 177 8 470 9 436 -10 693
10 1 750 -2 691 3 47 -4 534 -5 626 -6 107 7 384 8 242 9 42 10 993
10 1 954 -2 545 3 687 -4 495 -5 459 -6 893 7 697 8 361 9 51 10 428
10 -1 43 -2 332 3 139 -4 70 -5 521 -6 806 7 902 -8 895 9 849 -10 848
10 -1 754 -2 165 -3 773 4 69 5 126 -6 904 -7 932 -8 417 9 204 -10 197
10 1 461 -2 209 -3 932 -4 208 -5 118 -6 817 7 330 8 626 9 688 -10 968
10 1 107 -2 675 -3 318 -4 993 -5 517 6 350 -7 20 -8 572 -9 313 10 797
10 -1 576 2 657 3 658 4 358 5 553 -6 945 -7 112 8 620 9 670 -10 1
10 -1 283 -2 210 3 641 4 598 5 124 6 889 -7 955 8 955 9 696 -10 644
10 -1 569 -2 454 -3 771 -4 623 -5 748 -6 662 -7 472 -8 988 -9 796 -10 701
10 -1 489 -2 430 -3 207 4 673 -5 642 -6 748 -7 128 8 768 9 548 -10 801
10 -1 680 2 512 3 57 4 931 5 432 6 668 -7 745 8 466 -9 221 10 181
10 -1 473 -2 762 -3 74 -4 547 5 8 6 281 7 700 -8 628 9 781 -10 728
10 1 381 -2 832 -3 282 -4 214 -5 741 6 13 -7 319 8 171 9 371 -10 169
10 -1 37 -2 424 -3 100 -4 772 -5 613 6 607 -7 278 8 242 -9 247 10 67
10 -1 713 2 265 -3 659 -4 266 5 300 -6 76 -7 669 -8 620 -9 902 -10 913
10 -1 767 -2 666 -3 967 4 635 5 398 6 366 -7 563 -8 693 -9 991 10 369
10 1 779 -2 425 3 468 4 830 -5 248 -6 450 -7 891 -8 588 -9 764 -10 30
10 1 355 2 297 3 514 4 737 -5 918 6 777 -7 676 -8 475 -9 91 10 950
10 -1 525 -2 982 -3 623 -4 568 5 604 -6 272 -7 602 -8 794 9 235 -10 669
10 -1 381 -2 681 3 951 4 315 5 128 -6 969 7 368 -8 872 9 277 10 991
10 1 45 2 846 3 327 4 352 -5 759 6 882 -7 516 8 218 9 625 -10 476
10 1 436 -2 914 3 992 4 286 5 774 -6 909 -7 477 -8 640 9 172 -10 707
10 1 764 -2 442 3 307 4 85 -5 146 6 104 7 319 8 904 -9 536 10 931
10 -1 956 -2 116 3 347 4 852 -5 902 -6 171 -7 831 8 939 -9 116 -10 499
10 1 159 2 595 -3 67 -4 722 5 281 6 164 -7 868 8 969 9 381 -10 172
10 -1 225 2 829 3 477 4 451 -5 642 -6 184 7 104 8 761 9 665 -10 98
10 -1 859 -2 458 3 869 -4 771 5 185 6 418 7 213 8 32 9 9 10 896
10 1 802 2 840 3 716 -4 458 5 113 6 637 7 209 8 234 -9 156 -10 206
10 -1 65 -2 806 3 133 -4 681 5 64 -6 82 7 785 8 828 9 67 -10 334
10 -1 327 2 123 -3 763 4 14 -5 744 6 246 7 257 -8 149 -9 644 10 697
10 1 331 -2 217 3 67 4 346 -5 352 -6 104 7 402 8 404 9 138 10 734
10 1 576 2 301 -3 674 -4 344 5 671 -6 541 -7 604 -8 57 9 818 10 374
10 1 64 -2 115 3 639 4 806 -5 87 -6 476 7 277 -8 601 -9 120 10 623
10 -1 177 2 276 -3 515 4 599 -5 474 6 268 -7 434 8 634 9 118 -10 557
10 1 98 2 533 3 278 4 291 5 95 6 738 -7 767 -8 948 -9 390 10 664
10 -1 493 -2 918 -3 616 4 56 -5 285 -6 952 7 298 -8 848 -9 792 -10 172
10 1 265 -2 559 -3 70 -4 293 -5 68 6 820 -7 696 -8 982 -9 841 10 726
10 -1 677 -2 647 -3 198 -4 730 5 415 6 997 -7 251 -8 188 9 276 -10 93
10 -1 222 2 25 -3 816 4 683 5 49 6 448 -7 845 8 363 9 210 -10 474
10 -1 677 -2 581 3 203 -4 37 -5 529 -6 856 7 982 8 607 9 783 10 89
10 -1 661 2 496 -3 534 4 508 5 498 6 214 7 675 8 40 9 621 10 393
10 1 511 -2 149 3 813 4 698 -5 684 -6 432 7 132 -8 987 9 951 10 637
10 -1 578 2 687 -3 971 4 414 5 929 6 937 -7 833 -8 141 -9 483 10 879
10 -1 138 2 816 3 798 -4 410 5 739 -6 982 -7 446 -8 890 9 364 10 819
10 -1 61 -2 905 3 635 -4 383 -5 581 6 560 -7 784 -8 266 9 13 10 209
10 -1 499 -2 369 3 375 -4 199 5 449 -6 796 7 918 -8 158 -9 325 -10 274
10 1 765 -2 780 -3 559 -4 186 5 605 6 897 7 939 8 60 9 649 -10 27
10 1 608 -2 478 -3 361 4 116 -5 814 -6 876 7 77 8 491 9 948 10 613
10 1 681 2 824 3 529 -4 809 5 981 -6 23 7 983 -8 404 9 108 -10 882
10 1 279 2 26 3 961 4 79 -5 498 6 72 -7 464 8 277 -9 332 -10 658
10 -1 349 -2 606 -3 705 -4 177 -5 254 6 134 -7 952 -8 974 -9 464 -10 971
10 1 573 2 641 3 658 -4 991 5 473 6 311 7 95 -8 705 9 92 -10 225
10 -1 766 2 858 3 608 4 470 -5 813 -6 676 7 383 -8 391 9 488 -10 555
10 1 94 -2 445 3 17 4 705 5 589 6 483 7 772 -8 334 -9 662 10 930
10 -1 750 2 310 -3 703 -4 191 -5 322 -6 661 -7 247 -8 907 9 370 10 119
10 1 681 2 653 3 519 4 702 5 942 -6 353 7 689 8 739 9 723 10 275
10 1 462 2 153 -3 952 -4 611 -5 392 -6 456 7 947 8 552 -9 727 -10 67
10 -1 337 -2 818 -3 740 -4 161 5 447 6 881 7 334 -8 408 -9 101 -10 430
10 1 761 -2 321 3 759 4 710 -5 687 -6 483 -7 951 8 883 9 569 10 614
10 -1 897 -2 980 3 67 -4 272 -5 801 6 106 -7 583 -8 412 9 488 -10 531
10 1 645 -2 531 3 248 4 572 5 823 -6 815 -7 138 8 810 -9 143 10 63
10 -1 182 2 317 -3 570 4 768 5 585 6 851 -7 630 8 577 9 560 10 272
10 1 387 -2 962 -3 40 -4 602 5 914 6 24 -7 248 8 801 -9 881 -10 685
10 -1 437 2 514 3 983 4 436 5 375 -6 415 -7 389 -8 262 -9 846 -10 731
10 -1 710 2 61 -3 184 -4 815 -5 173 6 65 7 365 8 57 -9 399 10 94
10 -1 860 -2 126 -3 653 4 167 -5 571 6 945 7 762 8 93 9 927 10 657
10 1 147 2 745 -3 292 -4 632 -5 1000 6 49 7 643 -8 150 -9 827 10 696
10 -1 776 2 558 3 666 4 996 -5 455 6 163 7 835 -8 882 -9 870 10 993
10 1 846 2 440 -3 953 -4 646 5 197 6 260 7 829 -8 139 9 409 10 937
10 -1 451 -2 669 -3 328 -4 71 5 776 -6 828 7 847 8 455 9 467 -10 203
10 -1 698 -2 992 -3 770 -4 609 -5 839 6 662 -7 918 8 710 -9 520 10 811
10 1 668 2 496 3 389 -4 683 -5 680 6 286 7 600 8 70 -9 197 10 839
10 1 77 2 632 -3 201 4 844 5 459 6 427 7 134 -8 997 -9 844 -10 435
10 1 883 -2 28 3 97 -4 500 5 643 -6 242 7 199 -8 952 9 345 -10 617
10 1 57 -2 596 3 968 -4 259 -5 953 6 300 7 931 -8 919 -9 775 -10 886
10 -1 471 2 470 -3 253 4 392 5 94 -6 654 7 995 8 481 9 292 -10 408
10 -1 758 -2 173 -3 441 -4 412 -5 931 -6 170 -7 725 -8 565 9 583 10 938
10 1 528 -2 735 3 966 4 67 -5 220 -6 686 -7 462 8 858 9 913 10 171
10 -1 487 -2 639 3 637 -4 6 5 660 -6 608 -7 632 -8 773 -9 87 -10 929
10 1 865 -2 1 3 437 -4 674 -5 250 -6 359 7 176 8 992 9 610 10 729
10 1 687 2 930 -3 822 -4 402 -5 997 6 655 7 235 -8 602 9 651 10 294
10 1 309 -2 243 -3 988 -4 148 -5 770 -6 887 -7 649 -8 171 -9 582 -10 269
10 -1 855 -2 377 -3 615 -4 384 5 80 -6 685 -7 807 8 467 9 883 -10 567
10 -1 819 -2 290 -3 664 -4 975 -5 365 6 748 7 756 -8 461 9 669 10 879
10 1 509 2 700 -3 925 -4 375 -5 358 6 963 -7 440 -8 14 -9 476 -10 874
10 1 726 2 347 -3 756 -4 471 5 888 -6 225 7 652 -8 753 9 455 -10 448
10 1 835 2 959 -3 712 4 969 -5 145 6 77 -7 872 8 616 9 841 10 889
10 -1 466 -2 819 3 307 4 825 -5 91 -6 822 7 896 8 994 -9 47 -10 353
10 1 606 -2 245 3 802 4 722 -5 457 6 796 7 216 8 75 9 846 10 255
10 -1 496 -2 233 -3 945 4 759 5 976 6 887 -7 975 -8 46 9 61 10 823
10 1 682 -2 981 -3 185 -4 427 -5 405 6 388 7 868 -8 111 9 343 -10 911
10 1 314 2 932 3 613 4 755 5 659 6 598 -7 132 -8 931 -9 349 10 749
10 1 769 -2 701 -3 727 -4 265 -5 472 6 11 7 405 8 659 9 933 10 938
10 1 761 -2 345 -3 653 -4 259 -5 333 -6 198 7 864 -8 993 9 880 -10 871
10 -1 425 2 26 -3 719 4 181 -5 269 -6 268 -7 845 -8 161 9 233 10 242
10 -1 412 -2 764 3 251 4 104 5 234 6 910 7 371 8 952 9 16 -10 942
10 1 264 2 497 -3 372 -4 795 5 129 -6 992 -7 233 -8 740 9 765 10 921
10 1 34 -2 543 -3 695 -4 418 -5 326 -6 122 -7 268 -8 676 -9 706 -10 713
10 -1 376 2 930 3 732 -4 975 5 941 6 207 7 349 8 590 -9 167 10 533
10 1 675 2 350 -3 576 4 740 -5 185 -6 251 7 683 8 594 9 916 10 100
10 1 733 -2 249 -3 212 4 412 -5 913 6 210 -7 202 -8 344 -9 530 10 114
10 1 880 -2 118 -3 505 -4 702 -5 306 -6 127 -7 61 8 274 9 758 -10 256
10 1 738 -2 449 3 11 -4 944 -5 310 -6 552 7 887 -8 404 -9 161 -10 561
10 1 183 2 339 3 849 -4 374 -5 300 6 823 -7 748 -8 422 9 679 10 569
10 1 24 2 839 3 121 4 755 5 192 6 899 -7 173 -8 838 9 298 -10 776
10 1 220 2 553 3 938 -4 202 5 705 -6 933 7 618 8 304 -9 441 -10 367
10 -1 616 2 173 -3 535 -4 698 -5 768 6 660 7 814 -8 661 -9 88 10 34
10 -1 1000 2 480 -3 462 -4 529 5 745 -6 972 -7 404 -8 239 -9 994 -10 980
10 -1 774 -2 469 3 140 -4 763 -5 372 6 17 7 879 8 559 9 23 -10 446
10 -1 375 -2 738 -3 724 4 441 5 794 6 371 7 283 -8 297 9 362 -10 827
10 -1 619 2 237 -3 365 -4 929 -5 590 6 666 7 123 -8 967 9 324 -10 839
10 -1 526 -2 608 -3 460 4 546 -5 241 6 166 -7 454 8 570 9 946 10 978
10 1 756 2 273 -3 24 -4 711 -5 291 6 424 -7 812 -8 230 9 694 -10 667
10 -1 365 2 800 -3 809 4 36 5 250 6 228 7 798 -8 891 -9 543 -10 620
10 -1 5 2 743 -3 660 4 765 -5 872 6 796 -7 195 -8 943 -9 122 10 423
10 1 323 -2 770 -3 828 -4 606 5 579 -6 858 7 821 8 21 9 273 -10 529
10 1 671 2 331 -3 833 4 723 5 576 -6 757 -7 85 -8 854 9 482 -10 926
10 -1 524 -2 444 3 797 4 455 5 419 -6 239 -7 872 -8 261 -9 328 -10 775
10 -1 886 -2 269 3 448 -4 805 -5 306 6 945 7 650 8 975 9 981 10 489
10 1 480 -2 408 3 671 -4 948 -5 799 -6 241 7 445 -8 975 -9 242 -10 701
10 -1 479 -2 896 -3 415 -4 997 5 71 6 81 -7 164 -8 123 9 154 10 137
10 1 295 2 704 -3 543 4 574 5 866 6 494 7 782 -8 139 9 106 -10 132
10 -1 621 -2 379 -3 700 -4 69 5 174 -6 54 7 560 -8 936 9 306 -10 4
10 1 707 -2 41 3 151 4 720 5 933 6 707 -7 685 -8 400 9 605 10 804
10 1 690 2 208 3 453 4 472 5 493 6 660 7 867 8 443 9 639 -10 342
10 -1 442 -2 261 -3 902 4 110 5 200 6 695 7 738 8 822 -9 682 10 803
10 1 11 2 696 -3 873 4 649 5 633 6 559 7 720 8 38 9 228 -10 30
10 -1 677 2 1000 3 830 -4 961 5 260 6 749 7 160 8 659 9 552 -10 361
10 1 362 2 128 -3 248 -4 455 5 21 6 134 -7 449 8 662 9 852 10 640
10 1 473 -2 685 3 846 4 506 -5 657 6 849 -7 850 8 6 9 386 10 81
10 -1 271 2 125 3 702 -4 759 -5 409 6 425 -7 941 8 28 -9 528 10 880
10 -1 713 2 716 3 377 -4 490 5 738 -6 762 -7 279 8 176 -9 345 -10 248
10 1 507 2 107 -3 539 -4 462 -5 397 -6 501 7 923 8 242 -9 531 10 809
10 1 211 -2 124 -3 878 4 947 -5 955 6 441 -7 742 8 994 -9 564 10 274
10 -1 309 2 985 3 817 -4 616 5 700 -6 543 -7 566 8 979 -9 774 10 663
10 -1 743 2 580 3 661 -4 145 -5 387 6 982 7 964 -8 357 9 785 10 853
10 -1 279 -2 202 -3 549 4 302 -5 488 6 424 -7 904 -8 521 -9 669 -10 657
10 -1 533 -2 991 -3 850 -4 573 -5 912 -6 584 -7 122 8 215 9 959 10 372
10 1 71 -2 139 3 56 -4 204 -5 839 -6 243 -7 347 -8 588 -9 523 -10 457
10 1 464 -2 208 -3 369 -4 249 -5 635 -6 681 -7 933 -8 475 -9 121 -10 884
10 1 286 2 255 3 964 4 284 5 875 -6 96 -7 162 -8 324 -9 785 10 552
10 -1 64 2 900 3 215 4 106 5 399 -6 315 -7 599 8 129 -9 823 -10 519
10 -1 282 -2 36 -3 466 4 306 5 641 -6 430 7 673 8 25 9 836 10 49
10 -1 790 2 83 -3 577 -4 941 5 567 -6 73 -7 16 -8 722 -9 762 10 839
10 -1 997 -2 677 -3 832 4 155 -5 29 6 70 7 238 -8 301 -9 85 -10 595
10 -1 90 -2 153 -3 381 -4 376 5 166 6 89 7 396 -8 226 -9 607 -10 433
10 -1 876 -2 955 3 231 -4 922 5 232 -6 740 7 826 8 192 -9 798 10 330
10 -1 25 2 761 3 765 4 657 -5 408 -6 589 -7 817 -8 236 9 16 10 506
10 -1 586 -2 282 -3 509 4 718 -5 663 6 339 -7 108 -8 11 -9 865 -10 682
10 -1 434 -2 91 3 891 4 274 5 913 6 679 7 655 -8 453 9 464 10 630
10 1 144 -2 953 3 269 4 756 -5 938 6 299 7 722 8 72 9 486 10 519
10 1 951 2 872 3 901 4 566 5 641 6 546 -7 532 8 485 -9 520 -10 10
10 -1 894 -2 935 3 184 -4 268 5 572 -6 755 7 591 8 844 -9 427 -10 385
10 1 273 2 63 -3 563 -4 689 5 316 -6 408 -7 43 8 616 9 33 -10 268
10 -1 998 2 205 -3 19 4 792 -5 344 6 638 7 470 -8 397 9 220 -10 985
10 -1 342 -2 556 -3 797 4 468 5 857 -6 708 7 853 8 23 9 440 -10 311
10 -1 848 2 471 3 621 -4 582 5 137 -6 247 7 90 -8 400 9 896 -10 676
10 1 680 2 855 -3 720 -4 42 -5 209 -6 148 -7 75 8 30 -9 689 -10 211
10 1 643 2 397 3 723 -4 954 5 291 -6 666 7 903 8 309 9 144 -10 400
10 1 316 -2 294 3 679 -4 937 -5 438 6 577 -7 555 -8 15 9 777 10 90
10 -1 378 2 266 3 730 4 708 -5 901 -6 464 -7 564 -8 912 9 608 10 807
10 -1 897 -2 830 3 828 4 389 5 204 6 959 -7 241 8 338 -9 657 10 894
10 1 218 -2 745 3 274 4 183 5 810 6 370 7 263 8 460 9 71 -10 7
10 1 58 -2 715 -3 251 -4 220 -5 84 -6 655 7 616 8 112 9 268 10 912
10 -1 241 -2 99 3 723 4 848 -5 285 6 998 -7 627 8 544 -9 966 -10 512
10 1 459 2 885 -3 814 4 684 -5 866 6 870 7 966 -8 55 9 140 -10 775
10 -1 819 2 74 -3 127 4 106 -5 340 -6 416 -7 12 -8 337 -9 284 -10 495
10 1 657 -2 472 3 717 -4 566 -5 127 -6 741 -7 346 8 535 -9 29 10 823
10 1 2 -2 653 -3 474 4 184 -5 364 -6 84 7 525 -8 875 -9 473 10 108
10 1 896 -2 55 3 685 -4 541 5 417 6 971 7 930 8 55 -9 54 10 970
10 1 250 -2 886 -3 729 -4 586 5 645 6 461 -7 443 8 906 -9 981 -10 926
10 -1 535 -2 546 3 470 4 725 5 452 6 742 -7 948 -8 495 9 189 10 502
10 1 853 2 77 3 141 -4 293 -5 939 6 1 7 625 -8 312 9 668 10 904
10 -1 321 -2 474 3 307 -4 586 5 351 -6 91 7 291 8 645 -9 242 -10 419
10 1 572 -2 714 -3 929 4 245 -5 141 -6 650 7 364 -8 548 9 709 -10 963
10 1 438 -2 861 3 979 4 75 5 120 -6 909 7 4 -8 585 9 249 10 785
10 -1 945 -2 897 3 910 4 420 5 689 -6 642 -7 167 8 970 9 426 10 763
10 1 968 2 220 3 517 -4 228 -5 451 -6 863 7 145 8 71 9 452 -10 763
10 1 959 2 891 3 687 -4 879 5 481 6 380 -7 958 8 959 -9 129 10 938
10 -1 583 2 208 3 233 4 496 -5 710 6 24 7 57 -8 907 9 977 -10 932
10 -1 775 -2 591 3 929 -4 604 5 838 -6 638 -7 600 8 96 -9 325 -10 325
10 1 865 -2 433 -3 115 4 351 5 598 -6 70 7 177 8 694 -9 815 -10 942
10 1 570 -2 522 -3 119 -4 758 -5 570 6 543 7 19 -8 582 -9 250 10 575
10 -1 75 2 638 3 916 4 366 -5 570 6 340 7 774 8 597 9 778 10 140
10 -1 68 2 598 3 938 4 971 -5 459 6 604 7 703 8 762 9 897 10 572
10 -1 131 -2 306 3 420 -4 732 -5 701 -6 331 -7 985 -8 491 9 746 -10 203
10 1 609 2 466 -3 374 -4 803 5 729 -6 733 -7 393 -8 933 9 811 -10 630
10 1 855 -2 433 -3 945 4 404 5 321 -6 347 7 375 8 747 -9 776 10 963
10 1 905 2 917 3 568 4 218 -5 322 -6 238 -7 64 -8 505 -9 134 -10 135
10 1 494 2 708 -3 507 -4 545 5 623 6 272 -7 215 8 352 -9 269 -10 877
10 1 54 2 950 3 820 4 257 -5 173 6 771 -7 684 -8 381 -9 569 -10 730
10 -1 7 -2 408 -3 380 4 275 -5 611 6 608 -7 191 8 942 9 244 -10 217
10 -1 516 -2 779 3 506 -4 731 5 814 6 801 7 79 8 698 9 397 10 435
10 1 690 -2 157 3 575 4 312 5 838 -6 692 7 953 8 138 -9 502 -10 171
10 1 309 2 700 -3 903 4 938 -5 80 -6 809 7 108 -8 829 9 460 10 253
10 -1 730 2 615 -3 335 4 273 5 389 6 22 -7 424 8 731 -9 890 10 661
10 1 690 -2 700 -3 336 -4 55 5 814 -6 98 7 47 8 528 -9 387 10 127
10 1 260 -2 744 3 528 4 253 5 874 6 816 7 570 -8 567 -9 623 -10 714
10 -1 195 2 76 3 341 -4 373 -5 607 6 213 7 803 -8 184 -9 459 10 712
10 -1 531 -2 984 3 604 4 400 -5 764 -6 342 7 444 8 927 9 534 10 248
10 1 982 2 106 -3 402 4 170 5 943 6 346 -7 918 -8 912 9 723 -10 548
10 -1 290 -2 373 3 241 -4 301 -5 799 6 272 7 567 8 861 9 57 10 102
10 -1 601 2 371 3 36 -4 988 5 816 -6 299 7 11 -8 20 9 978 -10 752
10 1 207 -2 763 3 396 4 721 5 724 -6 585 -7 589 8 668 -9 238 10 290
10 1 223 -2 618 -3 29 -4 598 5 1000 6 618 -7 950 -8 461 -9 955 10 817
10 1 812 -2 9 3 115 -4 23 -5 881 -6 979 7 361 8 578 -9 336 -10 724
10 1 155 2 984 -3 554 4 809 -5 481 -6 965 -7 410 8 535 9 483 10 678
10 1 151 -2 76 3 687 4 384 5 798 -6 669 -7 639 8 338 9 162 -10 729
10 -1 69 2 178 3 8 4 51 5 561 6 48 -7 233 -8 796 9 21 -10 382
10 1 566 2 612 -3 850 4 702 5 967 -6 102 7 796 8 55 -9 784 -10 661
10 -1 553 2 299 3 626 -4 488 5 961 -6 709 -7 788 8 764 9 409 -10 591
10 -1 450 -2 336 3 410 4 641 -5 839 -6 124 -7 749 8 173 9 330 -10 768
10 -1 958 2 316 3 453 -4 580 5 896 -6 905 -7 888 8 836 9 734 10 825
10 1 738 -2 244 3 915 -4 787 5 657 -6 104 -7 351 8 908 9 684 10 356
10 -1 200 -2 978 -3 147 -4 993 5 872 -6 697 7 881 -8 844 9 405 10 215
10 -1 460 2 251 3 393 -4 425 -5 708 6 406 7 713 8 520 -9 765 10 34
10 1 68 2 399 3 296 -4 437 -5 24 -6 770 7 459 8 31 9 582 -10 679
10 1 51 2 508 3 626 -4 683 -5 482 -6 440 -7 46 8 229 9 693 10 343
10 1 617 2 759 -3 406 -4 937 -5 327 -6 90 7 321 -8 34 -9 312 -10 283
10 1 358 2 255 -3 801 4 803 -5 393 6 654 -7 19 -8 852 9 252 10 400
10 -1 511 2 621 -3 844 4 978 5 80 -6 56 -7 90 8 420 -9 322 10 63
10 -1 504 2 283 -3 655 4 48 -5 726 6 435 7 684 8 346 9 677 10 285
10 1 534 -2 358 3 630 -4 143 5 937 6 158 -7 7 8 170 9 38 -10 902
10 -1 535 -2 600 -3 639 -4 709 -5 580 6 342 7 319 -8 118 -9 844 10 760
10 1 863 2 329 -3 917 4 558 5 195 6 629 -7 164 8 250 -9 938 10 866
10 1 589 2 681 -3 980 -4 610 5 57 -6 100 -7 43 8 372 -9 354 -10 384
10 -1 965 2 9 3 796 -4 118 5 654 -6 234 7 27 8 517 9 985 -10 305
10 1 455 2 824 -3 454 -4 48 -5 470 -6 731 7 897 -8 728 9 377 -10 697
10 1 681 2 335 -3 428 4 66 5 941 6 429 7 235 8 959 9 796 10 613
10 -1 69 2 811 3 178 -4 2 -5 786 -6 464 7 595 8 202 -9 103 10 837
10 -1 713 -2 789 3 464 4 496 5 916 -6 561 7 840 -8 897 9 713 -10 895
10 -1 410 -2 190 -3 803 -4 981 -5 105 -6 803 7 124 8 362 -9 802 -10 151
10 1 894 -2 279 -3 369 -4 624 -5 466 6 677 7 860 8 468 9 586 10 330
10 -1 653 -2 112 -3 909 4 273 5 344 6 630 7 238 -8 162 -9 944 -10 975
10 1 987 -2 659 3 533 4 242 -5 950 6 791 7 418 -8 981 9 562 10 217
10 -1 409 2 756 -3 861 -4 117 5 407 6 927 -7 924 8 56 9 204 -10 446
10 -1 79 2 107 3 934 4 158 -5 596 6 477 7 677 8 909 9 818 -10 347
10 1 133 -2 983 3 398 4 780 5 177 6 863 7 729 -8 330 9 957 -10 232
10 1 405 -2 994 3 473 -4 185 5 68 6 99 -7 761 -8 647 -9 161 10 557
10 -1 225 -2 65 3 281 -4 664 -5 935 6 83 -7 601 -8 463 9 468 -10 704
10 1 715 2 323 3 123 4 721 -5 527 6 82 7 741 -8 728 9 748 -10 900
10 1 782 -2 985 3 922 -4 741 -5 680 6 817 -7 712 -8 612 9 17 10 375
10 -1 431 -2 784 -3 133 4 9 -5 672 -6 384 -7 101 -8 602 9 735 -10 848
10 1 240 2 252 -3 487 4 922 5 83 6 895 -7 490 -8 438 9 706 10 725
10 -1 529 -2 959 -3 638 -4 177 5 731 -6 959 -7 918 8 662 9 825 10 425
10 1 224 -2 481 3 147 4 142 5 826 -6 917 7 716 -8 490 -9 489 -10 191
10 -1 675 -2 297 -3 385 -4 421 -5 729 6 544 7 452 -8 705 9 65 -10 540
10 -1 725 2 532 3 669 -4 910 5 210 6 501 -7 215 -8 129 -9 995 10 741
10 1 652 -2 583 3 948 -4 561 -5 499 6 416 -7 758 8 867 -9 73 -10 497
10 -1 184 2 796 -3 491 4 421 -5 220 -6 529 -7 454 -8 394 -9 584 10 881
10 -1 306 2 853 -3 119 -4 441 5 645 6 530 -7 463 -8 703 9 270 10 664
10 -1 480 2 719 3 537 -4 825 5 850 -6 740 -7 635 8 555 -9 836 -10 604
10 -1 262 -2 581 3 777 -4 754 5 262 -6 718 -7 480 8 479 -9 416 10 634
10 1 428 2 217 3 133 4 499 5 467 6 377 -7 183 8 388 9 574 -10 486
10 -1 483 -2 128 3 884 -4 851 5 189 6 511 -7 126 8 567 -9 238 10 836
10 -1 397 -2 28 -3 121 4 756 5 153 6 490 7 354 8 37 -9 296 10 477
10 -1 974 2 976 -3 408 -4 497 5 865 -6 462 7 540 -8 473 9 540 10 623
10 -1 300 -2 516 -3 244 -4 135 5 632 6 752 -7 384 8 944 9 513 10 599
10 -1 118 -2 245 -3 801 -4 195 5 250 -6 969 7 424 -8 408 9 956 -10 838
10 1 869 2 922 -3 389 -4 535 -5 147 6 544 -7 672 8 273 -9 737 -10 759
10 -1 958 -2 405 3 68 -4 6 -5 593 -6 916 -7 365 -8 908 9 891 10 608
10 -1 586 2 873 -3 822 -4 774 5 506 6 165 -7 981 8 474 -9 46 -10 7
10 1 703 2 538 3 16 4 10 5 371 -6 302 7 996 8 442 -9 760 -10 860
10 -1 273 -2 103 -3 910 4 253 -5 806 -6 853 -7 359 -8 248 9 727 10 173
10 1 467 2 581 -3 552 -4 474 5 26 6 297 -7 503 -8 327 -9 913 10 376
10 1 305 -2 747 3 777 4 429 -5 560 -6 309 -7 815 8 203 -9 489 10 153
10 -1 529 2 194 -3 645 -4 567 5 710 -6 970 -7 140 -8 908 9 855 -10 370
10 -1 356 -2 51 3 967 4 678 5 954 -6 385 -7 970 8 188 -9 580 10 36
10 -1 628 -2 522 -3 602 -4 9 5 685 6 814 7 818 -8 503 9 821 10 210
10 -1 631 2 24 -3 265 -4 569 5 994 6 639 -7 32 8 23 -9 301 10 720
10 1 202 2 9 3 67 4 663 -5 222 6 609 -7 404 -8 822 -9 570 -10 829
10 -1 343 -2 568 3 373 4 538 5 352 6 598 7 681 8 744 -9 20 -10 322
10 1 312 -2 480 -3 953 -4 203 -5 113 -6 541 7 672 8 1000 -9 167 10 475
10 -1 729 2 591 -3 21 -4 822 -5 697 6 484 7 921 -8 606 -9 74 -10 999
10 1 141 -2 186 3 648 4 522 5 749 -6 380 7 561 8 262 9 301 10 466
10 1 92 2 639 -3 82 -4 151 5 943 6 920 -7 913 -8 885 9 729 10 591
