1000
10 1 123 2 521 3 649 4 69 -5 514 6 693 7 214 -8 763 -9 284 10 795
10 -1 371 -2 555 -3 755 4 306 -5 811 -6 447 -7 186 8 699 -9 107 10 810
10 1 406 2 425 3 766 -4 647 5 803 6 631 7 520 8 196 -9 212 10 886
10 1 446 2 801 -3 546 -4 246 -5 442 -6 783 -7 32 -8 979 9 512 10 702
10 -1 930 2 367 3 553 4 107 -5 131 6 179 7 946 -8 346 -9 797 -10 900
10 1 274 -2 701 -3 321 -4 708 5 392 6 995 -7 443 -8 286 9 890 -10 778
10 -1 253 2 685 -3 278 4 175 5 520 -6 783 7 313 -8 77 9 353 10 965
10 -1 263 -2 579 3 453 -4 563 -5 961 6 39 -7 865 -8 325 -9 605 -10 624
10 -1 155 -2 630 3 688 4 376 5 707 -6 773 7 266 -8 53 9 530 10 817
10 1 750 -2 909 3 653 -4 407 -5 849 6 544 -7 664 -8 30 -9 113 10 72
10 -1 31 -2 739 3 340 4 95 -5 513 6 292 7 575 8 309 9 470 -10 983
10 1 48 -2 351 -3 998 -4 851 -5 864 -6 40 -7 733 8 989 -9 166 -10 278
10 -1 826 2 25 -3 944 -4 110 -5 344 6 339 7 535 -8 276 -9 381 10 64
10 -1 700 2 528 -3 641 -4 84 5 308 -6 944 7 626 -8 174 -9 828 10 194
10 1 949 -2 621 3 32 4 112 5 40 6 863 7 745 8 617 9 62 -10 36
10 -1 620 -2 174 3 728 4 524 -5 908 6 304 -7 600 -8 264 -9 621 10 540
10 1 159 2 139 -3 919 4 628 -5 583 6 256 7 207 -8 378 -9 817 10 157
10 -1 269 -2 694 -3 243 -4 954 5 541 6 824 7 765 8 759 -9 99 10 479
10 -1 667 2 448 3 307 -4 147 -5 974 -6 846 -7 636 8 621 9 495 10 659
10 -1 744 -2 213 3 438 -4 870 5 48 -6 639 -7 151 -8 506 -9 323 -10 140
10 1 659 2 339 -3 594 -4 116 -5 369 -6 247 -7 959 -8 851 9 369 -10 396
10 -1 657 -2 724 -3 676 4 656 5 825 -6 864 7 980 -8 766 -9 58 -10 926
10 1 478 -2 861 -3 622 -4 401 -5 988 6 330 7 839 8 665 -9 713 10 930
10 -1 855 -2 497 3 311 -4 894 -5 342 6 994 7 767 -8 890 -9 692 10 279
10 1 583 2 455 3 462 -4 951 -5 747 6 323 -7 975 8 252 9 516 10 185
10 1 815 -2 919 3 960 -4 204 5 984 -6 197 -7 483 8 471 9 901 10 114
10 1 445 2 77 -3 238 4 861 5 191 6 363 7 651 8 85 9 521 -10 422
10 -1 232 -2 894 3 969 -4 216 5 396 6 483 7 678 8 844 -9 877 -10 680
10 1 144 2 717 3 345 4 916 -5 161 -6 489 -7 936 8 383 -9 278 10 566
10 -1 472 -2 132 -3 257 4 998 -5 270 -6 729 7 328 -8 561 -9 792 -10 257
10 -1 465 2 410 3 671 4 969 5 574 -6 697 7 741 8 414 -9 767 10 26
10 1 169 -2 56 3 817 -4 556 -5 13 -6 594 -7 450 8 604 -9 495 10 718
10 -1 371 2 953 3 279 4 549 5 610 -6 212 7 392 8 485 9 811 -10 402
10 -1 549 -2 474 -3 826 4 170 -5 18 6 940 -7 239 -8 467 9 692 -10 866
10 1 788 2 747 3 372 -4 811 -5 465 -6 824 7 373 -8 914 -9 887 -10 534
10 -1 266 2 516 3 699 -4 574 -5 717 -6 918 -7 821 -8 643 -9 118 -10 351
10 1 281 -2 328 3 424 -4 974 5 900 6 682 7 185 -8 558 -9 258 -10 894
10 -1 40 -2 292 -3 832 -4 747 -5 571 -6 165 -7 707 -8 455 9 330 10 484
10 -1 223 2 259 3 624 -4 713 5 955 6 861 -7 807 8 248 -9 704 10 767
10 1 836 -2 829 3 408 -4 282 -5 973 6 684 -7 742 8 318 9 316 -10 255
10 -1 35 -2 844 -3 10 4 444 -5 264 -6 383 7 728 -8 276 9 405 -10 875
10 -1 665 -2 817 3 404 -4 981 -5 496 6 93 7 508 -8 610 9 56 10 867
10 1 609 2 553 3 619 4 830 -5 288 -6 237 7 325 -8 995 9 328 -10 860
10 1 67 2 450 3 394 4 199 -5 930 6 937 -7 378 -8 584 9 129 -10 799
10 1 613 2 658 3 786 4 220 5 571 6 815 -7 684 -8 732 -9 356 -10 204
10 1 179 -2 705 -3 678 4 771 -5 283 -6 741 -7 284 8 97 -9 316 10 298
10 1 352 2 332 -3 83 4 362 -5 59 6 884 7 730 8 405 -9 164 10 78
10 -1 675 2 438 3 780 -4 333 5 394 -6 111 -7 269 8 701 9 168 10 625
10 1 928 2 887 3 74 4 630 -5 451 -6 676 7 507 -8 485 -9 72 10 394
10 1 869 -2 245 -3 51 -4 914 5 838 -6 923 -7 770 -8 269 9 343 10 3
10 1 429 2 148 3 483 -4 569 5 819 6 341 -7 294 -8 939 -9 294 10 648
10 1 369 -2 200 3 559 4 831 5 875 6 893 -7 541 8 247 -9 927 -10 404
10 1 39 -2 267 -3 968 -4 138 5 515 6 427 -7 828 8 651 9 513 -10 669
10 1 917 2 54 -3 908 4 522 5 156 -6 122 7 227 8 270 9 983 -10 681
10 -1 60 -2 636 -3 566 -4 583 -5 161 -6 533 -7 160 -8 372 -9 210 10 661
10 1 875 2 873 3 899 4 685 -5 188 6 286 -7 267 -8 746 9 599 10 225
10 1 900 2 853 -3 626 4 680 5 838 6 610 7 339 -8 818 -9 105 10 896
10 -1 986 2 765 -3 979 4 41 -5 790 6 438 7 367 -8 384 -9 846 10 223
10 1 206 2 483 3 654 4 307 5 910 -6 685 7 394 8 253 9 218 -10 494
10 -1 506 2 248 3 14 -4 284 5 235 6 322 7 389 -8 476 9 196 10 840
10 -1 323 2 67 3 390 -4 377 -5 668 -6 205 -7 329 -8 115 9 880 10 419
10 1 340 2 932 -3 626 -4 3 5 95 6 846 -7 838 -8 781 -9 167 10 970
10 1 861 -2 490 -3 398 -4 2 -5 287 -6 827 -7 598 -8 346 9 45 -10 75
10 -1 481 -2 164 3 738 -4 551 5 195 -6 345 -7 153 8 563 -9 190 10 545
10 1 933 -2 220 -3 455 -4 631 5 462 6 418 -7 780 -8 818 9 367 -10 76
10 1 238 2 87 -3 800 4 571 -5 787 6 483 -7 178 -8 571 9 435 10 508
10 1 859 2 450 3 891 4 961 -5 314 6 830 7 207 8 158 9 495 10 327
10 -1 773 -2 899 3 488 4 276 5 171 6 563 7 454 8 692 -9 423 10 318
10 1 534 2 368 -3 733 -4 383 -5 93 -6 364 -7 605 8 55 -9 558 10 967
10 1 341 2 804 3 394 4 1000 5 1 -6 500 7 932 8 134 -9 346 10 513
10 -1 93 -2 448 -3 449 4 256 5 67 -6 284 7 438 8 668 -9 188 -10 241
10 -1 211 -2 431 3 728 -4 348 -5 502 6 760 -7 193 8 669 9 769 10 836
10 -1 333 -2 585 -3 501 -4 62 -5 977 6 956 -7 7 8 661 -9 124 10 427
10 1 812 -2 902 3 456 -4 504 -5 576 -6 659 -7 239 -8 540 9 816 10 75
10 -1 200 -2 390 -3 396 4 906 -5 919 -6 639 7 781 8 783 9 650 -10 66
10 -1 302 -2 198 3 28 4 473 -5 100 -6 70 -7 688 8 950 -9 274 -10 94
10 -1 480 -2 779 -3 473 4 206 5 957 6 669 -7 137 -8 324 -9 36 10 104
10 1 670 2 312 3 905 4 380 5 324 -6 688 -7 293 -8 352 9 725 -10 7
10 -1 579 2 399 -3 692 4 859 -5 198 6 628 -7 328 8 981 9 782 -10 369
10 1 617 -2 452 -3 401 -4 462 5 540 6 815 -7 887 -8 337 9 700 10 346
10 -1 650 2 315 -3 201 4 770 -5 999 -6 470 7 965 8 43 9 120 10 438
10 -1 368 -2 271 -3 973 -4 462 -5 866 -6 321 7 864 8 535 9 538 -10 862
10 -1 951 -2 920 3 198 4 713 -5 538 -6 149 -7 542 -8 271 -9 334 -10 586
10 -1 231 -2 236 -3 496 4 550 5 652 6 62 -7 532 -8 263 9 857 -10 925
10 1 184 -2 270 -3 439 4 4 5 106 -6 869 -7 969 8 280 -9 566 10 614
10 1 288 2 411 -3 954 -4 597 -5 593 -6 209 7 599 8 617 9 776 -10 375
10 1 382 2 70 3 989 -4 747 -5 355 6 856 7 266 8 539 -9 491 10 999
10 1 577 -2 558 3 855 -4 421 5 320 6 363 7 80 -8 274 -9 73 -10 688
10 1 405 2 48 -3 86 -4 801 -5 47 6 664 -7 687 -8 604 9 467 10 610
10 -1 936 -2 543 -3 262 4 768 -5 956 -6 858 -7 421 -8 68 9 39 10 489
10 1 192 2 108 -3 117 -4 213 5 494 6 203 7 984 8 261 9 561 10 886
10 -1 360 -2 822 3 15 -4 702 -5 100 -6 557 7 365 -8 455 -9 65 -10 485
10 1 849 -2 8 -3 197 -4 882 -5 584 6 346 7 471 -8 86 9 689 10 145
10 -1 158 2 975 3 834 4 112 -5 840 -6 626 7 894 8 231 -9 861 -10 474
10 -1 337 -2 169 3 510 4 175 -5 963 6 473 -7 236 -8 26 -9 784 10 944
10 1 28 2 211 -3 946 -4 628 5 211 6 365 7 331 -8 800 -9 757 -10 810
10 -1 464 -2 946 3 276 4 337 5 437 -6 800 7 762 8 140 9 704 10 480
10 1 321 -2 289 3 925 4 40 5 330 6 323 -7 149 8 126 -9 142 -10 328
10 1 83 2 358 -3 821 4 122 5 961 6 453 7 117 8 542 9 443 10 748
10 -1 494 2 12 -3 482 -4 260 -5 951 6 455 7 964 8 348 -9 392 -10 98
10 1 41 -2 531 -3 909 4 633 -5 345 6 985 7 880 8 48 -9 112 10 537
10 1 858 -2 494 -3 137 -4 78 -5 163 6 128 -7 18 -8 509 9 115 -10 135
10 -1 293 2 993 3 82 -4 764 -5 297 6 632 -7 90 8 315 9 742 10 389
10 1 809 2 413 3 983 4 591 -5 520 6 224 -7 384 8 416 -9 183 10 809
10 -1 318 -2 338 3 115 -4 878 -5 936 6 734 7 658 -8 386 9 986 10 696
10 1 388 2 441 3 968 4 86 5 133 6 274 7 51 8 550 -9 121 -10 199
10 -1 541 2 849 -3 139 -4 271 -5 183 6 234 7 986 8 910 -9 387 10 290
10 -1 245 -2 461 3 100 4 730 5 307 6 180 -7 724 -8 129 9 489 10 123
10 -1 642 -2 397 3 479 -4 788 5 21 -6 640 -7 720 8 736 9 549 -10 954
10 -1 399 -2 66 -3 389 -4 71 5 809 -6 949 -7 790 -8 45 9 750 -10 436
10 -1 412 -2 238 -3 907 -4 496 -5 691 -6 803 -7 641 8 242 9 747 10 468
10 1 554 -2 411 -3 627 4 503 -5 809 6 212 -7 763 -8 293 -9 16 10 771
10 1 367 -2 757 -3 137 -4 316 -5 488 6 672 -7 653 -8 322 -9 724 -10 692
10 1 32 2 263 -3 930 -4 431 -5 436 6 554 -7 64 -8 218 -9 393 10 81
10 -1 608 2 983 -3 137 -4 155 -5 934 6 142 -7 300 -8 584 9 320 10 497
10 1 122 -2 906 3 696 4 685 5 78 -6 157 7 554 8 247 -9 403 -10 26
10 -1 665 2 198 3 8 -4 783 -5 838 6 722 -7 50 -8 27 -9 874 10 27
10 -1 324 -2 392 3 381 -4 548 -5 185 -6 194 -7 956 8 150 9 931 -10 760
10 1 954 -2 482 -3 820 4 667 -5 400 6 396 -7 829 8 452 -9 528 -10 832
10 -1 324 -2 162 3 981 -4 523 -5 109 6 297 -7 670 -8 217 9 925 -10 157
10 1 318 2 120 3 825 4 474 5 666 -6 26 -7 814 -8 861 -9 19 10 216
10 1 569 -2 608 3 489 4 427 5 828 -6 165 -7 433 8 11 -9 863 -10 427
10 -1 207 -2 752 3 74 4 676 5 188 -6 121 7 45 -8 854 -9 597 -10 776
10 -1 998 2 950 3 917 4 938 5 310 -6 414 -7 329 8 915 9 49 10 916
10 -1 78 2 774 3 47 4 237 5 397 6 693 -7 665 -8 422 9 274 10 518
10 -1 52 2 244 -3 159 4 312 5 298 6 920 -7 926 -8 906 -9 49 -10 46
10 1 797 -2 710 3 599 -4 867 5 69 6 577 -7 967 8 245 9 969 10 942
10 1 509 -2 353 3 887 4 618 -5 933 6 368 7 384 -8 158 -9 706 -10 344
10 1 120 2 314 3 934 4 395 5 837 -6 715 -7 217 8 60 9 782 10 426
10 1 613 2 50 -3 79 4 767 5 621 -6 278 -7 604 8 966 -9 953 10 222
10 -1 973 2 816 -3 507 4 108 -5 722 6 956 -7 675 8 59 -9 299 10 568
10 -1 478 2 65 3 359 -4 748 -5 219 6 340 7 953 -8 151 9 47 -10 232
10 -1 620 -2 532 3 5 4 563 5 348 6 220 -7 899 8 145 9 945 10 17
10 -1 417 -2 372 3 256 4 725 -5 16 -6 255 -7 117 -8 679 9 455 10 724
10 -1 700 -2 347 -3 783 4 18 5 98 6 925 7 386 -8 537 9 615 -10 280
10 1 978 -2 537 -3 6 -4 13 5 804 6 848 -7 553 -8 584 9 861 10 367
10 1 297 -2 15 3 130 4 302 5 774 6 695 -7 274 -8 187 -9 442 -10 495
10 -1 887 2 376 -3 375 -4 754 5 427 6 531 7 247 8 661 -9 759 -10 441
10 1 263 2 652 -3 14 4 866 5 65 -6 248 7 871 -8 54 -9 737 10 431
10 1 336 -2 518 -3 466 -4 540 -5 850 6 586 -7 742 8 690 9 583 10 736
10 -1 844 -2 386 -3 692 4 940 -5 847 -6 554 7 44 8 344 9 469 -10 97
10 -1 653 2 447 -3 356 -4 992 -5 440 6 319 7 58 -8 808 9 435 10 196
10 1 439 -2 472 3 495 -4 436 5 32 6 487 -7 942 -8 956 9 974 10 203
10 1 215 2 571 3 397 4 916 -5 699 6 460 7 568 -8 570 9 861 -10 65
10 1 759 -2 807 -3 715 4 160 -5 747 6 266 7 916 -8 267 -9 867 -10 970
10 -1 124 -2 229 -3 107 -4 30 5 982 -6 31 -7 768 8 110 9 582 -10 998
10 1 232 2 26 -3 79 -4 941 5 347 6 473 -7 32 8 794 -9 653 -10 993
10 -1 207 2 238 -3 904 -4 973 -5 427 -6 713 7 265 -8 939 -9 171 10 42
10 1 30 2 226 -3 353 -4 319 -5 580 6 682 -7 238 -8 539 -9 563 10 786
10 -1 574 2 568 3 792 4 421 -5 515 6 699 7 77 -8 892 -9 626 -10 836
10 -1 67 -2 836 -3 430 4 451 -5 10 -6 298 7 334 8 742 -9 98 -10 412
10 1 95 -2 813 -3 97 -4 856 5 378 -6 858 -7 226 8 931 -9 523 10 78
10 -1 708 -2 825 3 901 4 328 5 827 -6 876 7 183 8 911 -9 887 -10 106
10 -1 374 -2 322 -3 16 -4 688 -5 175 -6 680 -7 496 -8 975 9 446 10 419
10 1 189 -2 889 3 67 -4 945 5 805 -6 71 -7 656 -8 668 9 424 -10 323
10 1 806 2 276 -3 714 -4 809 5 486 -6 339 7 719 8 505 -9 332 10 410
10 1 51 -2 441 -3 78 4 186 5 753 6 758 -7 364 8 744 9 828 10 82
10 1 411 2 667 3 53 -4 696 5 80 -6 869 7 507 8 880 9 700 -10 604
10 1 606 2 769 3 328 -4 222 5 211 6 460 -7 884 -8 916 -9 958 -10 189
10 -1 239 2 57 3 704 4 559 -5 597 6 154 -7 339 -8 140 -9 183 -10 632
10 -1 681 -2 990 -3 737 4 178 -5 905 -6 947 -7 75 8 225 -9 505 -10 328
10 -1 89 2 457 -3 313 4 403 5 539 -6 248 -7 540 8 644 9 184 -10 847
10 1 858 -2 287 3 935 4 913 -5 286 -6 635 7 288 -8 841 9 846 -10 320
10 -1 152 -2 987 -3 189 4 432 -5 48 6 870 7 433 8 168 -9 505 -10 386
10 -1 475 2 213 -3 238 -4 249 -5 588 -6 492 -7 194 8 682 -9 536 10 192
10 1 468 2 303 3 64 -4 527 -5 211 -6 655 -7 819 -8 755 -9 750 -10 961
10 1 813 2 361 3 48 -4 415 -5 968 6 854 7 556 8 168 -9 976 -10 649
10 1 714 2 822 3 582 4 58 -5 780 -6 484 -7 501 8 990 -9 757 10 676
10 1 710 2 789 3 247 4 735 -5 635 6 409 -7 763 -8 445 -9 2 10 996
10 -1 646 2 868 3 173 4 506 5 38 6 493 -7 26 -8 382 -9 195 -10 448
10 -1 826 -2 497 3 717 -4 144 5 423 -6 24 -7 830 8 689 -9 562 10 583
10 -1 571 2 200 3 753 4 153 -5 62 6 869 7 972 -8 224 -9 739 10 265
10 1 226 2 420 -3 548 4 42 5 277 6 408 7 718 -8 272 9 184 -10 52
10 -1 419 -2 923 3 968 -4 171 -5 238 6 613 7 959 -8 609 9 646 -10 175
10 1 870 -2 499 3 876 4 154 5 707 6 610 -7 129 8 467 -9 380 -10 434
10 -1 265 2 234 3 647 -4 540 5 491 6 974 -7 539 8 650 -9 248 10 403
10 1 536 -2 478 -3 914 4 421 -5 915 6 543 -7 45 8 459 -9 196 -10 815
10 1 385 2 422 -3 611 -4 598 -5 850 -6 347 7 749 -8 119 9 676 10 313
10 -1 703 -2 871 3 809 4 698 -5 178 -6 26 -7 318 -8 761 -9 85 -10 604
10 1 282 -2 883 -3 319 -4 233 5 95 6 470 -7 695 8 393 9 22 -10 158
10 -1 64 2 145 3 211 -4 62 5 455 6 57 7 425 8 251 -9 852 10 730
10 1 575 -2 129 -3 994 -4 175 5 860 -6 748 7 687 8 405 9 810 -10 362
10 1 857 2 744 -3 667 4 824 -5 772 -6 399 7 513 8 409 9 687 -10 573
10 -1 494 2 862 3 195 4 908 5 110 -6 48 7 752 8 880 -9 419 -10 648
10 1 93 2 429 -3 203 -4 232 -5 139 -6 236 7 833 8 208 -9 98 10 599
10 -1 644 -2 24 3 354 -4 409 5 23 -6 202 -7 428 -8 913 -9 285 -10 798
10 -1 712 2 276 -3 515 -4 193 5 439 -6 268 -7 772 -8 362 9 177 10 332
10 1 327 -2 216 3 520 -4 20 -5 740 6 289 7 191 8 443 9 474 -10 190
10 1 978 -2 32 -3 112 4 765 5 210 6 526 7 959 -8 650 -9 260 10 807
10 -1 624 2 551 3 512 -4 58 -5 984 -6 707 7 628 8 171 -9 172 10 679
10 1 306 2 999 3 568 -4 960 -5 166 -6 476 7 61 -8 5 -9 922 -10 101
10 1 241 -2 431 -3 971 -4 54 5 626 -6 903 7 351 -8 999 -9 784 -10 233
10 1 404 2 408 3 44 4 836 5 471 6 561 7 99 8 714 -9 503 -10 273
10 1 896 2 706 3 574 4 299 -5 676 -6 733 -7 14 -8 782 9 562 -10 951
10 1 389 -2 123 -3 662 -4 132 5 712 -6 297 -7 312 -8 153 -9 26 -10 759
10 1 440 2 969 3 111 -4 69 5 908 -6 954 -7 401 8 137 -9 418 10 314
10 1 380 2 811 -3 881 4 156 -5 761 -6 83 7 829 -8 20 -9 981 -10 528
10 1 396 2 149 3 859 4 318 5 933 6 920 -7 838 8 215 9 182 10 367
10 -1 204 -2 445 -3 611 4 591 -5 577 6 613 -7 593 8 869 -9 67 10 295
10 -1 212 2 776 -3 558 4 976 -5 352 -6 825 7 18 -8 433 -9 128 -10 61
10 1 591 2 35 -3 320 -4 949 -5 790 -6 27 -7 651 8 683 9 142 10 759
10 1 981 2 348 -3 965 4 90 5 112 6 72 7 868 8 755 9 847 10 328
10 -1 245 2 898 -3 839 -4 222 -5 349 6 348 -7 578 8 217 9 854 -10 439
10 -1 622 -2 782 -3 866 -4 778 -5 585 6 77 -7 580 8 302 -9 588 -10 458
10 1 72 -2 231 -3 886 4 152 5 458 6 846 -7 911 8 484 9 879 -10 83
10 1 854 -2 945 3 273 -4 983 -5 335 6 237 -7 91 8 741 9 6 -10 552
10 -1 47 -2 686 -3 538 4 233 -5 342 6 962 7 944 -8 342 9 657 10 731
10 1 65 2 21 3 428 -4 719 -5 984 6 476 7 425 -8 671 9 232 10 977
10 1 247 -2 739 3 28 -4 794 5 943 6 871 -7 201 -8 553 9 487 10 259
10 1 172 -2 824 -3 778 -4 169 -5 812 6 118 -7 587 8 224 9 861 10 199
10 1 351 2 495 3 150 -4 723 5 600 -6 175 -7 730 -8 746 9 392 10 439
10 -1 177 2 249 3 309 -4 563 5 346 -6 564 -7 492 8 442 9 70 10 927
10 1 949 2 912 3 915 -4 298 5 348 6 524 7 177 8 552 9 993 10 489
10 1 973 2 594 -3 726 -4 831 -5 806 6 618 -7 802 -8 283 9 186 10 623
10 1 366 -2 456 3 996 -4 70 5 742 -6 848 -7 483 8 291 9 92 -10 797
10 1 332 -2 115 -3 388 -4 536 5 137 -6 808 7 115 8 822 9 662 -10 304
10 1 502 2 121 -3 162 -4 840 -5 969 6 274 7 834 8 479 9 393 10 623
10 1 193 -2 173 3 426 -4 974 -5 716 6 712 7 444 8 744 9 120 10 133
10 1 25 2 711 -3 536 -4 669 -5 154 -6 59 -7 175 8 269 -9 166 10 53
10 1 257 -2 107 -3 769 4 524 -5 395 -6 683 -7 692 -8 317 -9 845 -10 479
10 1 195 2 60 3 982 4 505 -5 436 -6 511 -7 632 8 895 9 877 -10 176
10 -1 68 -2 471 -3 3 4 861 5 179 6 742 -7 36 8 126 9 591 -10 915
10 1 874 2 449 3 800 -4 329 -5 519 -6 579 7 472 8 843 9 720 10 178
10 1 62 2 369 -3 101 4 832 5 14 6 572 -7 288 -8 685 9 297 -10 788
10 -1 979 2 562 3 204 -4 868 5 449 6 668 7 810 -8 396 9 808 10 991
10 1 572 2 49 3 812 -4 398 -5 284 6 443 -7 357 8 775 -9 775 -10 613
10 -1 823 2 771 -3 396 4 694 5 571 -6 147 7 825 -8 346 -9 721 10 430
10 1 819 2 499 3 795 4 19 5 283 6 921 -7 125 8 619 9 741 10 73
10 -1 884 -2 659 3 823 4 76 -5 851 6 587 -7 695 8 566 -9 186 -10 151
10 1 135 2 784 -3 265 4 134 5 95 -6 189 7 178 -8 330 9 507 10 503
10 1 235 2 65 -3 346 -4 464 -5 207 -6 390 -7 16 8 575 9 135 10 617
10 1 328 -2 647 3 408 4 52 -5 790 -6 265 7 799 -8 193 -9 465 -10 393
10 1 202 -2 241 3 642 -4 600 5 211 -6 91 -7 601 -8 724 -9 716 -10 253
10 -1 896 2 563 3 944 4 162 -5 658 -6 829 7 402 -8 971 -9 228 -10 290
10 -1 85 2 23 3 347 -4 117 5 7 -6 232 7 874 -8 272 9 150 10 101
10 1 103 -2 790 -3 958 4 16 -5 704 -6 835 7 360 8 914 9 708 10 68
10 -1 835 2 589 -3 614 -4 533 -5 991 -6 632 7 311 8 603 9 149 10 57
10 -1 570 -2 514 -3 966 4 670 -5 811 -6 167 -7 403 -8 137 -9 590 10 811
10 1 904 -2 940 3 341 -4 492 -5 120 -6 833 7 717 -8 704 -9 807 10 753
10 1 435 -2 776 -3 172 -4 788 -5 836 -6 655 -7 553 -8 933 -9 113 10 169
10 1 474 -2 877 3 225 -4 426 5 748 -6 26 7 201 8 595 -9 605 10 158
10 -1 118 2 239 -3 336 -4 242 5 690 -6 821 -7 412 -8 88 -9 441 -10 720
10 1 766 -2 693 -3 627 -4 653 -5 157 6 873 -7 903 8 853 -9 456 10 811
10 -1 482 2 761 3 538 -4 522 5 99 -6 149 7 451 8 323 9 826 10 467
10 1 395 -2 106 -3 18 -4 840 -5 111 6 840 7 529 8 661 9 686 10 367
10 1 319 -2 378 -3 195 4 23 -5 320 6 469 7 105 -8 132 9 222 10 50
10 1 637 2 652 -3 711 -4 944 -5 881 6 311 -7 160 8 831 -9 760 10 386
10 1 514 2 27 -3 326 4 473 -5 871 -6 405 -7 380 8 559 9 210 -10 665
10 1 132 -2 919 3 299 4 281 -5 592 6 235 7 396 -8 395 9 971 -10 415
10 -1 693 2 488 -3 556 4 354 5 639 6 674 -7 920 -8 804 9 661 10 282
10 -1 57 -2 583 3 174 4 28 -5 265 6 388 -7 156 -8 509 -9 493 10 211
10 1 395 2 129 3 644 4 260 -5 569 -6 121 -7 161 8 802 -9 105 -10 834
10 -1 186 -2 525 -3 588 -4 277 5 284 6 703 -7 974 -8 493 9 679 -10 361
10 -1 974 2 121 3 28 -4 701 -5 389 -6 732 -7 949 8 961 -9 54 10 181
10 1 680 -2 753 -3 53 4 359 5 497 -6 134 7 686 -8 910 -9 173 10 743
10 1 763 -2 797 3 987 4 747 5 257 -6 885 7 970 -8 159 9 756 -10 98
10 1 568 2 875 3 279 -4 303 -5 870 -6 532 7 240 -8 218 9 832 10 958
10 1 999 2 211 -3 19 4 376 5 285 -6 316 -7 285 -8 756 9 375 -10 966
10 1 681 2 377 3 561 -4 183 -5 160 6 579 -7 945 8 214 -9 897 -10 424
10 1 389 -2 742 3 22 4 364 -5 507 6 698 -7 623 -8 814 9 729 10 85
10 1 286 2 445 -3 953 4 975 5 923 6 338 -7 481 8 559 -9 14 10 302
10 -1 977 -2 94 -3 81 4 411 5 476 6 274 -7 440 8 81 9 234 10 770
10 1 839 -2 967 -3 454 4 394 5 702 -6 281 7 732 -8 771 9 747 -10 21
10 -1 209 2 548 -3 652 4 760 5 188 6 618 7 817 8 292 9 141 -10 631
10 1 570 2 625 -3 49 -4 957 5 675 6 281 7 341 -8 858 9 283 10 139
10 -1 95 2 202 3 589 -4 98 -5 555 6 661 -7 877 8 95 9 732 10 163
10 -1 949 -2 382 -3 847 -4 156 5 210 6 877 7 902 -8 984 9 64 10 938
10 -1 402 -2 556 -3 832 4 224 5 184 -6 666 -7 809 -8 762 -9 286 10 480
10 -1 909 -2 777 -3 475 4 367 -5 485 -6 380 7 28 8 388 -9 674 10 431
10 -1 741 -2 887 -3 23 -4 191 5 580 6 59 7 273 8 924 -9 786 10 958
10 1 703 -2 935 -3 195 -4 540 -5 137 6 378 -7 401 8 181 9 754 10 283
10 -1 760 -2 178 -3 574 4 58 5 579 -6 720 -7 281 -8 3 9 959 10 854
10 -1 861 2 847 3 192 4 250 5 992 6 143 7 194 8 52 -9 599 10 35
10 -1 180 -2 266 -3 541 -4 54 -5 756 -6 867 -7 744 8 563 -9 376 -10 455
10 1 58 2 606 3 751 4 84 -5 398 6 746 7 380 -8 786 9 190 10 861
10 -1 876 -2 451 -3 616 -4 654 -5 168 6 864 -7 959 8 240 9 66 -10 779
10 1 33 2 309 3 324 -4 730 5 65 6 456 7 205 -8 230 -9 338 10 604
10 -1 567 -2 749 3 215 -4 676 -5 607 -6 93 7 44 8 225 9 114 10 23
10 -1 828 -2 979 3 492 -4 859 5 212 -6 299 -7 935 -8 677 -9 755 10 501
10 1 28 -2 688 -3 632 4 772 5 361 6 834 -7 253 8 453 -9 731 -10 188
10 -1 588 2 247 -3 627 4 751 -5 220 6 963 7 667 8 404 9 816 10 755
10 1 728 -2 258 3 154 4 944 5 858 6 549 7 2 -8 773 -9 979 10 85
10 -1 162 -2 219 -3 230 4 372 -5 802 6 116 -7 233 8 582 9 183 -10 179
10 1 164 2 865 3 171 -4 281 5 91 -6 299 -7 761 8 310 -9 596 -10 229
10 -1 184 -2 186 -3 589 -4 571 -5 840 -6 722 -7 566 -8 99 -9 15 10 15
10 -1 391 -2 447 3 807 4 537 5 542 6 950 -7 480 8 386 -9 814 -10 7
10 -1 733 -2 261 -3 664 -4 151 5 73 6 943 -7 4 8 771 -9 538 10 516
10 -1 669 -2 733 3 201 4 548 5 588 -6 906 7 917 8 884 9 670 10 101
10 1 944 2 975 -3 247 -4 902 -5 613 6 876 7 484 8 349 -9 775 10 748
10 -1 440 2 940 -3 992 4 187 5 153 -6 136 -7 823 -8 685 -9 73 -10 205
10 1 8 -2 740 3 245 -4 76 5 563 -6 751 -7 902 8 280 9 59 10 398
10 1 358 -2 396 3 431 -4 916 -5 991 -6 661 -7 148 -8 430 9 745 10 47
10 1 572 -2 902 -3 798 -4 29 5 206 -6 270 -7 508 8 596 -9 475 -10 451
10 -1 710 2 223 -3 720 -4 269 -5 856 6 380 7 30 8 167 9 206 10 103
10 1 142 -2 139 3 65 4 826 5 216 -6 342 -7 790 -8 948 9 346 10 454
10 1 588 2 635 3 872 4 621 -5 974 6 892 7 438 8 386 9 840 -10 631
10 -1 523 -2 710 3 440 4 327 5 121 -6 527 7 455 -8 497 -9 757 -10 657
10 -1 45 2 97 -3 957 -4 509 -5 10 -6 275 7 44 -8 744 9 353 -10 591
10 1 215 2 407 3 386 4 610 5 889 6 812 7 4 8 462 -9 220 10 449
10 -1 813 2 156 3 732 -4 272 5 287 6 619 7 904 -8 256 9 153 10 47
10 -1 847 2 169 3 441 -4 697 5 728 -6 171 7 32 8 376 -9 140 10 278
10 1 627 -2 359 -3 217 4 851 5 757 -6 205 7 277 8 235 9 223 10 358
10 -1 105 -2 79 -3 83 4 842 5 737 6 910 7 509 -8 452 9 769 -10 58
10 1 697 -2 33 -3 544 -4 956 -5 672 6 981 -7 528 -8 725 9 728 10 653
10 1 368 2 341 -3 962 4 365 5 498 -6 931 7 618 8 677 9 864 -10 604
10 1 736 2 45 3 768 4 664 -5 891 6 401 -7 746 8 356 -9 39 -10 823
10 1 752 -2 987 3 755 -4 581 -5 935 -6 759 7 486 8 590 -9 494 10 103
10 1 921 -2 447 3 259 -4 375 5 10 -6 778 7 71 8 887 9 927 -10 483
10 1 501 -2 222 3 571 -4 463 -5 597 6 807 7 576 8 431 -9 294 -10 533
10 1 846 -2 596 3 891 -4 742 -5 86 -6 475 7 514 -8 793 -9 467 -10 410
10 1 846 2 173 -3 430 -4 537 5 932 -6 603 7 408 8 245 -9 215 -10 684
10 -1 451 -2 268 3 635 -4 673 -5 797 -6 461 -7 120 -8 505 -9 806 -10 565
10 1 243 2 62 3 322 4 117 5 881 6 132 7 470 8 524 9 871 -10 821
10 1 869 -2 685 -3 324 -4 381 5 156 -6 478 -7 165 -8 984 9 857 -10 362
10 1 156 2 66 3 684 4 892 -5 386 6 620 -7 364 8 314 9 262 10 297
10 -1 156 -2 806 -3 568 4 203 5 449 -6 784 -7 604 8 315 -9 95 -10 802
10 1 165 2 402 -3 935 4 261 -5 160 -6 377 7 847 -8 424 -9 333 10 174
10 1 806 2 451 3 682 -4 551 -5 684 -6 867 7 535 -8 53 -9 778 10 337
10 1 981 2 595 3 82 -4 269 -5 336 -6 2 -7 344 8 98 -9 406 10 265
10 -1 866 -2 337 -3 358 4 924 -5 545 -6 736 7 218 -8 241 -9 492 -10 954
10 1 984 2 81 3 662 4 81 5 580 6 566 7 864 8 96 9 149 10 843
10 -1 819 2 648 3 834 4 190 -5 140 6 852 -7 520 8 211 9 257 10 791
10 1 246 2 932 -3 218 -4 921 -5 9 -6 474 -7 325 8 419 -9 104 10 297
10 -1 653 -2 925 -3 850 4 68 5 589 6 908 -7 765 8 84 9 730 -10 527
10 -1 297 -2 357 -3 216 4 475 -5 967 6 246 7 407 8 182 -9 939 -10 790
10 -1 250 2 134 3 220 4 770 5 827 -6 311 7 696 -8 337 9 656 10 526
10 1 135 2 923 3 619 4 403 -5 278 -6 681 7 650 -8 811 9 748 10 29
10 1 163 -2 228 -3 810 4 543 5 291 6 691 7 523 -8 765 9 928 10 375
10 -1 574 2 854 3 728 4 671 -5 56 -6 131 7 518 -8 294 -9 894 -10 157
10 -1 68 -2 683 -3 287 -4 562 5 196 -6 3 -7 833 8 73 9 135 10 461
10 1 451 -2 99 3 571 4 896 -5 34 6 977 -7 255 8 288 -9 194 10 800
10 1 984 2 241 -3 936 -4 444 5 238 6 597 -7 249 -8 199 9 590 10 488
10 -1 490 2 747 3 402 4 610 5 225 6 978 -7 90 8 140 9 837 10 357
10 -1 566 -2 530 3 257 4 41 -5 289 6 847 7 18 8 664 9 108 10 546
10 -1 13 -2 528 -3 48 -4 246 5 392 -6 61 -7 577 8 268 -9 384 10 98
10 1 66 -2 39 -3 852 -4 25 -5 513 6 848 -7 959 -8 52 9 82 -10 844
10 -1 449 -2 165 -3 949 4 709 5 650 -6 78 -7 879 8 688 9 300 10 298
10 -1 635 -2 702 3 940 4 745 -5 615 -6 67 -7 755 8 308 -9 907 -10 659
10 -1 680 -2 99 3 883 4 249 5 130 -6 182 7 761 -8 770 9 908 -10 755
10 -1 300 -2 576 3 213 -4 650 5 923 -6 928 -7 824 -8 397 9 882 10 416
10 1 92 -2 158 3 249 4 221 5 308 -6 986 7 523 -8 80 9 336 10 837
10 1 167 -2 301 -3 759 4 972 5 941 6 202 7 101 8 806 9 173 10 210
10 -1 246 -2 917 3 99 -4 192 -5 595 6 960 7 47 -8 1 -9 491 -10 538
10 1 233 -2 71 -3 72 4 654 5 557 -6 240 7 77 -8 376 -9 828 10 232
10 1 369 -2 241 -3 458 4 66 5 554 -6 445 7 343 -8 896 -9 270 -10 988
10 1 314 2 510 3 955 4 507 5 369 -6 577 7 277 8 848 -9 194 10 605
10 -1 183 2 26 -3 237 4 299 5 434 6 299 -7 636 8 351 9 258 -10 482
10 1 904 -2 831 3 189 -4 470 5 841 -6 235 -7 498 -8 162 9 891 10 720
10 -1 855 -2 893 -3 345 -4 313 -5 573 6 364 -7 533 -8 412 -9 213 -10 495
10 1 600 -2 36 -3 134 -4 135 5 13 6 707 7 529 -8 168 9 117 10 520
10 1 921 -2 77 -3 841 -4 499 5 117 -6 697 -7 853 -8 642 9 269 -10 70
10 1 431 -2 612 -3 707 4 424 -5 957 6 380 -7 492 -8 164 9 874 10 560
10 -1 696 -2 633 -3 172 4 503 5 561 6 545 -7 885 8 607 9 320 10 809
10 1 95 -2 378 -3 17 4 564 5 553 -6 762 7 386 -8 989 9 765 10 328
10 -1 518 2 198 3 303 4 340 -5 803 6 549 -7 298 8 416 -9 958 -10 171
10 1 651 2 623 -3 740 4 89 -5 128 -6 717 -7 267 -8 39 9 413 -10 686
10 1 331 2 60 -3 93 -4 998 -5 269 6 531 7 400 -8 577 9 98 -10 565
10 -1 856 -2 117 -3 238 4 19 -5 762 6 911 7 459 -8 986 9 263 -10 958
10 1 927 -2 776 3 349 -4 535 5 594 -6 9 7 200 8 429 9 528 -10 503
10 1 544 2 272 3 828 4 216 -5 8 -6 295 -7 99 -8 888 9 70 10 124
10 -1 482 2 237 3 788 4 344 5 675 -6 443 7 487 8 81 -9 460 10 535
10 -1 508 -2 892 3 320 -4 443 -5 337 6 479 -7 283 8 939 -9 975 10 454
10 1 173 2 843 3 293 -4 86 -5 299 -6 292 -7 264 -8 128 -9 503 -10 709
10 -1 617 -2 401 -3 153 -4 796 -5 474 -6 212 -7 92 -8 180 9 201 10 346
10 1 710 2 184 3 173 -4 365 5 354 -6 151 -7 810 -8 425 -9 938 10 274
10 -1 629 2 341 -3 387 -4 400 -5 150 -6 399 -7 303 8 858 -9 598 -10 13
10 -1 905 2 21 -3 13 -4 670 -5 304 6 219 7 428 8 374 -9 913 10 639
10 -1 141 -2 870 -3 43 4 16 5 739 6 797 7 764 -8 110 9 143 -10 999
10 -1 553 -2 520 3 368 4 46 5 746 6 742 -7 90 -8 300 -9 648 -10 31
10 1 487 -2 780 -3 95 -4 307 5 938 -6 92 7 988 8 906 -9 468 -10 473
10 1 731 2 56 3 547 4 973 5 492 6 54 7 457 -8 234 9 323 10 609
10 -1 630 2 942 -3 312 4 888 5 606 6 523 -7 665 -8 195 -9 201 -10 824
10 -1 780 -2 622 3 613 4 430 -5 514 -6 227 -7 571 -8 70 9 266 -10 780
10 1 73 -2 992 3 232 4 772 5 365 -6 668 7 3 8 918 9 370 -10 708
10 -1 396 2 806 -3 965 -4 361 5 891 -6 817 -7 587 -8 524 9 872 10 43
10 1 936 2 985 -3 667 4 117 5 185 6 151 -7 792 -8 865 -9 495 10 340
10 -1 541 2 38 3 639 4 699 5 645 -6 636 7 527 -8 405 9 180 -10 594
10 -1 625 -2 17 3 51 4 67 5 912 6 253 7 139 -8 219 9 190 10 755
10 -1 671 -2 804 -3 784 -4 556 5 564 -6 767 -7 677 8 913 9 749 -10 324
10 -1 723 -2 579 -3 57 4 579 -5 841 -6 88 7 543 8 635 9 159 10 876
10 -1 83 -2 46 -3 31 -4 901 5 316 6 264 7 785 8 943 -9 667 10 561
10 -1 843 -2 364 3 293 -4 999 -5 653 6 550 -7 150 8 800 -9 455 10 338
10 1 388 2 775 3 935 4 981 -5 502 6 623 7 901 -8 43 -9 81 10 554
10 1 327 2 736 3 923 -4 106 -5 290 6 271 -7 499 8 614 9 146 10 532
10 1 635 2 585 -3 361 -4 105 -5 414 -6 927 -7 371 -8 742 9 96 -10 121
10 1 453 -2 964 3 509 -4 386 -5 951 -6 751 -7 381 8 777 -9 238 -10 632
10 -1 256 -2 745 3 658 4 898 5 860 6 818 -7 185 -8 639 -9 210 -10 287
10 -1 541 2 632 -3 600 -4 267 5 297 -6 704 7 412 8 612 9 8 10 839
10 1 549 2 695 -3 138 -4 360 -5 405 6 421 -7 819 -8 751 -9 987 -10 768
10 -1 495 -2 862 3 750 4 435 -5 927 -6 622 -7 861 -8 27 9 448 -10 721
10 1 888 2 611 3 746 -4 276 -5 913 6 678 -7 279 8 674 -9 403 10 343
10 1 309 -2 208 -3 867 -4 977 5 779 -6 141 7 176 8 962 9 111 10 596
10 -1 906 2 151 3 883 4 275 -5 722 -6 979 -7 433 -8 445 -9 179 -10 188
10 1 863 -2 185 -3 2 -4 351 -5 2 6 516 -7 576 8 439 9 545 10 569
10 -1 422 -2 277 3 25 -4 265 5 85 -6 121 -7 69 -8 891 -9 532 10 863
10 1 713 2 390 3 500 -4 923 -5 577 6 330 -7 268 8 75 -9 146 -10 386
10 -1 858 -2 768 -3 213 4 658 5 79 6 324 7 192 -8 209 -9 989 10 176
10 1 222 2 492 -3 265 -4 88 5 813 6 847 -7 824 8 890 9 254 10 438
10 1 638 2 383 -3 173 4 232 5 513 -6 639 -7 774 8 46 -9 718 10 303
10 1 314 2 862 3 908 4 480 -5 157 6 822 7 424 8 972 9 424 10 392
10 -1 987 2 557 3 418 -4 757 5 497 -6 192 7 188 -8 73 -9 576 10 452
10 -1 969 -2 981 -3 591 4 764 -5 629 6 938 7 39 8 81 9 826 10 55
10 -1 789 2 883 -3 706 -4 429 5 510 -6 804 7 95 -8 52 9 708 -10 884
10 1 530 -2 218 3 358 -4 545 5 35 6 229 -7 817 8 686 -9 711 10 21
10 -1 907 -2 182 -3 859 -4 83 -5 975 -6 575 -7 485 -8 736 -9 76 10 183
10 1 254 -2 896 3 355 -4 570 5 742 -6 9 -7 608 8 724 9 849 -10 449
10 -1 308 -2 534 -3 418 4 6 -5 128 6 288 -7 182 -8 811 9 283 -10 997
10 -1 586 -2 588 3 324 -4 538 5 531 6 438 -7 992 -8 395 -9 935 10 751
10 -1 513 -2 333 3 394 4 470 5 55 6 990 -7 505 8 978 9 1000 10 211
10 -1 266 -2 508 -3 560 4 884 -5 867 6 22 7 773 -8 797 9 685 10 815
10 -1 405 -2 838 3 871 4 24 -5 164 6 518 7 884 8 641 9 134 10 509
10 -1 231 2 826 3 60 4 284 5 17 -6 401 7 100 8 997 9 229 -10 905
10 1 170 -2 880 -3 43 4 559 5 683 -6 687 7 817 8 277 -9 889 -10 3
10 1 673 2 516 3 214 -4 972 -5 821 6 262 7 643 8 4 9 111 10 456
10 -1 375 2 90 -3 4 4 581 5 544 -6 407 -7 783 8 521 -9 272 10 751
10 -1 488 2 525 3 555 4 312 -5 208 -6 268 7 150 -8 719 9 240 10 773
10 -1 320 -2 182 3 39 4 750 5 888 6 506 7 926 8 375 9 2 -10 15
10 1 797 -2 535 3 128 4 677 -5 196 -6 645 -7 547 8 585 9 773 -10 967
10 1 445 -2 103 3 212 -4 220 5 452 -6 324 7 484 8 462 9 367 -10 632
10 -1 475 -2 963 -3 644 -4 809 -5 982 6 883 -7 31 8 87 -9 890 -10 666
10 -1 701 -2 429 3 203 4 906 5 682 -6 378 -7 14 -8 61 -9 421 -10 318
10 -1 391 2 374 3 291 -4 580 -5 419 6 296 7 664 -8 816 -9 166 10 487
10 -1 693 2 801 -3 473 4 154 -5 717 -6 694 -7 689 -8 798 9 672 10 639
10 -1 267 2 942 -3 119 -4 306 5 711 -6 768 7 322 8 651 -9 938 10 254
10 -1 964 -2 924 3 982 4 996 -5 184 6 155 -7 579 8 178 9 411 10 801
10 -1 177 -2 390 3 783 -4 805 -5 64 6 713 -7 79 -8 302 -9 961 -10 174
10 -1 726 -2 932 3 457 4 99 5 878 -6 767 -7 969 -8 248 -9 354 -10 966
10 -1 514 -2 689 3 864 4 10 -5 511 6 313 7 363 -8 65 -9 804 10 137
10 -1 19 2 40 -3 887 -4 7 5 832 -6 809 7 224 -8 113 -9 184 10 581
10 1 7 2 370 3 150 4 711 -5 94 6 309 -7 400 8 673 -9 365 -10 58
10 -1 843 2 570 3 491 4 352 5 216 6 942 -7 825 -8 563 -9 830 10 289
10 -1 615 -2 995 3 292 -4 91 -5 41 6 708 7 623 -8 305 -9 359 10 617
10 -1 226 -2 273 3 676 -4 487 -5 766 -6 111 7 420 -8 625 -9 452 -10 515
10 -1 851 2 411 3 260 4 356 -5 945 -6 387 -7 331 -8 737 9 140 -10 878
10 -1 721 -2 169 3 997 -4 294 -5 34 6 595 -7 897 -8 809 -9 942 10 43
10 -1 740 2 607 3 457 -4 557 5 337 -6 994 7 629 -8 123 9 199 -10 97
10 -1 829 2 624 3 935 4 380 5 169 -6 678 7 675 -8 557 9 486 -10 304
10 -1 628 -2 419 3 522 4 724 -5 422 -6 203 7 771 8 213 -9 121 -10 302
10 -1 616 -2 966 -3 631 4 65 -5 391 -6 371 7 430 8 766 -9 521 10 319
10 1 982 -2 970 -3 225 4 315 -5 640 -6 80 7 633 8 430 -9 372 -10 749
10 -1 393 -2 135 3 400 -4 117 5 261 6 409 7 766 8 513 -9 124 -10 530
10 -1 914 -2 285 -3 51 4 847 5 750 -6 860 -7 853 8 725 9 6 10 608
10 1 285 2 279 3 879 4 728 -5 703 6 686 -7 518 -8 965 9 200 10 698
10 -1 638 2 452 3 133 -4 226 -5 345 -6 512 7 64 8 401 -9 61 -10 26
10 -1 540 -2 707 3 682 -4 186 5 937 6 933 7 437 -8 163 9 805 -10 367
10 -1 73 2 388 -3 963 4 971 -5 271 6 905 7 819 8 696 -9 872 -10 724
10 1 115 2 373 3 718 -4 817 5 380 -6 753 7 263 8 209 -9 973 -10 532
10 -1 809 -2 442 -3 509 4 908 5 545 -6 56 -7 661 -8 121 -9 510 10 649
10 -1 1000 -2 23 3 10 -4 44 5 847 6 820 -7 683 8 540 -9 735 -10 539
10 1 690 -2 158 -3 642 -4 750 5 483 -6 345 7 946 8 903 -9 509 -10 592
10 1 440 2 626 3 873 4 663 5 73 -6 368 7 747 8 614 9 767 -10 578
10 -1 440 2 970 -3 630 -4 87 5 409 6 394 7 927 8 350 -9 952 -10 814
10 -1 425 2 794 -3 807 -4 827 -5 975 -6 838 7 395 8 521 -9 832 10 574
10 -1 792 2 418 -3 911 4 759 -5 898 -6 756 -7 811 -8 989 9 720 10 403
10 -1 550 2 590 3 67 -4 405 5 644 -6 199 7 835 8 768 -9 313 10 576
10 1 99 -2 423 -3 511 -4 501 -5 335 6 487 -7 589 -8 112 9 885 10 793
10 1 827 2 787 3 762 -4 789 5 61 -6 346 7 4 8 907 9 471 10 720
10 -1 529 2 223 3 913 -4 745 -5 472 6 493 -7 726 8 741 -9 85 -10 80
10 1 669 2 957 -3 40 -4 879 -5 247 -6 380 7 388 -8 779 9 539 10 412
10 -1 152 -2 398 -3 812 4 279 -5 930 6 925 -7 195 -8 6 -9 786 10 796
10 -1 67 2 519 3 321 -4 176 5 639 -6 864 7 772 -8 74 9 281 -10 687
10 1 946 2 282 -3 934 -4 492 5 223 6 620 7 859 8 949 -9 507 10 911
10 1 920 -2 781 3 288 -4 667 -5 141 6 219 -7 411 8 672 9 579 -10 875
10 1 545 -2 917 3 695 -4 594 5 52 -6 992 -7 234 8 196 9 394 10 402
10 -1 195 -2 232 -3 663 -4 853 5 479 -6 864 -7 43 -8 116 -9 302 -10 173
10 -1 895 2 942 -3 505 4 314 -5 458 6 514 7 878 -8 910 -9 693 10 552
10 -1 208 -2 375 -3 749 4 739 5 479 -6 362 7 872 -8 110 9 902 10 765
10 1 468 -2 449 3 323 4 596 -5 768 -6 872 -7 836 8 837 9 780 10 606
10 -1 766 2 253 -3 607 -4 743 -5 559 6 42 -7 125 -8 215 -9 301 10 720
10 1 715 2 432 3 784 4 108 -5 758 6 573 -7 699 -8 811 -9 548 10 767
10 1 789 -2 303 -3 538 4 423 -5 600 -6 869 -7 66 8 454 -9 92 10 636
10 1 840 2 896 3 203 4 5 5 667 -6 809 -7 434 8 301 -9 306 10 185
10 -1 138 2 821 -3 531 4 651 -5 162 6 208 -7 735 -8 463 9 52 10 900
10 1 56 2 972 -3 829 4 327 -5 669 -6 950 7 149 8 851 9 560 -10 546
10 -1 719 2 41 3 857 4 66 5 253 -6 11 -7 336 8 392 -9 159 -10 779
10 -1 313 2 568 3 738 4 801 5 283 6 865 7 973 -8 411 9 164 10 726
10 -1 854 2 297 3 295 -4 334 5 600 6 447 -7 452 -8 71 9 886 10 40
10 -1 239 2 467 -3 364 -4 79 -5 334 -6 151 -7 267 8 823 9 214 -10 949
10 -1 83 2 549 -3 929 4 962 5 28 6 728 -7 611 8 884 9 994 10 82
10 -1 164 -2 732 -3 35 4 365 -5 581 6 370 7 204 8 520 9 888 -10 153
10 -1 483 2 176 -3 115 4 782 -5 669 6 184 7 449 8 362 -9 159 10 908
10 1 221 -2 100 3 544 4 420 5 510 -6 147 -7 434 -8 350 -9 406 10 160
10 1 193 -2 721 3 468 -4 297 5 404 6 309 7 117 -8 280 9 911 -10 976
10 -1 408 2 767 -3 383 -4 434 -5 371 -6 144 -7 958 -8 774 9 256 10 516
10 1 550 -2 940 3 866 4 234 5 473 6 363 7 415 8 4 9 470 -10 722
10 1 28 2 581 -3 152 4 966 -5 443 6 607 -7 908 8 23 9 614 10 655
10 1 977 -2 785 -3 397 4 271 5 352 6 800 -7 812 -8 205 -9 706 10 156
10 1 191 2 575 3 373 -4 838 -5 299 -6 400 7 535 -8 734 9 645 -10 463
10 1 892 2 562 -3 999 4 61 -5 622 -6 522 -7 841 8 725 9 381 10 885
10 -1 758 2 823 3 568 4 501 5 928 -6 54 -7 914 -8 981 9 41 -10 138
10 1 911 -2 365 3 765 4 858 5 566 6 89 -7 330 8 248 9 932 -10 448
10 1 249 2 594 -3 660 -4 689 5 196 -6 404 7 690 8 506 -9 824 10 848
10 1 293 -2 555 -3 214 4 379 5 207 -6 890 -7 275 8 914 9 364 -10 192
10 -1 870 -2 35 -3 390 -4 319 -5 972 6 402 7 358 8 903 -9 855 -10 169
10 -1 896 -2 199 -3 472 -4 40 -5 793 6 116 -7 221 -8 538 9 936 -10 54
10 1 856 2 230 -3 379 4 958 -5 94 -6 834 7 972 8 214 9 755 -10 344
10 -1 883 -2 303 -3 978 -4 139 5 992 -6 507 7 315 8 682 -9 413 10 991
10 1 980 -2 477 3 523 -4 172 -5 443 -6 448 -7 354 8 970 -9 456 10 651
10 1 803 -2 197 3 502 4 197 5 473 -6 537 -7 944 8 94 -9 823 -10 369
10 1 660 -2 839 -3 497 4 397 5 578 -6 263 7 273 -8 362 9 854 -10 840
10 -1 665 2 177 3 528 -4 380 5 227 6 983 -7 40 -8 354 9 838 10 762
10 -1 989 -2 386 -3 979 4 711 -5 953 -6 808 7 418 8 100 9 914 10 235
10 -1 275 2 805 -3 740 4 729 -5 907 -6 892 -7 996 8 752 9 497 10 759
10 -1 67 2 315 -3 283 -4 880 -5 262 -6 593 7 413 -8 549 -9 55 -10 872
10 -1 559 2 493 3 823 4 762 5 575 -6 537 -7 124 -8 757 9 541 -10 920
10 1 963 -2 44 -3 935 4 437 5 112 6 910 7 247 -8 953 9 738 10 231
10 -1 98 -2 548 3 1 4 698 -5 284 6 147 -7 327 -8 240 -9 813 10 188
10 -1 556 -2 829 -3 64 4 492 -5 39 6 264 -7 515 -8 467 9 98 -10 618
10 -1 486 -2 780 -3 106 -4 318 5 647 6 935 7 814 8 213 -9 749 -10 46
10 1 590 2 847 3 402 -4 444 5 331 6 490 7 87 8 993 -9 547 -10 758
10 1 720 2 352 3 221 -4 876 -5 615 -6 656 7 15 8 835 -9 846 -10 884
10 -1 385 -2 579 3 227 4 973 5 463 -6 557 7 949 8 132 9 802 -10 814
10 -1 307 -2 147 3 608 4 618 5 209 -6 353 7 496 -8 178 9 273 -10 247
10 -1 931 -2 815 3 168 -4 203 -5 741 -6 450 7 124 8 114 -9 87 -10 778
10 -1 289 -2 933 -3 373 -4 418 5 927 -6 988 7 444 -8 987 9 65 -10 474
10 1 552 2 894 3 100 4 118 5 173 -6 503 7 205 -8 731 -9 659 10 78
10 1 173 -2 415 3 438 4 405 -5 949 -6 384 7 667 8 325 9 20 10 229
10 -1 225 -2 666 3 216 -4 132 -5 200 -6 632 -7 416 -8 70 9 764 10 351
10 -1 138 2 386 -3 933 4 260 -5 452 -6 438 7 750 -8 153 9 242 10 351
10 -1 127 -2 242 3 464 -4 21 5 951 6 200 -7 382 -8 691 9 418 10 799
10 1 27 2 67 -3 288 4 610 -5 731 -6 520 7 633 8 630 -9 271 10 392
10 -1 470 -2 302 -3 640 -4 83 5 28 -6 674 -7 848 -8 309 -9 650 10 604
10 1 42 -2 618 -3 362 4 276 5 481 6 733 7 188 8 54 -9 962 10 354
10 -1 165 -2 117 3 926 4 290 -5 349 6 552 7 621 8 416 9 703 -10 148
10 1 786 -2 73 3 510 4 252 5 792 6 301 7 508 8 803 9 814 10 648
10 1 273 -2 176 -3 769 4 766 5 830 6 507 -7 943 -8 359 9 14 -10 116
10 -1 400 2 875 -3 866 -4 275 -5 365 6 337 7 242 -8 246 -9 866 -10 34
10 -1 399 -2 521 3 372 4 27 -5 216 -6 466 7 28 -8 910 -9 996 -10 713
10 -1 841 2 940 -3 83 4 845 5 824 -6 259 -7 13 8 502 9 121 -10 529
10 1 616 2 945 -3 48 4 262 -5 313 -6 353 -7 688 -8 566 -9 179 -10 671
10 1 349 2 366 -3 811 4 589 -5 641 6 221 7 902 8 323 9 718 -10 828
10 1 950 2 984 3 139 4 922 -5 191 6 296 7 672 -8 722 -9 293 10 878
10 1 426 -2 547 -3 255 -4 330 5 569 6 511 7 469 -8 666 -9 516 10 632
10 -1 961 -2 989 -3 278 -4 179 -5 534 6 252 -7 868 -8 726 9 770 -10 368
10 1 315 2 350 3 176 -4 626 -5 254 6 72 7 910 8 256 9 501 10 137
10 1 206 -2 282 -3 55 4 356 -5 695 -6 920 7 194 8 991 9 355 10 768
10 -1 343 2 919 3 298 4 304 5 355 6 638 -7 815 -8 488 -9 547 10 682
10 1 823 2 888 3 804 4 712 5 580 6 199 7 26 -8 863 -9 866 -10 533
10 -1 363 -2 714 -3 801 -4 833 -5 273 6 715 -7 298 -8 832 -9 759 10 739
10 -1 664 -2 76 3 523 4 458 -5 201 6 226 -7 640 -8 772 9 819 -10 895
10 1 763 2 742 -3 969 -4 759 5 328 6 460 -7 910 8 809 -9 868 10 189
10 1 415 -2 512 3 258 4 619 -5 338 -6 944 -7 474 -8 424 9 797 -10 379
10 1 18 2 58 -3 642 -4 376 5 867 -6 10 -7 367 8 651 -9 502 -10 279
10 1 697 -2 37 3 624 -4 788 5 968 -6 30 7 438 -8 939 -9 585 10 68
10 1 623 -2 651 3 967 -4 958 -5 306 -6 24 7 662 8 687 9 764 -10 309
10 1 860 2 461 3 979 4 172 -5 958 -6 149 7 964 -8 499 9 148 10 542
10 1 679 -2 511 -3 212 -4 47 5 991 -6 278 7 331 8 832 -9 851 10 527
10 -1 5 2 326 3 808 4 192 -5 406 6 99 7 704 8 11 9 871 -10 673
10 -1 690 -2 783 -3 594 -4 116 -5 878 -6 806 7 496 -8 155 -9 87 10 854
10 1 138 -2 783 -3 226 4 521 5 408 6 524 -7 707 8 448 9 676 -10 400
10 -1 738 2 939 3 980 -4 799 5 374 6 897 7 430 8 302 -9 755 -10 766
10 -1 388 2 814 3 957 4 504 5 448 -6 621 -7 405 -8 405 9 124 10 82
10 -1 992 -2 664 3 563 4 360 -5 731 -6 708 -7 997 -8 498 -9 262 10 325
10 1 542 2 653 -3 673 4 106 5 993 -6 739 7 4 -8 670 9 22 -10 919
10 1 856 -2 260 3 569 4 942 -5 193 6 150 -7 319 8 144 -9 215 -10 405
10 -1 977 -2 892 -3 380 -4 194 -5 419 -6 379 7 94 -8 794 9 998 10 747
10 1 359 2 687 -3 450 4 81 5 832 6 282 7 299 8 337 -9 308 -10 718
10 -1 992 -2 813 3 809 -4 28 5 841 -6 344 7 450 8 76 -9 819 -10 854
10 1 309 -2 952 3 884 -4 87 5 419 -6 683 7 578 8 214 -9 213 10 112
10 1 881 -2 989 -3 428 4 907 5 653 6 727 7 634 8 196 -9 433 -10 14
10 -1 240 -2 829 3 814 4 924 5 601 6 439 -7 398 8 474 9 722 -10 21
10 -1 351 2 912 -3 728 -4 953 -5 250 -6 721 7 253 -8 44 -9 271 -10 49
10 -1 121 2 311 3 712 -4 253 -5 649 6 714 7 98 -8 714 9 413 10 981
10 -1 781 -2 437 -3 341 -4 57 5 255 -6 649 7 179 -8 282 9 547 -10 272
10 -1 876 2 123 3 559 4 578 -5 679 -6 876 -7 931 8 952 9 801 10 684
10 -1 446 -2 27 -3 66 4 892 5 673 6 864 -7 662 8 918 9 198 -10 63
10 -1 934 2 630 3 607 4 800 -5 155 6 525 -7 172 -8 418 9 676 10 927
10 -1 661 2 901 3 28 -4 143 5 447 6 723 7 890 8 854 -9 117 -10 121
10 1 450 -2 974 -3 591 -4 512 5 295 -6 75 -7 4 -8 301 -9 735 10 916
10 1 893 -2 178 -3 180 4 123 5 388 6 241 7 70 -8 612 9 231 10 780
10 -1 778 2 259 3 197 -4 793 -5 221 -6 486 7 880 8 921 -9 620 10 780
10 1 611 -2 202 -3 125 -4 821 5 124 6 493 7 524 -8 974 -9 843 10 908
10 -1 908 2 87 3 445 -4 240 5 641 6 61 -7 171 8 721 -9 248 -10 643
10 -1 747 2 128 -3 627 -4 642 5 596 -6 834 -7 821 -8 361 -9 584 -10 486
10 -1 6 -2 167 3 598 4 595 -5 494 6 284 -7 214 -8 276 9 763 10 823
10 1 732 -2 479 -3 820 4 312 5 235 -6 624 7 923 -8 313 -9 41 -10 414
10 1 948 -2 185 -3 180 4 743 -5 202 -6 895 -7 995 8 790 9 103 10 983
10 -1 935 -2 610 3 644 4 896 5 694 -6 372 7 211 8 41 -9 228 10 24
10 -1 64 2 85 3 180 4 981 -5 337 -6 253 -7 810 -8 457 -9 919 10 739
10 -1 49 -2 427 3 508 -4 371 5 483 -6 440 -7 985 8 72 -9 155 -10 473
10 1 761 -2 555 -3 662 -4 821 -5 722 6 198 -7 38 -8 554 -9 942 -10 678
10 -1 369 2 391 -3 712 -4 370 5 693 6 789 7 229 8 72 -9 256 -10 141
10 1 823 2 929 -3 194 -4 488 5 495 6 555 -7 443 8 667 -9 801 10 639
10 1 367 2 367 -3 479 4 969 5 73 -6 523 -7 13 -8 288 9 700 10 494
10 -1 766 2 698 3 364 4 844 -5 149 6 359 -7 514 8 232 -9 378 -10 901
10 -1 883 2 776 3 407 -4 994 5 839 6 619 7 620 -8 430 -9 678 -10 5
10 -1 906 -2 903 -3 231 -4 569 5 143 -6 986 -7 925 -8 189 9 803 10 711
10 -1 884 -2 198 -3 904 4 287 -5 828 6 218 -7 681 -8 280 9 782 10 516
10 1 486 2 961 -3 138 -4 896 5 847 6 617 -7 613 -8 262 -9 613 10 438
10 1 328 2 321 -3 284 4 668 -5 552 6 228 7 770 8 194 -9 658 10 39
10 1 242 2 790 -3 197 4 887 -5 660 -6 721 -7 161 8 690 9 327 10 609
10 -1 121 -2 471 -3 516 4 438 -5 808 6 922 -7 109 8 788 9 848 10 995
10 -1 812 2 423 -3 325 -4 271 5 103 -6 759 -7 745 -8 864 -9 548 -10 697
10 -1 462 2 971 3 474 -4 572 -5 551 -6 346 -7 859 -8 448 -9 583 10 92
10 -1 8 -2 352 3 307 -4 511 5 112 -6 767 7 395 8 209 -9 170 -10 420
10 1 503 2 324 3 787 -4 670 -5 653 -6 934 7 42 8 576 -9 349 -10 346
10 -1 142 -2 179 -3 601 -4 428 5 853 -6 171 7 156 8 880 9 865 -10 912
10 -1 217 2 697 -3 815 -4 716 -5 783 -6 710 -7 170 8 875 -9 156 10 691
10 -1 655 2 64 -3 365 -4 486 5 426 -6 199 -7 730 -8 536 9 340 10 780
10 1 321 2 250 -3 620 4 583 5 479 -6 5 7 919 8 119 -9 979 -10 737
10 1 435 -2 374 -3 434 -4 428 -5 158 6 92 7 340 -8 851 -9 922 -10 79
10 1 324 2 69 3 142 -4 829 5 124 -6 20 -7 491 -8 196 9 974 -10 980
10 -1 764 2 356 3 31 -4 743 -5 849 6 494 7 505 -8 828 -9 714 10 392
10 -1 554 2 356 3 565 -4 555 -5 263 -6 624 7 293 -8 888 9 341 -10 860
10 1 163 2 447 -3 240 -4 415 5 410 6 440 -7 863 -8 601 9 264 -10 753
10 -1 772 2 66 -3 516 4 337 5 9 6 179 7 491 8 125 9 544 10 450
10 -1 975 2 129 3 892 -4 861 5 816 -6 993 -7 462 -8 941 9 37 -10 155
10 1 38 2 752 3 624 4 430 5 151 6 113 7 18 -8 873 -9 688 10 447
10 -1 309 -2 390 -3 412 4 690 -5 29 -6 182 -7 654 -8 104 -9 601 10 243
10 1 313 2 225 -3 61 4 568 5 714 -6 309 -7 460 8 298 9 164 10 90
10 1 295 2 725 3 998 4 57 5 227 -6 805 -7 789 -8 126 9 294 10 147
10 1 973 -2 874 -3 825 4 61 5 848 -6 730 7 694 -8 6 9 895 10 532
10 -1 6 -2 635 -3 247 4 895 5 421 -6 742 -7 727 -8 774 9 736 -10 747
10 1 385 2 987 3 560 -4 947 -5 374 6 818 -7 755 8 943 9 90 -10 30
10 -1 878 -2 194 3 736 4 104 5 448 6 50 -7 109 -8 429 9 494 10 959
10 -1 637 -2 753 -3 786 -4 728 -5 961 -6 124 -7 272 -8 515 -9 475 10 82
10 1 548 -2 810 -3 88 -4 523 -5 115 6 515 7 564 -8 445 9 610 -10 227
10 -1 118 -2 834 -3 691 -4 778 5 988 6 467 -7 650 8 682 9 117 10 703
10 -1 830 2 92 3 96 4 553 5 95 -6 825 7 383 -8 759 9 73 -10 677
10 1 115 2 596 -3 322 -4 435 5 971 -6 251 -7 982 -8 862 9 209 -10 931
10 1 501 -2 445 3 574 -4 143 -5 937 -6 953 7 283 8 426 -9 802 10 504
10 -1 57 -2 363 3 623 -4 842 5 309 6 987 -7 710 8 590 -9 737 10 472
10 -1 429 -2 39 3 98 -4 570 5 94 6 750 7 284 -8 808 9 949 -10 542
10 -1 249 2 575 3 559 4 624 -5 777 -6 376 -7 824 8 96 -9 935 -10 553
10 1 546 -2 300 -3 42 4 372 -5 531 -6 337 -7 380 8 923 -9 325 -10 995
10 1 705 -2 676 3 928 -4 339 5 450 6 54 -7 385 -8 205 -9 10 10 157
10 1 683 -2 870 -3 294 4 11 -5 51 6 580 7 28 8 276 -9 755 10 861
10 1 838 2 526 -3 592 -4 804 -5 631 6 731 7 101 8 778 9 208 -10 713
10 1 830 -2 456 -3 451 4 38 5 836 6 654 7 114 -8 871 -9 326 -10 9
10 -1 83 -2 55 -3 23 4 747 5 131 -6 33 7 967 -8 789 -9 125 10 410
10 -1 353 -2 967 3 348 4 292 -5 975 -6 397 -7 17 -8 554 -9 96 -10 431
10 -1 89 -2 46 -3 227 -4 994 5 345 -6 196 7 102 -8 383 -9 596 -10 943
10 -1 392 2 339 -3 865 4 588 -5 398 6 724 7 972 -8 202 -9 943 -10 192
10 1 308 2 377 3 996 4 210 5 307 6 711 -7 795 -8 813 9 172 10 754
10 1 812 -2 912 3 621 4 109 -5 887 6 530 7 594 -8 633 -9 333 -10 657
10 -1 534 -2 486 3 943 4 214 5 54 6 98 -7 294 -8 429 9 517 -10 591
10 1 6 -2 679 3 658 4 40 -5 647 6 755 -7 758 8 679 -9 128 -10 349
10 1 490 2 728 -3 878 4 973 -5 879 6 500 7 195 8 239 9 201 10 577
10 -1 334 2 244 -3 796 4 725 -5 725 6 667 7 26 -8 276 9 504 10 298
10 -1 57 2 759 -3 183 4 17 -5 130 -6 912 7 376 8 44 9 505 10 604
10 -1 220 -2 997 3 274 -4 590 -5 747 -6 591 -7 173 8 403 -9 339 10 71
10 1 764 -2 941 -3 919 4 655 -5 194 6 438 -7 704 8 894 -9 916 10 771
10 1 188 2 371 -3 429 -4 631 -5 928 -6 535 -7 8 -8 705 -9 61 -10 505
10 -1 409 2 585 -3 493 -4 331 -5 362 6 784 7 175 8 197 9 973 10 569
10 1 624 -2 594 -3 140 -4 159 -5 814 6 410 7 203 -8 614 -9 461 10 831
10 -1 128 -2 635 3 413 -4 670 -5 367 -6 218 7 958 -8 332 9 576 10 889
10 -1 58 -2 553 -3 783 4 266 5 624 6 201 -7 169 8 981 9 140 10 14
10 1 426 -2 17 3 776 -4 76 -5 75 -6 745 -7 23 -8 101 -9 828 10 510
10 -1 465 2 280 -3 914 -4 708 5 730 6 858 7 936 -8 51 9 745 10 833
10 -1 623 -2 22 3 475 4 172 -5 750 6 289 7 672 8 400 9 39 10 583
10 1 676 2 443 -3 550 -4 988 -5 319 6 486 -7 466 8 860 -9 277 -10 248
10 -1 909 -2 130 -3 542 -4 872 -5 819 -6 316 7 897 8 236 -9 78 -10 410
10 1 989 2 646 -3 1 -4 594 -5 77 -6 81 -7 420 -8 283 -9 778 10 813
10 1 31 2 772 3 338 -4 895 -5 437 -6 870 7 444 8 883 -9 161 -10 858
10 1 210 2 414 -3 85 4 664 -5 283 -6 278 7 190 -8 457 -9 892 10 186
10 -1 591 -2 304 3 827 -4 893 -5 109 -6 443 -7 841 -8 58 9 27 -10 250
10 1 386 -2 81 -3 513 -4 398 5 400 6 309 7 378 8 788 -9 854 10 250
10 -1 443 -2 685 -3 440 4 607 -5 142 6 148 7 916 8 578 -9 897 10 741
10 1 400 -2 168 -3 467 -4 84 -5 814 6 643 7 603 8 189 -9 67 10 71
10 1 216 2 352 3 340 4 315 -5 954 -6 657 7 770 8 680 9 403 10 590
10 -1 154 -2 299 3 277 4 351 -5 407 6 572 -7 415 -8 205 -9 354 10 441
10 -1 936 -2 240 3 89 -4 376 -5 746 -6 257 7 229 -8 227 9 894 -10 557
10 1 364 -2 948 3 328 -4 117 5 537 -6 432 7 226 8 409 9 257 10 134
10 -1 441 2 862 3 853 4 23 5 521 6 732 -7 331 8 251 -9 272 10 525
10 1 967 2 905 -3 558 4 448 5 32 6 378 -7 769 -8 875 -9 4 10 714
10 1 198 2 420 -3 234 4 554 -5 714 6 912 7 219 8 60 9 843 10 4
10 -1 426 2 535 3 891 4 485 -5 669 -6 348 7 804 8 609 9 61 -10 239
10 1 96 2 765 -3 201 4 187 -5 264 6 247 7 194 -8 282 9 845 10 98
10 1 929 -2 489 3 952 4 58 -5 445 6 780 7 842 -8 690 -9 315 10 113
10 -1 212 2 203 3 311 -4 690 5 954 6 187 7 533 -8 198 -9 582 10 477
10 1 215 2 226 3 427 -4 727 5 284 6 130 -7 300 -8 635 9 593 -10 701
10 1 901 -2 945 -3 703 4 35 5 774 -6 83 7 455 8 60 -9 222 -10 333
10 1 537 -2 516 -3 812 4 648 -5 975 -6 380 7 618 -8 155 -9 356 -10 376
10 1 79 -2 618 3 231 4 426 5 630 -6 636 -7 452 -8 686 9 344 -10 365
10 1 863 2 115 3 950 -4 359 5 48 6 395 -7 410 8 850 -9 703 10 838
10 -1 297 -2 273 -3 333 4 62 -5 662 6 828 7 667 -8 558 9 869 10 345
10 -1 889 2 422 3 809 -4 87 5 101 -6 920 -7 171 8 668 9 908 -10 127
10 -1 274 -2 659 -3 169 4 55 5 359 6 893 -7 844 -8 728 9 510 -10 553
10 1 891 2 414 -3 458 -4 841 5 931 6 701 7 569 -8 560 9 667 10 463
10 1 240 2 349 3 794 4 425 -5 535 -6 578 -7 436 -8 177 -9 253 10 131
10 1 492 -2 260 3 453 4 310 5 240 6 144 -7 333 -8 15 9 699 10 721
10 1 803 -2 803 -3 754 4 981 -5 19 6 102 -7 956 -8 438 9 661 -10 533
10 1 667 2 470 3 214 4 302 -5 579 6 314 7 204 -8 571 9 174 -10 95
10 1 721 2 310 3 932 -4 771 5 891 6 764 -7 783 -8 142 -9 720 -10 390
10 1 631 -2 450 3 204 4 897 5 302 6 292 7 11 -8 609 -9 866 -10 654
10 1 828 -2 491 -3 355 -4 745 5 22 6 878 7 950 8 376 -9 249 -10 166
10 -1 198 -2 788 3 373 4 971 -5 170 -6 460 -7 820 -8 662 -9 632 -10 499
10 1 698 2 177 -3 580 -4 25 5 61 -6 744 -7 571 -8 611 -9 375 10 940
10 1 319 -2 280 3 220 4 469 -5 387 6 451 7 386 -8 852 9 815 -10 501
10 1 496 2 35 -3 931 -4 528 -5 395 -6 130 -7 477 -8 35 9 812 10 367
10 -1 289 2 300 -3 454 -4 947 -5 631 -6 996 7 812 8 559 -9 584 10 169
10 -1 961 2 642 -3 391 4 528 -5 776 6 414 7 942 -8 616 -9 258 -10 706
10 1 735 -2 398 3 100 4 417 -5 180 6 538 7 792 8 436 9 326 10 440
10 1 464 2 948 -3 830 4 968 5 680 -6 233 -7 585 -8 630 -9 809 10 794
10 1 539 2 654 -3 393 -4 660 -5 842 -6 865 -7 47 -8 396 -9 804 -10 616
10 1 602 2 921 3 693 4 959 -5 905 -6 293 -7 752 -8 373 9 893 -10 713
10 1 967 2 891 3 303 -4 343 5 133 -6 928 -7 505 -8 79 -9 811 -10 823
10 -1 598 -2 396 3 266 -4 235 -5 437 6 205 7 154 -8 84 9 63 -10 175
10 1 415 -2 94 -3 92 -4 70 -5 456 6 911 7 398 8 627 9 940 10 706
10 -1 118 2 831 3 786 -4 289 5 505 6 16 7 90 -8 977 -9 656 10 189
10 -1 245 2 419 -3 290 -4 492 -5 75 -6 475 -7 821 -8 132 9 575 -10 918
10 -1 999 2 974 -3 689 4 803 5 312 6 894 -7 953 -8 888 9 414 -10 216
10 1 512 -2 569 -3 56 4 908 -5 592 6 528 -7 106 8 261 9 504 10 520
10 -1 880 2 416 -3 308 4 993 -5 139 6 805 7 957 -8 41 9 626 10 323
10 1 699 2 202 -3 903 4 409 5 122 -6 10 -7 564 -8 577 9 762 -10 430
10 -1 595 -2 981 3 649 -4 463 -5 417 -6 920 -7 368 8 927 9 635 -10 690
10 1 839 -2 331 3 806 -4 642 -5 607 -6 194 7 121 8 68 9 366 10 715
10 -1 559 2 628 3 223 4 230 5 277 6 186 -7 808 8 78 9 151 10 777
10 -1 695 2 598 3 988 4 279 -5 887 6 494 -7 459 -8 950 9 149 10 370
10 1 92 -2 468 3 883 -4 222 5 123 -6 889 -7 678 -8 109 -9 258 -10 773
10 -1 105 -2 392 -3 293 -4 192 5 877 -6 676 7 281 8 530 -9 601 -10 468
10 -1 464 -2 560 3 132 -4 620 -5 569 6 543 -7 103 -8 517 -9 156 10 277
10 -1 85 2 655 -3 249 -4 194 5 804 6 89 -7 657 8 105 9 105 -10 45
10 -1 562 -2 606 3 824 -4 903 -5 138 -6 264 -7 488 8 508 -9 258 10 837
10 -1 573 2 958 -3 789 4 98 -5 944 -6 224 -7 439 -8 877 9 298 10 165
10 1 902 2 798 -3 744 -4 379 5 875 -6 499 -7 819 8 910 -9 981 10 179
10 1 867 -2 639 3 167 -4 776 -5 104 -6 741 -7 270 -8 576 9 489 -10 391
10 -1 835 2 348 -3 967 -4 475 5 363 -6 781 -7 226 8 889 -9 838 10 842
10 1 547 -2 188 -3 735 4 618 -5 660 6 186 7 14 -8 83 9 350 10 115
10 -1 113 -2 558 3 133 4 300 5 736 6 16 -7 987 -8 793 -9 681 -10 759
10 1 691 -2 861 3 335 -4 693 -5 290 -6 292 -7 688 8 287 -9 534 10 117
10 1 778 -2 164 3 618 -4 862 5 914 6 809 7 473 -8 425 9 268 -10 963
10 -1 61 2 793 3 344 -4 756 -5 704 6 908 -7 54 8 786 -9 203 10 857
10 -1 921 2 158 -3 772 4 151 5 720 -6 975 7 213 -8 128 -9 761 10 82
10 1 696 2 984 3 6 -4 812 5 590 -6 409 7 270 8 493 9 568 10 661
10 -1 874 -2 973 3 826 -4 433 -5 909 6 891 7 470 8 98 -9 182 10 413
10 1 504 2 822 -3 447 4 391 -5 317 -6 275 7 15 8 841 9 858 -10 388
10 -1 998 2 563 -3 390 -4 799 5 170 6 763 7 66 8 352 9 899 10 261
10 1 258 2 541 -3 487 -4 627 -5 493 6 189 -7 164 8 211 -9 646 -10 500
10 -1 636 2 798 3 293 -4 766 5 963 -6 445 7 643 -8 602 9 648 -10 945
10 1 77 2 865 -3 507 4 215 -5 447 -6 577 7 956 8 865 9 114 10 963
10 -1 906 -2 320 -3 512 4 70 5 266 6 164 -7 741 8 534 -9 101 10 455
10 -1 767 -2 716 -3 614 -4 851 5 239 -6 212 -7 489 8 158 9 964 -10 529
10 1 34 -2 727 -3 694 -4 35 -5 706 -6 401 -7 787 8 167 9 330 10 760
10 1 955 -2 794 3 287 4 553 -5 93 -6 200 -7 884 -8 750 -9 719 10 535
10 -1 672 -2 829 3 370 -4 370 5 983 6 590 -7 90 8 419 -9 544 10 109
10 1 227 2 929 -3 943 -4 645 -5 982 6 303 7 808 8 881 -9 651 -10 848
10 1 24 2 462 -3 516 -4 872 5 616 6 213 7 612 -8 519 9 85 -10 383
10 1 633 2 50 -3 679 -4 528 5 223 6 970 7 785 -8 472 9 848 10 1
10 -1 710 -2 758 3 808 4 642 5 511 -6 872 7 928 -8 916 9 827 10 771
10 1 305 -2 701 3 638 4 212 -5 699 6 168 7 646 8 761 9 936 -10 226
10 -1 625 2 853 3 765 4 690 -5 426 6 636 -7 166 8 947 -9 602 10 165
10 1 263 2 341 3 575 -4 174 -5 113 6 468 7 893 -8 338 -9 152 10 99
10 1 21 2 335 -3 222 4 402 -5 37 -6 259 -7 664 -8 327 -9 817 -10 403
10 1 320 -2 195 3 154 4 273 -5 583 -6 270 7 391 8 253 9 27 10 263
10 -1 556 -2 450 -3 259 4 431 5 365 -6 769 -7 157 -8 278 -9 40 10 136
10 -1 337 -2 695 3 531 -4 360 5 502 -6 256 -7 86 8 62 -9 763 10 949
10 -1 848 -2 455 3 923 4 623 5 347 6 513 -7 980 -8 269 -9 402 10 241
10 1 867 -2 915 -3 28 4 802 -5 810 6 83 -7 739 8 83 -9 692 -10 537
10 1 753 2 825 3 593 -4 37 5 497 -6 778 -7 827 8 558 -9 818 -10 279
10 1 110 -2 465 3 602 -4 356 5 237 6 219 7 704 8 563 9 927 10 285
10 -1 207 -2 163 -3 629 -4 628 -5 195 6 425 -7 447 -8 611 9 971 -10 622
10 -1 72 2 686 -3 538 -4 789 5 652 6 385 -7 846 8 440 -9 588 10 544
10 1 310 -2 668 3 116 -4 822 -5 807 -6 814 7 310 8 339 -9 500 10 334
10 1 568 2 93 -3 489 4 507 -5 651 6 668 -7 240 -8 116 9 689 10 123
10 1 234 -2 851 -3 602 4 293 5 414 -6 232 -7 396 8 254 -9 600 -10 316
10 -1 802 -2 501 3 512 4 677 5 28 -6 785 -7 490 8 441 9 286 -10 624
10 -1 685 -2 808 3 444 4 362 -5 328 6 600 -7 222 -8 53 9 42 -10 766
10 -1 67 2 558 3 734 4 122 -5 992 6 811 -7 130 8 353 9 734 -10 504
10 -1 894 2 549 -3 596 4 69 5 195 -6 336 7 840 -8 34 9 218 -10 155
10 -1 835 2 942 -3 654 4 236 -5 908 6 676 7 78 -8 871 -9 288 -10 581
10 -1 411 2 716 3 77 -4 303 5 372 6 828 -7 89 -8 765 9 940 -10 297
10 1 66 2 160 -3 824 -4 986 -5 406 6 412 7 204 -8 950 -9 284 -10 921
10 1 114 2 588 -3 371 -4 207 -5 27 -6 940 7 510 8 782 -9 703 -10 491
10 1 808 -2 527 -3 165 -4 995 -5 885 6 467 -7 849 8 642 -9 107 -10 932
10 1 953 2 685 -3 436 -4 795 5 5 6 608 -7 485 8 39 -9 895 10 412
10 1 500 2 253 -3 867 -4 541 -5 191 -6 375 7 326 -8 712 -9 896 10 355
10 1 884 -2 517 3 924 4 387 -5 208 -6 883 7 14 -8 986 9 262 10 468
10 1 970 2 77 -3 19 4 924 -5 651 -6 342 7 196 8 4 9 627 -10 432
10 -1 651 2 972 3 789 4 883 5 514 -6 875 -7 918 8 334 9 688 -10 629
10 -1 757 2 490 -3 610 4 7 -5 553 6 757 7 330 -8 111 -9 23 -10 504
10 -1 383 2 319 -3 90 -4 22 -5 415 6 14 -7 619 8 632 -9 883 -10 613
10 -1 311 -2 562 3 531 4 242 -5 482 6 448 -7 371 8 490 9 333 10 479
10 -1 790 -2 942 -3 396 4 702 5 226 6 539 -7 684 8 652 9 964 -10 371
10 1 804 2 315 3 503 -4 811 -5 902 -6 448 7 526 8 285 -9 524 -10 1
10 1 470 2 4 -3 442 -4 542 -5 443 6 367 7 484 8 717 -9 397 -10 847
10 -1 911 2 862 -3 705 -4 32 5 32 6 311 -7 519 8 602 -9 125 -10 558
10 1 238 -2 182 3 491 4 496 -5 253 6 311 7 495 -8 506 -9 469 -10 13
10 1 713 2 814 3 922 -4 827 5 240 -6 872 -7 479 8 135 9 621 10 991
10 -1 322 2 455 -3 476 4 573 5 102 6 633 7 359 -8 170 9 585 10 894
10 1 593 2 892 -3 664 -4 210 5 743 -6 38 7 518 8 623 9 586 -10 829
10 -1 700 2 542 3 989 4 642 5 340 -6 151 -7 564 -8 851 -9 479 -10 750
10 1 588 -2 972 3 815 -4 903 -5 152 -6 810 7 812 8 496 -9 469 10 603
10 -1 32 -2 378 3 971 4 808 -5 458 6 802 7 804 8 118 9 819 10 229
10 -1 767 -2 98 -3 703 4 567 -5 803 -6 999 -7 270 -8 780 9 934 10 626
10 1 379 2 256 -3 39 4 709 -5 696 6 219 -7 38 8 571 9 855 -10 75
10 -1 839 -2 970 3 787 -4 329 5 348 6 514 -7 669 -8 718 -9 432 -10 274
10 1 522 -2 135 -3 614 4 320 5 525 -6 112 7 713 8 532 9 810 -10 787
10 1 50 -2 386 3 522 -4 771 5 542 -6 115 -7 629 8 186 -9 13 -10 361
10 1 583 -2 26 -3 796 4 624 5 866 -6 225 -7 466 8 382 -9 409 10 922
10 1 524 2 410 -3 870 -4 800 5 791 6 569 -7 104 -8 668 -9 139 10 943
10 1 362 2 3 3 949 -4 641 -5 380 -6 834 -7 433 8 444 -9 382 -10 744
10 -1 592 -2 581 3 695 4 881 -5 115 -6 577 -7 499 -8 114 -9 885 -10 583
10 -1 485 -2 221 -3 91 -4 747 5 722 -6 245 -7 33 -8 908 9 863 10 857
10 1 496 2 312 3 324 -4 443 5 833 -6 484 -7 353 -8 2 9 375 10 881
10 -1 593 -2 535 3 74 4 863 -5 393 6 282 -7 709 -8 606 -9 151 -10 569
10 1 349 -2 847 -3 300 4 62 5 562 6 384 7 373 8 568 9 85 10 809
10 1 559 2 856 -3 756 -4 4 -5 300 6 181 7 605 -8 947 9 912 10 472
10 1 181 2 481 -3 127 4 121 5 530 -6 104 7 1000 -8 787 -9 761 10 916
10 1 794 2 286 3 233 -4 305 5 646 6 284 7 630 -8 22 9 43 -10 899
10 1 692 -2 569 3 791 -4 141 -5 519 6 8 -7 316 8 578 -9 614 10 540
10 1 957 -2 980 3 603 4 541 5 698 6 508 7 514 -8 517 9 367 10 486
10 -1 556 2 582 -3 958 4 663 5 921 6 397 7 232 -8 275 -9 40 10 120
10 -1 24 2 935 -3 281 4 829 -5 554 6 951 -7 606 8 508 -9 213 -10 745
10 -1 552 -2 94 -3 213 -4 610 5 424 -6 448 7 291 -8 386 -9 731 -10 674
10 -1 438 2 137 -3 685 4 39 -5 882 -6 1000 7 642 8 954 9 805 -10 620
10 -1 735 2 184 3 650 -4 411 5 482 6 986 -7 820 8 67 -9 846 -10 55
10 -1 782 -2 870 -3 75 4 858 5 54 6 343 -7 132 -8 688 -9 422 -10 431
10 1 822 -2 840 -3 237 4 235 5 526 -6 528 7 194 8 352 -9 574 10 12
10 -1 324 -2 575 -3 748 -4 650 5 415 6 48 7 819 8 284 -9 809 -10 651
10 -1 52 2 156 -3 406 4 527 -5 693 -6 952 7 913 8 179 9 50 10 477
10 -1 256 -2 417 -3 372 -4 84 -5 512 6 8 -7 770 8 352 -9 636 10 550
10 -1 292 2 504 3 445 -4 731 5 227 -6 43 7 658 -8 230 -9 315 -10 915
10 -1 293 2 725 -3 438 4 198 -5 521 -6 439 7 207 -8 67 -9 976 10 756
10 1 868 2 697 3 577 -4 394 -5 611 6 290 7 906 8 60 9 310 10 463
10 1 59 2 622 3 270 4 429 -5 717 -6 448 -7 853 8 213 9 663 -10 734
10 -1 293 2 489 -3 292 -4 190 -5 822 -6 213 -7 669 8 418 9 883 10 13
10 1 933 2 690 -3 109 4 272 5 103 -6 27 -7 782 8 538 9 389 -10 692
10 -1 946 -2 438 3 691 4 732 -5 842 6 770 -7 128 -8 423 -9 15 -10 30
10 -1 672 2 795 3 730 -4 442 5 225 6 984 7 959 8 293 -9 948 10 158
10 -1 780 -2 184 3 916 -4 169 5 937 6 614 7 301 -8 886 9 211 10 382
10 1 950 2 340 3 764 4 678 -5 945 -6 502 7 746 8 296 9 128 -10 376
10 -1 590 2 437 -3 670 4 722 -5 160 -6 416 7 653 -8 408 -9 570 10 548
10 -1 457 -2 870 3 46 4 145 5 4 -6 973 7 146 8 416 9 10 10 785
10 -1 92 -2 845 -3 481 -4 181 -5 892 -6 957 7 580 8 40 9 816 -10 848
10 1 130 -2 386 -3 403 -4 371 5 932 -6 626 -7 495 -8 718 9 701 -10 68
10 -1 138 -2 178 3 495 4 594 5 27 6 269 7 766 8 279 -9 545 -10 294
10 -1 805 2 582 3 396 -4 105 -5 451 6 546 7 933 -8 972 -9 486 -10 907
10 -1 907 2 126 -3 512 4 602 5 217 6 548 -7 400 -8 89 9 848 -10 93
10 1 141 -2 636 -3 771 -4 394 5 197 6 892 -7 33 -8 632 9 463 -10 573
10 1 149 2 460 -3 982 -4 410 5 863 -6 752 7 815 -8 789 -9 735 10 319
10 -1 932 -2 261 3 824 4 865 5 112 6 395 -7 62 -8 898 9 167 10 206
10 -1 256 2 696 -3 730 -4 528 5 260 -6 684 7 317 -8 472 -9 853 10 397
10 1 596 2 605 3 585 4 419 -5 643 6 858 -7 571 8 678 9 292 -10 66
10 1 412 2 824 3 153 4 272 5 646 6 512 -7 45 8 952 -9 41 10 275
10 -1 960 -2 227 -3 756 -4 115 5 269 6 466 -7 858 -8 218 9 607 10 347
10 1 992 -2 925 -3 516 -4 347 5 984 6 411 7 938 8 624 9 144 -10 536
10 1 851 2 754 -3 519 -4 361 -5 212 -6 926 -7 580 8 71 -9 187 10 963
10 -1 16 2 889 3 157 -4 851 5 256 -6 401 -7 165 8 160 9 29 -10 986
10 1 884 2 86 -3 357 4 809 -5 278 -6 151 -7 985 8 902 9 4 -10 612
10 1 155 -2 391 3 833 4 184 -5 979 -6 365 -7 397 8 336 9 811 10 289
10 -1 393 2 535 -3 178 4 231 5 606 -6 906 7 704 8 867 9 2 10 425
10 1 87 2 899 -3 105 4 690 -5 689 6 74 7 304 -8 653 9 322 -10 612
10 -1 219 2 992 3 558 4 983 5 320 6 99 7 881 8 373 9 527 10 104
10 1 34 -2 420 -3 874 4 390 -5 558 -6 56 -7 825 8 248 9 730 10 479
10 -1 655 2 771 -3 923 -4 842 5 942 -6 534 7 154 8 745 -9 631 10 80
10 -1 181 -2 400 3 8 -4 446 -5 216 6 970 -7 360 -8 893 9 917 10 236
10 -1 4 -2 91 3 102 -4 578 -5 840 6 685 -7 11 -8 389 -9 853 10 44
10 1 809 2 709 -3 953 4 870 5 42 6 559 -7 960 8 448 9 549 -10 534
10 -1 765 2 245 3 411 4 664 5 695 6 321 -7 496 -8 966 -9 11 -10 576
10 1 212 -2 903 -3 843 -4 941 5 193 -6 918 7 493 8 903 -9 941 10 32
10 -1 458 2 704 -3 808 -4 25 5 637 6 409 7 489 8 663 9 31 -10 423
10 1 807 -2 546 3 654 -4 592 -5 190 -6 437 -7 996 -8 392 9 927 10 988
10 -1 140 -2 687 3 14 -4 345 -5 344 6 184 7 700 8 677 -9 247 10 305
10 -1 501 -2 357 3 907 -4 449 -5 347 6 303 7 597 -8 861 9 593 10 233
10 1 46 2 591 -3 345 -4 19 5 437 -6 199 7 322 8 983 9 855 10 415
10 -1 581 -2 258 3 839 -4 79 5 264 6 727 7 62 -8 472 9 11 -10 102
10 -1 104 -2 228 3 519 -4 303 5 513 -6 479 -7 481 -8 143 9 892 10 411
10 -1 413 2 430 3 27 -4 697 -5 321 6 87 7 527 -8 497 -9 910 -10 229
10 1 994 2 955 -3 318 4 291 -5 983 6 141 7 761 8 116 -9 75 -10 116
10 1 164 2 517 -3 476 4 116 5 945 -6 195 -7 685 8 184 9 439 -10 918
10 1 565 2 357 3 980 4 144 -5 967 6 480 -7 405 -8 47 -9 372 -10 889
10 -1 897 2 126 3 513 -4 374 5 853 6 922 7 459 8 142 -9 902 -10 522
10 1 520 2 415 -3 431 -4 607 -5 569 6 887 7 988 -8 74 9 126 10 263
10 1 371 2 707 3 28 4 21 -5 262 6 681 7 882 -8 55 9 565 -10 88
10 -1 135 2 758 -3 370 4 178 -5 484 6 85 7 888 -8 915 9 313 10 479
10 -1 173 2 699 -3 196 -4 965 5 998 -6 849 -7 881 -8 403 9 537 10 79
10 -1 837 -2 820 3 633 4 956 5 758 -6 632 7 395 -8 757 9 38 -10 244
10 1 292 2 645 -3 129 4 843 5 223 -6 269 -7 548 -8 644 -9 483 10 651
10 -1 985 -2 544 -3 457 -4 127 -5 393 -6 571 7 47 -8 837 9 972 10 117
10 -1 692 2 717 -3 192 4 390 5 633 6 521 -7 935 -8 238 9 927 -10 805
10 -1 346 2 894 3 871 -4 174 5 783 6 141 7 120 -8 320 9 670 -10 14
10 1 51 -2 631 3 347 4 277 5 883 6 338 7 360 8 100 9 145 -10 998
10 -1 347 -2 603 3 506 -4 237 -5 228 -6 634 -7 143 -8 428 9 907 10 490
10 1 529 2 775 3 187 4 571 5 406 6 653 7 361 8 164 9 297 10 721
10 -1 481 -2 983 3 243 -4 443 -5 128 -6 338 7 743 8 135 -9 521 -10 753
10 1 796 -2 511 3 280 -4 211 5 190 -6 216 7 747 -8 754 -9 107 -10 843
10 -1 576 2 32 3 329 4 869 5 766 -6 326 -7 937 -8 152 9 749 -10 964
10 1 887 2 588 3 425 -4 789 5 711 -6 101 -7 520 8 767 9 723 10 849
10 -1 474 -2 665 -3 69 4 202 -5 974 -6 145 -7 825 8 662 9 255 10 717
10 -1 717 -2 309 -3 615 -4 213 5 682 -6 531 -7 186 -8 155 -9 650 10 973
10 -1 791 2 5 -3 4 4 97 -5 270 6 225 -7 41 8 523 -9 855 -10 313
10 1 298 -2 570 -3 71 -4 982 -5 352 6 110 7 275 -8 63 9 178 -10 668
10 -1 931 -2 139 3 828 4 290 -5 786 6 261 -7 978 -8 290 -9 563 10 2
10 -1 545 2 233 -3 944 4 422 -5 698 6 806 7 802 -8 530 -9 206 10 933
10 -1 582 2 533 -3 54 -4 131 5 135 -6 183 7 705 -8 594 9 71 -10 33
10 1 381 -2 450 -3 957 4 608 -5 880 6 352 7 566 8 987 9 433 -10 36
10 1 919 -2 696 3 761 4 448 5 115 6 648 7 644 -8 139 9 351 10 185
10 -1 348 2 937 3 692 4 982 5 801 -6 190 -7 730 -8 305 9 443 10 232
10 1 876 -2 367 3 889 4 103 -5 204 -6 828 7 561 -8 321 9 188 10 250
10 1 84 -2 80 3 44 -4 21 -5 473 6 956 7 918 8 267 -9 245 10 305
10 1 688 2 467 -3 143 4 813 5 7 6 342 7 279 -8 120 9 416 10 224
10 1 270 2 168 3 709 -4 104 5 326 -6 643 7 756 8 461 9 211 10 784
10 1 747 -2 788 -3 453 4 501 5 793 -6 273 -7 969 -8 612 9 434 10 862
10 1 644 2 860 -3 833 4 121 -5 228 -6 12 -7 276 8 921 9 852 -10 923
10 1 340 -2 7 3 155 -4 272 5 924 -6 523 -7 253 -8 68 -9 667 10 550
10 1 672 2 876 3 437 -4 389 -5 788 -6 853 7 310 -8 348 -9 581 -10 213
10 1 325 -2 905 -3 566 4 764 -5 722 6 649 7 674 8 536 -9 500 -10 172
10 1 12 2 58 3 151 -4 736 -5 7 -6 116 -7 160 -8 629 9 688 10 3
10 -1 940 2 528 3 684 4 358 5 444 6 45 7 329 8 681 -9 403 10 376
10 -1 999 -2 790 3 901 -4 354 -5 635 -6 729 7 242 -8 744 -9 348 10 89
10 -1 600 2 912 -3 541 -4 962 -5 831 -6 289 7 399 -8 58 -9 903 -10 685
10 -1 746 -2 952 -3 970 4 25 -5 292 6 618 -7 795 8 82 9 145 -10 128
10 -1 817 2 324 3 691 -4 495 -5 967 -6 357 -7 190 8 512 9 101 10 27
10 1 144 -2 542 -3 132 4 24 -5 967 -6 743 7 77 8 210 9 284 -10 405
10 -1 829 2 616 -3 958 4 709 5 274 -6 502 7 245 -8 963 -9 345 -10 915
10 1 856 2 531 3 700 -4 305 -5 136 -6 910 -7 382 -8 961 9 674 10 925
10 -1 677 2 113 -3 134 -4 228 -5 178 6 167 7 448 -8 954 9 184 -10 58
10 1 502 2 767 3 197 4 800 5 590 6 837 -7 82 -8 531 -9 462 -10 252
10 1 245 2 548 -3 907 -4 370 5 324 6 809 7 265 8 134 -9 141 10 199
10 -1 407 -2 554 -3 704 4 497 -5 384 -6 341 -7 775 8 750 -9 198 -10 961
10 -1 945 -2 74 3 58 -4 259 5 459 6 573 -7 388 -8 387 -9 378 10 732
10 1 410 2 640 3 447 -4 303 -5 27 6 45 -7 427 8 713 -9 402 10 617
10 -1 601 -2 894 3 216 -4 9 -5 33 6 561 -7 528 -8 268 -9 530 10 986
10 -1 998 2 329 -3 991 4 107 5 980 6 262 -7 487 8 342 9 238 10 85
10 1 52 2 818 3 93 4 753 -5 174 6 997 -7 632 -8 35 -9 250 -10 513
10 1 955 2 233 3 464 4 726 -5 18 -6 788 7 183 8 625 -9 110 -10 2
10 1 358 -2 954 -3 940 4 450 5 860 6 746 7 863 -8 313 9 34 -10 959
10 -1 782 -2 117 -3 602 4 50 -5 826 -6 913 -7 913 8 732 -9 742 -10 409
10 -1 656 -2 28 3 692 4 25 -5 982 -6 546 -7 836 8 997 -9 215 10 498
10 1 439 2 913 3 238 -4 222 -5 539 -6 592 7 866 8 136 -9 204 -10 501
10 -1 476 -2 78 -3 977 -4 236 5 643 -6 275 7 545 8 516 9 642 -10 700
10 -1 207 -2 250 -3 609 -4 501 -5 499 6 283 7 114 8 298 9 636 -10 47
10 1 652 2 685 -3 165 -4 667 -5 476 6 138 7 747 8 589 9 121 10 92
10 -1 765 2 139 -3 661 4 365 5 541 -6 135 -7 700 -8 131 -9 562 10 376
10 -1 760 2 75 3 789 -4 912 5 461 -6 46 -7 384 8 474 9 156 -10 124
10 -1 21 2 561 3 90 4 220 -5 869 6 396 7 934 -8 22 -9 972 10 334
10 -1 142 2 798 -3 755 -4 195 -5 91 6 220 -7 605 -8 775 9 594 10 884
10 1 958 2 42 -3 325 4 878 5 734 -6 72 7 997 8 61 9 618 -10 890
10 1 856 2 363 -3 896 -4 256 -5 254 6 745 7 623 -8 783 -9 343 -10 123
10 1 960 2 683 3 943 -4 569 -5 46 -6 252 7 971 -8 608 9 209 -10 895
10 -1 607 2 154 3 270 -4 501 5 952 -6 328 -7 492 -8 381 -9 845 10 423
10 -1 239 2 785 3 653 -4 496 -5 217 6 48 -7 557 8 669 -9 765 10 63
10 1 143 -2 375 3 474 -4 281 -5 380 -6 754 -7 561 -8 685 -9 158 -10 655
10 -1 965 -2 197 -3 720 -4 406 -5 135 6 910 -7 451 -8 870 -9 442 -10 881
10 1 389 2 295 3 466 -4 605 -5 382 -6 634 -7 905 -8 573 -9 458 10 634
10 1 427 -2 579 3 259 4 297 -5 366 -6 69 -7 443 8 550 -9 106 -10 656
10 1 687 2 360 3 619 -4 57 5 885 6 671 7 690 8 264 9 773 10 391
10 -1 943 -2 320 -3 170 -4 212 5 250 6 523 -7 124 8 811 9 782 10 737
10 1 702 2 194 3 58 4 331 5 97 -6 804 -7 715 8 468 -9 371 10 107
10 -1 590 2 526 3 420 4 325 -5 385 -6 680 7 786 8 188 9 716 10 1000
10 -1 676 -2 277 -3 22 4 109 -5 864 -6 760 7 495 8 787 9 674 -10 186
10 1 190 -2 704 -3 159 4 639 5 785 6 160 -7 158 -8 597 9 28 -10 630
10 1 700 -2 138 3 860 -4 717 -5 25 -6 337 -7 592 -8 46 -9 712 -10 634
10 1 146 2 364 3 289 -4 380 5 754 6 142 7 498 8 673 9 659 10 109
10 1 663 -2 984 3 326 4 80 -5 50 -6 97 -7 724 -8 722 9 513 -10 613
10 1 644 -2 784 3 486 -4 310 5 767 -6 295 -7 371 -8 807 9 528 -10 553
10 1 651 2 121 -3 367 -4 681 5 37 -6 69 -7 823 8 323 9 281 10 636
10 1 730 -2 463 -3 747 -4 953 -5 96 6 671 -7 574 8 313 9 267 -10 967
10 1 68 -2 698 3 143 4 499 -5 453 6 579 -7 60 -8 656 -9 169 -10 328
10 -1 156 -2 239 -3 411 -4 829 -5 683 -6 134 7 747 -8 861 9 616 10 498
10 1 80 -2 565 -3 922 -4 350 5 774 6 296 7 7 8 360 -9 808 -10 58
10 1 720 2 879 3 871 -4 890 5 955 -6 606 7 428 -8 826 9 380 10 798
10 -1 745 2 840 -3 642 -4 913 -5 202 -6 982 7 225 -8 791 -9 824 -10 763
10 1 999 2 308 3 763 4 861 5 419 6 791 7 615 -8 738 -9 94 10 22
10 1 104 -2 732 -3 879 -4 570 5 873 6 768 7 996 -8 165 -9 188 10 230
10 1 872 -2 247 3 152 -4 931 -5 84 6 250 7 714 8 259 9 78 -10 140
10 1 289 2 768 3 920 -4 733 5 669 6 794 -7 304 8 179 9 786 -10 49
10 1 552 -2 51 -3 919 -4 915 -5 37 -6 259 7 259 8 522 9 350 -10 421
10 -1 236 2 128 3 174 -4 876 5 131 6 92 7 931 -8 450 -9 677 10 28
10 -1 509 -2 444 3 540 -4 868 5 826 -6 632 7 25 8 757 9 110 10 838
10 -1 99 -2 285 -3 471 4 108 -5 924 6 776 -7 345 -8 581 9 181 10 510
10 1 406 -2 477 -3 27 4 306 5 104 -6 48 7 714 -8 748 9 951 10 102
10 -1 634 -2 720 3 882 -4 712 5 776 -6 23 7 625 -8 311 -9 528 -10 230
10 1 737 2 295 -3 467 -4 821 5 314 6 524 7 633 8 624 -9 321 10 158
10 1 18 -2 887 -3 97 4 899 -5 93 6 383 7 921 8 713 -9 783 10 677
10 1 58 2 723 3 713 -4 224 5 855 -6 571 -7 46 -8 283 -9 512 10 104
10 -1 221 -2 15 -3 521 4 198 5 458 6 137 -7 741 -8 129 9 571 -10 226
10 -1 523 -2 309 3 657 -4 86 -5 335 6 197 -7 338 -8 794 9 399 -10 466
10 -1 497 -2 41 3 39 -4 303 5 317 6 847 7 718 -8 462 9 355 10 300
10 -1 135 -2 338 -3 406 4 293 5 529 -6 287 7 924 8 590 9 382 -10 805
10 1 53 -2 361 3 998 -4 704 -5 545 6 618 7 241 8 741 -9 641 10 996
10 -1 306 -2 859 3 314 -4 372 5 598 -6 913 7 720 -8 935 -9 951 10 934
10 1 486 2 450 3 854 -4 741 5 586 -6 393 7 666 8 752 -9 433 10 670
10 1 34 -2 618 3 907 4 795 5 889 -6 41 -7 955 8 755 9 640 10 207
10 1 880 2 931 -3 936 4 200 -5 862 -6 763 7 524 8 242 9 8 10 588
10 -1 808 -2 239 3 41 -4 430 -5 499 -6 808 -7 922 -8 974 -9 78 10 367
10 1 106 2 735 -3 462 -4 941 5 925 6 821 7 462 8 401 9 696 -10 456
10 -1 715 2 364 -3 875 -4 38 5 246 -6 168 7 526 8 586 -9 957 -10 612
10 1 765 -2 485 3 34 -4 884 5 307 6 929 7 37 8 151 -9 429 -10 697
10 -1 339 2 560 -3 265 -4 733 -5 328 -6 212 -7 915 8 901 -9 697 -10 136
10 1 952 2 794 3 671 -4 154 5 274 6 266 7 328 -8 176 -9 726 10 869
10 1 96 -2 422 3 191 4 713 5 448 -6 852 7 290 8 548 9 815 -10 593
10 1 792 2 61 -3 120 4 555 -5 956 6 45 -7 713 -8 852 -9 662 -10 596
10 -1 189 -2 277 -3 312 -4 41 5 666 6 751 7 848 8 699 9 511 -10 111
10 -1 257 -2 524 -3 725 4 108 5 50 -6 697 7 946 8 148 -9 783 10 354
10 1 859 2 804 -3 477 4 367 5 358 -6 372 7 782 -8 194 9 6 -10 780
10 -1 883 2 584 -3 291 4 984 5 478 6 773 -7 721 -8 335 -9 654 -10 935
10 1 222 -2 514 -3 738 -4 919 5 655 6 402 7 272 8 487 -9 527 -10 941
10 -1 140 2 197 3 492 4 177 5 303 6 660 7 879 8 407 -9 991 -10 334
10 -1 638 2 21 3 993 4 461 -5 283 -6 391 7 764 8 228 -9 46 -10 881
10 1 197 2 274 3 177 -4 414 5 3 -6 809 -7 629 -8 469 -9 617 10 17
10 -1 757 -2 919 3 897 4 803 5 366 -6 924 7 508 8 835 9 820 10 531
10 1 515 -2 491 -3 808 4 307 5 570 6 598 7 928 -8 370 9 275 -10 292
10 -1 510 -2 312 -3 814 4 34 -5 361 -6 446 7 216 8 443 9 645 10 415
10 -1 39 2 205 3 105 4 878 -5 223 -6 830 7 10 8 581 9 788 -10 521
10 -1 432 2 310 3 253 4 760 -5 482 6 101 -7 532 8 669 -9 319 10 647
10 1 275 -2 352 -3 904 -4 246 5 791 -6 335 7 25 -8 910 9 480 -10 444
10 1 375 -2 216 -3 886 -4 621 5 630 -6 818 7 638 8 91 -9 541 10 393
10 1 344 -2 35 3 975 4 222 5 792 6 574 -7 874 8 991 9 498 -10 936
