1000
10 1 745 -2 602 3 223 4 43 -5 424 6 775 -7 604 8 47 -9 46 10 995
10 -1 92 -2 432 3 238 4 351 5 312 -6 69 7 669 8 270 -9 497 -10 569
10 -1 339 2 92 -3 6 4 245 5 339 -6 526 7 90 8 41 9 478 -10 807
10 -1 374 -2 481 3 982 4 228 -5 378 6 749 7 112 8 199 -9 10 -10 73
10 -1 420 2 937 3 312 -4 717 -5 362 -6 908 7 563 -8 169 -9 676 -10 795
10 1 42 2 753 -3 598 -4 88 -5 884 -6 339 -7 843 -8 676 9 640 10 600
10 -1 815 2 51 -3 374 4 457 5 249 -6 874 -7 456 -8 354 9 347 10 493
10 1 906 2 513 3 654 4 282 -5 886 6 58 7 268 8 394 9 655 -10 372
10 1 178 2 808 -3 586 -4 461 -5 766 -6 316 -7 534 -8 409 -9 542 10 968
10 1 77 2 589 3 759 4 316 5 31 6 417 7 668 8 397 -9 565 -10 316
10 -1 561 -2 232 3 387 -4 32 -5 859 -6 420 -7 488 8 498 9 308 -10 23
10 1 225 -2 593 3 352 -4 410 -5 180 -6 709 -7 902 -8 238 -9 932 10 495
10 1 760 -2 231 -3 886 4 921 -5 333 6 292 -7 55 -8 792 -9 726 -10 990
10 -1 309 2 671 3 106 4 736 5 187 6 388 7 123 8 948 9 783 -10 599
10 -1 905 2 452 3 439 4 143 5 118 6 156 -7 467 -8 228 -9 599 10 769
10 1 943 2 596 3 517 -4 406 5 32 6 209 7 823 8 328 -9 506 10 319
10 1 864 2 709 -3 477 4 591 -5 111 6 501 7 82 8 483 9 909 -10 89
10 -1 76 2 615 -3 352 4 449 -5 658 6 618 -7 535 8 340 9 881 10 869
10 1 162 2 969 -3 818 4 7 -5 206 -6 75 7 713 8 557 9 630 10 362
10 -1 941 -2 329 3 474 4 467 5 550 6 468 -7 166 -8 340 -9 556 -10 71
10 1 410 -2 833 -3 540 4 578 5 273 -6 1 -7 97 8 412 -9 776 10 760
10 -1 438 2 149 -3 708 -4 428 5 455 6 33 7 280 -8 803 -9 212 10 52
10 -1 465 2 806 3 925 -4 701 -5 925 -6 271 -7 50 8 519 -9 498 -10 687
10 1 75 2 244 -3 414 -4 241 -5 244 -6 602 -7 128 8 783 9 857 -10 369
10 1 756 2 686 3 428 -4 589 -5 593 -6 68 -7 797 8 51 9 724 10 48
10 -1 282 2 815 3 448 -4 70 -5 152 -6 924 7 723 8 647 -9 99 -10 987
10 -1 385 -2 664 -3 963 4 789 -5 884 -6 497 -7 675 8 371 -9 36 -10 936
10 1 159 -2 201 3 605 4 393 -5 502 -6 953 7 198 8 661 -9 849 -10 96
10 -1 91 2 892 3 156 4 821 -5 383 -6 609 7 702 -8 669 9 267 -10 422
10 -1 469 2 460 -3 648 -4 378 5 818 6 404 -7 73 -8 188 -9 398 10 753
10 -1 392 2 889 -3 456 -4 196 -5 579 -6 276 -7 141 -8 196 9 401 -10 432
10 -1 587 2 705 3 421 4 6 5 275 6 280 7 628 8 965 9 432 -10 303
10 1 977 -2 329 -3 124 4 685 -5 677 -6 552 7 950 8 211 9 158 -10 932
10 -1 669 -2 243 3 184 -4 283 5 725 6 48 7 208 -8 253 -9 700 -10 48
10 -1 624 -2 407 3 103 -4 55 -5 572 -6 336 -7 162 -8 420 9 44 -10 130
10 1 840 2 429 3 802 4 462 -5 516 6 362 -7 284 8 598 9 877 -10 691
10 1 837 -2 864 -3 749 -4 469 5 846 6 398 7 696 8 719 -9 681 10 805
10 1 930 2 680 3 602 4 980 -5 694 6 878 7 428 -8 114 -9 909 -10 333
10 1 64 2 621 3 373 -4 495 -5 274 6 354 7 415 8 385 9 512 -10 819
10 1 137 2 403 3 727 -4 389 5 940 6 769 -7 860 8 911 -9 767 -10 549
10 1 415 -2 423 3 144 4 117 5 474 -6 206 7 270 -8 499 9 397 -10 755
10 1 511 2 288 3 826 4 231 -5 120 -6 392 -7 39 -8 572 -9 87 -10 183
10 -1 962 2 194 3 610 -4 883 -5 930 -6 997 -7 861 8 128 -9 871 10 451
10 -1 854 -2 250 3 786 4 302 5 17 -6 363 -7 508 8 382 -9 731 10 759
10 -1 97 -2 19 3 521 4 457 5 988 -6 818 -7 509 8 306 -9 35 10 233
10 1 565 2 680 -3 234 -4 218 -5 859 6 274 7 413 -8 359 9 483 -10 457
10 1 12 -2 372 -3 439 -4 932 5 828 -6 611 7 188 -8 821 -9 80 -10 473
10 -1 256 2 699 3 684 4 573 5 695 6 906 7 563 8 789 9 44 -10 719
10 1 214 -2 159 -3 798 -4 111 5 866 6 48 7 666 8 401 9 876 10 95
10 -1 771 -2 600 -3 899 4 548 5 810 -6 976 7 320 8 995 -9 817 -10 718
10 1 427 2 357 3 454 4 143 -5 631 6 136 7 243 -8 111 9 161 10 833
10 1 364 -2 526 3 255 -4 917 5 119 -6 565 7 933 8 175 -9 610 10 270
10 1 342 2 796 3 863 4 971 5 342 -6 56 7 933 8 351 -9 120 10 826
10 1 824 2 464 -3 864 4 379 -5 196 -6 466 -7 737 8 744 9 696 -10 509
10 -1 776 2 406 -3 994 -4 185 5 456 6 988 -7 520 8 838 -9 990 10 304
10 1 293 2 571 3 303 4 130 5 775 6 760 7 985 8 163 9 956 10 186
10 -1 856 2 807 3 823 -4 864 -5 310 -6 737 7 133 -8 74 -9 496 -10 969
10 1 407 -2 241 -3 857 4 977 -5 290 -6 870 7 978 -8 86 9 787 10 357
10 1 983 -2 611 3 673 4 872 5 879 6 249 -7 895 -8 889 -9 528 -10 722
10 -1 164 -2 966 3 146 4 327 -5 396 -6 996 7 939 8 428 9 673 -10 726
10 1 449 -2 32 -3 30 4 137 5 997 6 684 7 86 -8 759 -9 738 10 600
10 -1 956 2 145 3 983 4 595 -5 566 6 675 7 331 -8 246 9 698 10 72
10 -1 574 2 507 -3 97 -4 752 -5 333 6 49 7 665 -8 736 9 761 10 141
10 1 219 -2 286 -3 296 -4 550 5 999 -6 123 -7 80 -8 193 -9 670 10 429
10 -1 767 -2 494 3 920 -4 25 5 889 6 982 -7 401 -8 40 9 81 10 211
10 1 129 2 383 3 664 -4 474 5 150 -6 621 7 36 8 794 9 214 10 797
10 1 5 -2 209 -3 196 -4 986 5 357 6 882 -7 236 8 871 9 521 10 774
10 1 526 -2 685 -3 261 4 819 -5 778 -6 931 -7 217 -8 129 9 745 10 188
10 1 727 -2 122 3 762 4 857 -5 8 6 434 7 868 8 712 9 899 10 384
10 1 24 2 819 3 111 -4 841 -5 366 6 697 7 66 -8 311 9 921 -10 657
10 1 167 -2 206 3 120 4 424 -5 378 -6 775 -7 466 8 858 9 44 -10 828
10 1 973 2 285 -3 974 -4 709 5 770 6 784 7 88 8 589 -9 728 10 905
10 -1 248 2 540 3 79 -4 272 5 606 -6 237 -7 311 -8 402 9 490 10 281
10 -1 146 -2 624 3 906 4 272 5 603 -6 381 -7 167 8 927 9 140 10 944
10 -1 642 2 89 3 589 -4 941 -5 596 -6 748 -7 627 8 741 9 943 -10 838
10 1 725 -2 986 -3 581 4 57 5 160 -6 260 7 694 8 357 -9 13 10 114
10 -1 666 -2 413 -3 116 4 306 -5 217 6 103 -7 383 8 452 9 844 -10 589
10 -1 138 -2 260 3 597 -4 669 -5 492 -6 118 7 830 8 615 9 630 10 368
10 1 777 2 94 -3 968 -4 316 5 870 -6 173 7 761 8 92 9 650 10 322
10 1 671 -2 640 3 603 -4 79 -5 804 6 544 7 878 8 183 9 612 10 396
10 1 797 2 949 -3 715 4 564 5 290 6 539 -7 416 8 754 9 592 -10 493
10 1 563 2 502 3 401 4 234 -5 543 6 548 7 501 8 639 -9 185 10 41
10 1 459 -2 137 -3 546 4 155 -5 405 -6 526 7 696 -8 226 -9 468 -10 438
10 1 248 2 60 -3 139 4 705 -5 584 -6 705 -7 270 8 368 9 645 10 721
10 1 179 -2 953 -3 29 -4 492 5 635 6 753 7 627 8 616 9 336 -10 999
10 -1 475 -2 150 -3 581 4 855 5 738 -6 500 7 858 8 207 9 181 -10 315
10 -1 507 -2 875 3 541 4 596 -5 843 -6 130 7 727 8 619 9 218 10 207
10 1 162 2 249 -3 37 -4 134 5 12 6 249 -7 68 -8 370 9 364 10 940
10 1 477 -2 154 3 70 -4 395 5 301 -6 683 7 251 8 388 -9 954 10 242
10 1 903 -2 198 -3 899 -4 319 -5 274 -6 921 -7 591 -8 416 -9 827 10 76
10 1 55 -2 758 -3 840 -4 686 5 15 6 233 -7 905 8 890 -9 47 -10 579
10 -1 123 -2 700 3 298 4 394 5 746 6 644 -7 417 -8 916 -9 111 -10 194
10 1 111 -2 379 3 215 -4 918 -5 116 6 590 7 543 -8 384 9 106 -10 350
10 1 54 -2 943 3 99 4 734 5 404 6 403 7 318 -8 227 -9 109 -10 447
10 -1 209 2 704 3 846 -4 113 5 612 6 102 7 611 -8 929 9 180 -10 644
10 -1 553 2 738 3 194 4 71 5 192 -6 763 7 465 8 776 9 519 -10 535
10 -1 760 -2 84 -3 159 4 69 5 776 6 709 7 452 -8 831 -9 996 10 511
10 -1 843 2 509 -3 674 4 487 5 527 6 653 -7 190 -8 893 9 104 10 469
10 -1 244 -2 422 -3 391 4 737 5 406 6 988 -7 634 8 690 -9 498 -10 414
10 1 97 2 113 -3 796 -4 271 -5 821 6 554 -7 504 -8 735 -9 396 10 338
10 1 147 -2 748 -3 52 4 25 -5 863 -6 349 -7 843 -8 934 -9 880 10 777
10 -1 154 -2 641 3 160 -4 798 5 975 -6 95 -7 408 -8 530 9 34 10 874
10 -1 737 -2 334 -3 98 -4 736 -5 419 -6 656 7 569 8 101 9 639 10 646
10 -1 381 2 489 -3 85 -4 195 -5 599 -6 637 7 259 -8 875 9 561 -10 998
10 1 920 2 28 -3 656 -4 431 -5 336 6 965 7 961 -8 199 -9 644 -10 430
10 1 25 -2 394 -3 154 -4 27 5 982 6 84 7 191 8 79 9 226 -10 542
10 -1 145 2 284 3 104 4 720 -5 911 -6 907 7 64 -8 242 -9 842 10 954
10 1 269 -2 174 3 180 -4 461 -5 768 6 925 7 953 -8 274 -9 340 -10 542
10 -1 184 2 74 -3 625 -4 263 -5 956 -6 251 7 73 8 61 9 79 -10 665
10 -1 379 -2 153 -3 712 4 360 5 199 6 119 -7 667 -8 118 -9 268 10 152
10 -1 66 2 20 -3 50 4 472 -5 611 -6 456 -7 790 8 743 9 165 10 312
10 -1 141 -2 993 -3 595 4 588 -5 263 -6 172 7 32 -8 152 -9 355 -10 833
10 -1 692 -2 829 -3 447 4 251 5 102 6 981 -7 270 8 463 -9 460 10 503
10 1 514 2 134 3 967 -4 744 -5 496 -6 820 -7 542 8 963 -9 851 -10 964
10 1 97 -2 211 -3 446 4 458 5 11 6 512 -7 24 -8 192 -9 2 -10 44
10 1 862 2 182 3 59 -4 149 5 363 -6 146 -7 957 8 386 9 683 10 142
10 1 559 -2 648 -3 336 -4 282 5 122 6 679 7 440 -8 168 9 145 10 881
10 -1 300 -2 687 -3 72 4 774 5 650 -6 795 7 565 8 650 9 446 -10 700
10 -1 804 2 256 -3 605 -4 328 5 400 -6 372 7 165 -8 629 9 851 -10 630
10 -1 103 2 991 3 113 4 684 -5 880 6 67 7 58 8 948 -9 175 -10 318
10 1 601 2 781 -3 895 -4 320 -5 822 6 264 7 239 8 673 -9 189 10 168
10 1 364 -2 908 -3 259 -4 420 5 744 6 466 7 538 8 500 9 363 -10 671
10 -1 545 2 662 3 58 -4 665 5 680 6 439 -7 836 -8 86 9 745 -10 413
10 -1 303 -2 876 3 948 4 683 5 847 6 738 7 447 8 357 -9 43 10 799
10 -1 371 2 69 3 176 4 42 -5 385 6 567 -7 78 8 453 9 940 -10 129
10 1 140 2 748 -3 641 -4 526 5 231 -6 521 7 695 -8 889 9 909 -10 806
10 -1 30 2 545 -3 528 4 615 -5 391 6 521 -7 513 8 623 -9 408 -10 381
10 1 189 -2 945 -3 808 4 780 5 561 -6 300 -7 694 8 641 9 598 -10 738
10 1 226 2 392 3 315 4 529 5 617 6 796 -7 957 8 939 9 954 -10 872
10 1 428 -2 890 -3 316 4 491 -5 229 6 890 7 859 8 171 9 200 10 526
10 -1 957 -2 727 3 600 4 566 -5 239 -6 615 7 605 -8 558 -9 109 10 201
10 1 725 2 846 3 785 4 64 5 881 -6 361 7 774 -8 378 -9 939 -10 884
10 1 284 -2 693 3 881 -4 322 -5 674 -6 666 7 472 -8 737 -9 559 10 265
10 1 993 2 520 -3 48 4 940 5 767 6 244 -7 656 -8 321 -9 642 -10 274
10 1 893 2 817 3 239 4 489 5 294 6 949 7 379 8 612 9 140 10 631
10 1 399 2 788 3 510 4 956 -5 299 6 130 7 195 -8 164 9 495 -10 981
10 -1 478 -2 371 -3 413 -4 755 -5 70 6 185 -7 603 8 381 9 378 10 72
10 -1 474 -2 356 -3 658 -4 621 5 914 6 591 -7 295 8 749 9 999 10 220
10 -1 104 -2 513 -3 133 4 786 5 385 6 386 -7 996 8 248 9 773 10 391
10 1 138 2 894 3 991 -4 423 -5 830 6 200 -7 675 -8 519 -9 300 -10 456
10 -1 661 2 789 3 909 4 685 5 437 6 567 -7 830 -8 114 -9 580 10 139
10 -1 427 -2 577 -3 884 4 478 -5 464 6 613 -7 643 -8 583 9 574 -10 13
10 1 702 2 229 3 136 4 695 5 985 -6 287 -7 492 -8 399 9 121 10 373
10 -1 644 -2 588 3 26 4 348 -5 543 -6 467 -7 802 8 857 -9 974 10 661
10 1 337 -2 517 -3 274 4 27 5 18 -6 60 -7 239 8 152 9 72 -10 886
10 -1 322 2 806 -3 259 4 159 -5 670 6 708 7 443 8 952 9 376 -10 236
10 -1 197 2 172 -3 25 4 636 -5 610 -6 657 7 671 -8 83 9 805 10 743
10 1 133 -2 642 3 314 4 604 5 406 6 69 7 339 -8 488 9 285 10 693
10 -1 592 2 733 3 930 4 1000 -5 23 6 536 -7 984 8 583 9 292 10 594
10 1 975 2 793 3 135 -4 714 5 230 6 675 -7 779 8 665 9 313 -10 915
10 1 463 2 892 -3 287 4 416 5 455 6 591 -7 366 8 394 9 873 10 273
10 -1 1000 2 897 3 961 -4 679 5 277 -6 771 7 44 -8 80 -9 923 -10 227
10 1 547 -2 153 -3 150 -4 187 5 544 -6 398 -7 915 8 571 9 940 10 336
10 1 678 -2 208 3 778 4 99 -5 147 6 545 -7 891 8 847 9 853 10 66
10 1 707 -2 762 -3 232 4 857 5 83 6 598 -7 889 8 454 -9 323 10 69
10 -1 377 2 620 3 306 -4 950 -5 445 -6 321 -7 138 8 42 9 332 -10 517
10 1 6 2 421 -3 273 4 871 -5 150 6 227 7 139 8 632 -9 664 10 820
10 1 165 -2 835 -3 593 -4 282 -5 831 6 822 7 869 8 761 -9 956 10 161
10 1 682 2 180 3 579 -4 336 -5 37 -6 727 -7 853 -8 264 9 418 10 745
10 -1 652 2 728 -3 270 4 745 -5 215 6 292 7 280 -8 907 9 300 -10 155
10 1 8 -2 642 3 753 -4 154 5 525 6 490 -7 878 8 173 -9 910 10 133
10 1 81 2 781 3 935 4 526 5 737 -6 92 -7 250 8 553 9 544 10 317
10 1 536 2 247 3 336 4 931 5 682 -6 629 7 836 8 747 -9 98 -10 406
10 1 361 -2 33 3 561 4 422 5 118 -6 896 7 391 -8 61 9 718 10 434
10 -1 526 -2 713 -3 774 -4 261 -5 244 6 614 7 271 -8 78 9 633 -10 228
10 1 77 2 756 3 48 -4 479 -5 499 6 384 7 639 8 804 -9 477 10 449
10 1 588 2 464 -3 599 -4 203 5 830 6 166 7 276 8 446 9 474 -10 812
10 1 804 -2 415 -3 833 4 38 5 856 6 152 -7 64 8 115 -9 872 -10 894
10 -1 279 -2 615 3 683 4 98 5 931 -6 135 -7 159 -8 608 -9 69 -10 985
10 1 416 -2 655 -3 160 -4 514 5 299 -6 327 7 810 8 763 9 2 10 632
10 -1 675 2 198 3 969 -4 397 5 449 -6 963 7 534 -8 208 -9 660 -10 465
10 1 933 -2 976 -3 64 -4 547 -5 63 6 524 7 142 8 57 -9 597 -10 51
10 1 899 -2 605 3 360 -4 452 5 355 6 187 -7 577 -8 853 9 966 10 563
10 -1 844 -2 37 -3 826 4 863 5 678 6 127 7 683 -8 158 9 366 10 170
10 1 340 -2 750 -3 358 4 850 -5 180 6 44 -7 98 8 571 -9 350 -10 973
10 -1 561 -2 843 3 476 -4 191 5 468 -6 615 -7 821 8 990 -9 30 -10 870
10 1 916 2 379 3 567 -4 112 5 828 -6 168 -7 46 8 645 9 422 10 579
10 -1 197 2 590 3 568 -4 363 5 955 6 758 -7 10 8 141 9 446 -10 803
10 1 49 -2 700 -3 508 4 941 -5 290 -6 103 7 521 8 300 9 845 10 179
10 1 36 -2 683 -3 812 -4 61 5 704 -6 428 -7 145 8 348 9 169 10 332
10 1 199 -2 825 3 596 -4 323 -5 888 6 119 -7 315 -8 736 -9 80 -10 231
10 -1 688 -2 206 -3 342 4 79 -5 796 -6 835 -7 730 8 709 -9 66 10 142
10 1 846 2 763 3 512 -4 687 5 303 -6 148 7 653 -8 28 -9 946 -10 52
10 -1 548 -2 865 -3 276 -4 335 -5 400 6 574 7 813 -8 671 9 300 10 134
10 1 713 -2 183 3 479 4 49 -5 615 -6 410 -7 570 8 763 -9 673 -10 230
10 1 194 2 715 -3 535 4 524 -5 512 6 457 -7 340 8 744 -9 896 10 672
10 1 964 -2 118 3 380 -4 660 5 369 -6 602 7 468 -8 839 9 207 10 8
10 1 376 2 83 3 131 4 778 -5 244 -6 118 7 52 -8 194 9 112 10 789
10 -1 315 -2 498 3 106 4 738 -5 607 6 998 7 286 -8 153 -9 849 -10 383
10 1 775 2 706 -3 143 4 813 5 635 -6 906 -7 889 8 593 -9 172 10 190
10 -1 216 -2 699 3 935 -4 448 -5 179 6 231 7 558 -8 606 -9 917 -10 830
10 -1 822 -2 427 3 23 -4 108 5 290 6 768 7 236 8 825 -9 85 -10 378
10 1 924 2 290 3 444 -4 326 -5 710 -6 584 -7 110 8 132 9 227 10 439
10 1 999 2 342 3 883 -4 999 5 857 6 628 -7 536 -8 413 9 826 -10 124
10 -1 36 -2 272 -3 894 -4 195 5 229 6 760 7 240 8 278 -9 154 -10 80
10 -1 658 -2 396 -3 400 4 590 -5 226 -6 85 7 800 -8 221 -9 357 -10 538
10 -1 745 -2 437 -3 384 -4 564 -5 282 -6 195 -7 889 8 945 9 770 10 455
10 -1 994 2 623 -3 33 -4 442 -5 754 -6 353 -7 288 8 673 9 195 -10 160
10 1 637 2 892 3 76 4 245 5 232 6 986 -7 226 8 746 9 176 -10 260
10 1 564 2 377 -3 412 -4 380 -5 70 6 536 7 831 8 237 9 855 -10 517
10 -1 602 -2 672 -3 503 -4 712 5 442 6 958 -7 84 -8 317 -9 798 -10 245
10 1 204 -2 878 3 601 -4 744 -5 407 6 762 -7 468 8 472 -9 190 10 69
10 1 962 2 933 -3 470 -4 83 5 468 6 655 -7 84 -8 532 9 190 -10 222
10 -1 983 -2 896 3 116 -4 974 5 119 6 267 -7 949 8 912 -9 202 -10 167
10 -1 888 -2 287 -3 942 -4 404 -5 828 6 722 7 76 8 327 9 77 -10 941
10 1 311 -2 294 -3 828 4 423 -5 262 -6 407 -7 382 -8 657 9 330 10 436
10 -1 41 2 699 3 231 -4 701 5 70 -6 709 7 300 8 347 9 172 10 679
10 -1 304 2 348 -3 105 4 358 -5 864 -6 1 -7 6 8 813 -9 854 10 590
10 1 631 2 622 -3 447 -4 616 -5 51 6 260 7 237 -8 914 9 716 -10 507
10 -1 363 2 881 -3 194 4 451 5 970 6 577 7 480 8 661 9 651 -10 408
10 -1 103 -2 629 -3 722 -4 679 5 785 6 219 -7 976 -8 129 9 805 10 367
10 -1 234 2 25 3 134 -4 328 -5 476 6 747 7 452 8 698 -9 145 -10 497
10 1 789 -2 913 -3 83 -4 549 -5 558 6 608 7 83 -8 251 -9 249 -10 332
10 1 491 -2 208 -3 461 4 316 5 617 6 38 -7 113 8 366 9 105 -10 949
10 -1 704 -2 704 3 900 4 361 5 574 -6 617 -7 984 8 780 -9 193 -10 337
10 -1 866 -2 216 -3 340 -4 990 5 132 -6 742 -7 887 8 568 9 855 -10 129
10 -1 447 -2 355 -3 723 -4 132 -5 937 6 46 -7 941 8 597 -9 584 10 829
10 -1 136 2 333 3 752 -4 188 5 385 6 292 -7 779 8 116 -9 574 10 436
10 1 247 2 317 3 539 4 492 5 592 6 872 7 404 8 171 9 677 -10 168
10 -1 253 -2 399 -3 487 -4 226 -5 909 -6 604 -7 13 -8 241 -9 751 -10 635
10 1 46 -2 660 3 871 4 443 -5 349 6 166 -7 993 8 742 -9 936 10 524
10 1 761 -2 275 -3 653 4 906 -5 111 6 220 -7 437 -8 549 -9 350 -10 958
10 -1 294 -2 260 3 56 -4 93 5 414 6 921 -7 286 8 169 9 112 -10 659
10 1 684 2 785 -3 597 4 724 -5 591 6 329 7 858 8 312 9 724 -10 904
10 -1 74 2 106 3 614 -4 449 5 371 6 956 7 389 8 134 -9 493 10 905
10 -1 804 -2 496 3 989 -4 812 -5 980 6 336 -7 78 8 830 9 687 -10 152
10 1 343 -2 250 3 282 4 174 -5 728 -6 958 -7 464 8 448 -9 937 -10 390
10 -1 900 -2 332 -3 206 4 836 5 163 6 494 7 652 -8 121 9 466 -10 749
10 -1 632 2 775 3 236 -4 72 -5 517 6 75 7 832 -8 756 9 501 10 471
10 1 71 -2 855 -3 551 4 463 5 3 6 116 -7 465 8 982 9 21 -10 236
10 1 122 2 120 3 698 -4 100 -5 322 6 597 7 92 -8 882 9 586 -10 496
10 1 930 2 27 3 92 4 782 5 840 6 991 -7 891 -8 540 9 192 10 279
10 1 696 -2 753 3 166 4 911 -5 264 6 228 -7 563 -8 71 9 318 10 671
10 -1 987 2 872 3 256 -4 593 -5 625 -6 905 7 566 -8 416 -9 530 -10 24
10 1 409 2 809 3 804 4 149 5 780 6 632 7 852 -8 375 -9 60 10 203
10 -1 280 -2 684 3 112 4 397 -5 548 6 868 7 628 -8 869 -9 226 10 993
10 -1 575 2 530 -3 402 -4 679 -5 941 -6 211 -7 689 8 698 9 797 10 477
10 1 538 -2 152 -3 220 4 139 5 614 -6 98 -7 955 8 530 9 231 -10 91
10 1 501 -2 387 -3 817 -4 821 5 271 6 457 7 692 -8 372 9 404 10 674
10 -1 995 2 393 3 606 -4 475 -5 791 -6 744 -7 803 -8 627 -9 144 -10 846
10 1 404 -2 674 3 631 -4 248 5 444 6 224 -7 851 -8 925 -9 518 10 176
10 -1 875 2 489 3 217 4 582 5 183 -6 337 -7 368 -8 147 9 672 -10 892
10 1 607 -2 256 3 457 4 776 -5 805 -6 139 -7 550 -8 561 9 870 10 697
10 -1 491 -2 794 3 393 4 1000 5 280 6 368 7 721 8 729 9 623 -10 840
10 1 354 -2 390 3 237 4 508 5 393 6 481 -7 789 -8 760 9 122 10 934
10 1 152 2 711 -3 940 -4 476 5 327 -6 364 -7 193 8 847 9 4 10 334
10 1 54 2 911 -3 101 4 843 -5 904 6 187 -7 330 -8 574 -9 700 10 90
10 -1 726 2 656 3 605 4 527 5 954 -6 660 7 329 8 425 9 483 10 210
10 -1 23 2 797 -3 512 4 793 5 429 -6 39 -7 85 8 768 9 790 10 530
10 -1 252 2 704 -3 851 4 792 5 625 -6 558 -7 626 -8 894 -9 617 10 8
10 -1 880 -2 421 -3 461 4 994 -5 590 6 241 7 316 -8 464 -9 852 10 316
10 1 390 -2 568 3 858 4 920 5 112 6 285 -7 512 -8 95 -9 54 10 203
10 -1 719 -2 378 -3 192 4 694 -5 590 6 509 7 882 8 560 -9 966 10 480
10 -1 744 2 921 -3 734 -4 514 5 846 6 698 -7 232 8 809 -9 51 10 656
10 1 681 -2 899 3 700 -4 902 -5 149 6 437 -7 114 8 435 9 463 -10 883
10 -1 922 -2 938 -3 499 4 551 -5 378 6 128 -7 654 8 636 9 176 -10 403
10 1 237 -2 579 3 459 -4 321 -5 703 -6 501 -7 986 8 63 9 203 10 776
10 -1 692 -2 385 3 739 4 636 5 194 -6 158 7 114 8 93 9 330 10 611
10 -1 35 2 587 -3 146 -4 112 -5 719 -6 482 7 185 -8 228 -9 738 10 719
10 -1 195 2 762 -3 134 -4 881 -5 777 -6 452 7 163 -8 268 -9 287 -10 689
10 1 606 2 683 -3 847 -4 838 5 443 -6 414 7 233 8 129 -9 662 -10 188
10 1 313 -2 427 3 402 4 845 -5 769 -6 296 -7 259 -8 997 -9 222 -10 242
10 1 987 2 81 3 98 4 824 -5 709 -6 854 -7 789 -8 130 9 636 -10 847
10 -1 664 -2 47 -3 628 4 423 -5 470 6 805 -7 564 8 646 -9 550 -10 427
10 1 846 -2 932 3 712 -4 375 -5 400 6 101 -7 521 8 645 9 561 -10 415
10 -1 662 -2 301 -3 366 -4 283 -5 779 -6 693 -7 876 8 564 -9 491 10 397
10 -1 531 -2 185 -3 326 -4 756 -5 903 -6 856 7 660 -8 239 9 188 -10 2
10 -1 603 2 659 -3 557 4 585 -5 413 6 950 -7 571 -8 223 -9 2 -10 114
10 1 621 2 692 3 992 4 473 5 138 6 667 -7 449 -8 769 -9 266 -10 62
10 1 115 -2 183 -3 673 -4 61 -5 58 6 715 -7 988 -8 446 -9 665 10 973
10 1 494 -2 711 -3 206 -4 979 5 907 -6 795 -7 162 -8 728 -9 808 -10 926
10 1 570 2 94 -3 971 -4 879 5 400 -6 336 -7 157 8 971 -9 386 -10 382
10 -1 216 -2 386 3 387 -4 970 -5 950 -6 392 7 125 8 681 9 895 -10 702
10 -1 33 2 534 3 682 4 731 -5 392 -6 370 -7 9 8 691 9 121 -10 334
10 1 206 2 311 3 248 4 83 5 235 6 565 7 203 8 326 9 485 -10 885
10 -1 541 2 256 -3 440 -4 758 -5 152 -6 581 -7 895 -8 14 -9 567 -10 78
10 -1 162 -2 443 -3 704 -4 973 5 193 6 872 7 322 -8 911 -9 742 -10 616
10 -1 733 2 42 -3 737 -4 870 5 444 6 354 -7 184 8 207 -9 598 -10 724
10 1 776 2 861 3 234 -4 992 -5 714 -6 990 7 670 8 778 9 351 -10 785
10 1 103 2 608 3 41 -4 692 -5 658 6 230 -7 101 -8 422 9 810 -10 541
10 1 708 -2 804 -3 385 4 964 5 709 -6 49 -7 943 8 746 9 571 10 803
10 -1 663 2 557 3 259 4 774 5 423 -6 739 -7 569 -8 546 9 543 10 159
10 1 467 -2 900 3 641 -4 224 5 635 -6 433 -7 524 8 445 9 148 10 888
10 -1 448 -2 124 -3 200 4 924 5 809 6 160 -7 44 8 321 -9 992 -10 456
10 1 238 -2 68 -3 795 4 188 5 4 6 536 7 892 8 654 -9 534 -10 466
10 1 131 -2 146 -3 12 -4 603 -5 680 -6 535 7 296 -8 920 9 844 10 395
10 -1 878 2 833 3 736 -4 489 -5 259 6 557 7 869 -8 614 -9 975 10 993
10 1 72 -2 463 -3 622 4 528 5 506 -6 394 -7 799 -8 812 9 69 10 958
10 -1 139 2 9 3 28 -4 56 5 327 -6 540 -7 146 -8 239 9 375 -10 366
10 -1 691 -2 97 -3 840 -4 742 5 647 6 230 -7 191 8 956 -9 706 -10 970
10 1 737 2 370 -3 501 -4 47 5 506 6 370 7 929 8 68 9 611 10 885
10 1 863 -2 36 -3 552 4 556 5 468 6 127 -7 200 8 469 -9 893 -10 4
10 1 967 -2 962 3 207 -4 680 -5 484 -6 287 -7 27 -8 306 9 880 -10 528
10 -1 741 -2 994 -3 544 4 119 -5 930 -6 504 7 960 8 756 9 141 -10 68
10 1 935 2 665 3 339 -4 21 5 710 -6 859 7 107 8 714 9 899 -10 489
10 -1 630 -2 948 3 283 -4 51 5 16 6 683 7 173 -8 841 9 601 -10 167
10 1 44 -2 667 -3 967 4 20 5 803 6 497 7 446 8 303 9 602 10 288
10 -1 794 2 509 3 944 4 725 5 945 6 757 -7 325 8 519 9 202 -10 663
10 -1 469 2 765 -3 342 -4 663 5 935 -6 852 -7 250 -8 238 9 29 10 347
10 1 566 2 698 3 587 -4 70 5 80 6 558 -7 855 -8 759 9 972 -10 606
10 -1 550 2 91 3 904 4 205 5 739 6 609 7 136 8 473 9 601 -10 818
10 -1 444 2 914 3 729 -4 578 -5 848 6 240 7 487 -8 282 9 87 -10 77
10 -1 651 -2 905 -3 379 -4 535 5 586 -6 136 -7 308 -8 569 -9 779 -10 931
10 -1 499 -2 33 3 976 4 492 -5 47 -6 26 7 846 -8 401 9 490 -10 535
10 1 830 -2 57 3 198 4 574 5 617 6 262 -7 625 8 331 9 836 10 676
10 1 925 -2 455 -3 959 -4 508 5 832 6 706 7 842 8 708 -9 47 10 275
10 1 81 2 194 3 144 -4 605 5 679 -6 406 7 642 -8 756 -9 487 -10 422
10 -1 757 -2 248 -3 897 -4 578 5 477 -6 167 -7 142 -8 271 9 177 10 643
10 1 954 -2 912 3 585 -4 154 -5 165 -6 119 -7 349 -8 17 9 308 -10 259
10 -1 489 -2 308 -3 693 -4 374 -5 539 6 229 -7 450 8 628 -9 32 10 145
10 -1 563 2 385 3 61 -4 450 -5 459 -6 938 7 1 -8 348 -9 206 -10 33
10 1 201 2 784 -3 375 4 573 -5 133 6 467 7 907 8 499 9 151 -10 922
10 1 792 2 336 3 210 -4 299 5 709 -6 105 -7 215 8 266 9 639 -10 88
10 -1 773 2 861 -3 83 4 475 5 187 -6 817 7 969 -8 484 -9 18 10 249
10 1 65 2 937 -3 653 4 543 -5 545 -6 146 -7 102 8 35 9 909 10 944
10 1 721 2 535 3 429 -4 164 -5 97 6 284 -7 423 -8 537 -9 187 -10 22
10 1 708 2 755 -3 926 4 143 5 136 -6 824 -7 287 -8 990 -9 844 -10 335
10 1 684 2 65 3 950 -4 580 -5 990 -6 613 -7 139 -8 55 -9 945 10 797
10 1 839 2 618 3 554 4 674 -5 638 6 564 -7 289 -8 102 9 490 10 304
10 1 252 2 64 3 13 -4 509 -5 341 6 120 -7 421 -8 776 9 235 10 236
10 1 475 -2 452 -3 181 4 727 -5 713 6 670 7 47 8 787 -9 981 -10 173
10 -1 542 2 905 -3 260 -4 182 -5 988 6 706 -7 323 -8 272 9 938 -10 915
10 -1 306 2 453 3 523 -4 985 -5 116 6 769 -7 688 -8 687 9 487 10 682
10 1 623 2 331 -3 699 -4 76 -5 556 6 194 -7 800 8 855 9 206 10 885
10 -1 226 2 570 3 658 4 892 -5 565 6 382 7 829 8 975 -9 574 -10 291
10 1 336 -2 20 3 720 4 214 -5 337 -6 39 7 182 8 227 -9 348 10 985
10 -1 626 2 641 -3 681 -4 522 -5 66 6 830 7 628 -8 909 -9 235 -10 941
10 1 198 -2 569 3 185 -4 791 5 186 -6 56 -7 976 -8 985 -9 422 10 137
10 -1 843 -2 261 3 423 -4 776 -5 583 -6 536 -7 732 8 839 9 201 10 235
10 -1 97 2 723 3 794 4 433 5 229 -6 291 -7 259 -8 833 9 929 10 782
10 -1 610 2 76 3 586 -4 15 5 931 -6 544 7 634 -8 650 -9 746 -10 727
10 1 692 -2 947 3 298 -4 792 -5 718 -6 940 -7 615 8 94 9 218 -10 597
10 1 461 -2 646 -3 107 4 448 -5 568 6 233 7 197 -8 972 -9 909 -10 368
10 -1 654 2 59 3 650 4 778 5 355 6 608 7 26 8 736 9 723 10 602
10 1 867 -2 226 3 374 4 691 -5 276 6 284 -7 405 -8 159 -9 662 10 977
10 -1 736 -2 956 -3 392 4 57 5 53 6 130 -7 673 -8 787 -9 628 -10 14
10 -1 412 -2 21 3 735 4 92 -5 274 -6 684 7 589 8 378 9 642 -10 669
10 1 499 2 661 -3 839 -4 809 -5 193 6 691 7 466 8 115 -9 385 10 258
10 1 197 2 655 -3 991 -4 841 5 705 6 834 -7 676 8 468 -9 31 -10 310
10 -1 18 -2 429 -3 842 -4 162 5 355 6 192 -7 901 -8 663 -9 240 10 803
10 -1 73 -2 497 -3 222 -4 879 -5 913 6 816 -7 421 8 182 9 847 10 501
10 1 645 2 598 3 771 4 559 -5 890 6 80 7 547 -8 381 9 383 -10 132
10 1 615 -2 406 -3 93 4 609 5 54 -6 778 -7 177 8 903 9 247 10 790
10 -1 738 2 89 3 936 -4 528 5 663 6 687 7 873 -8 184 9 456 -10 245
10 1 378 2 243 3 630 4 684 5 588 6 109 -7 687 -8 73 -9 377 -10 884
10 -1 451 2 871 3 250 -4 871 5 757 -6 89 7 634 -8 473 -9 588 10 985
10 1 407 -2 256 3 347 4 326 5 496 -6 70 -7 192 8 286 9 634 10 64
10 -1 52 2 154 -3 54 -4 884 -5 407 -6 482 -7 482 -8 142 -9 138 -10 236
10 -1 206 2 591 -3 188 -4 973 5 621 -6 106 7 350 -8 602 -9 910 -10 753
10 -1 182 2 148 3 545 4 350 -5 268 -6 234 7 360 -8 151 -9 870 10 939
10 -1 106 2 706 3 113 4 765 -5 8 -6 499 -7 925 -8 941 9 324 -10 849
10 -1 622 2 869 3 165 4 375 5 900 6 429 -7 709 -8 81 9 175 -10 483
10 1 983 -2 804 3 667 4 758 -5 365 6 775 -7 410 -8 476 -9 425 -10 715
10 -1 101 2 638 -3 87 -4 792 -5 445 6 694 -7 935 8 969 9 904 10 382
10 1 204 2 453 -3 611 4 753 -5 780 -6 294 -7 325 -8 831 9 352 10 598
10 1 713 2 326 3 555 4 762 5 508 6 333 -7 274 8 569 -9 451 10 215
10 -1 941 2 757 3 374 4 904 5 318 6 228 7 151 -8 759 9 999 10 399
10 1 846 2 671 3 266 -4 546 -5 197 -6 203 -7 840 -8 191 -9 141 10 554
10 -1 445 2 183 3 647 -4 638 5 824 6 792 -7 37 -8 983 -9 819 10 639
10 -1 562 -2 928 3 777 -4 171 -5 6 -6 593 7 319 -8 969 9 757 -10 396
10 -1 158 2 942 -3 565 -4 746 -5 795 -6 11 7 90 -8 765 -9 708 -10 391
10 -1 999 2 212 3 342 -4 569 5 550 -6 565 7 438 8 629 -9 235 10 197
10 -1 183 2 179 3 366 4 51 -5 372 6 345 7 770 8 256 9 698 10 671
10 -1 329 2 157 -3 455 4 365 -5 529 6 688 7 214 -8 647 9 662 -10 455
10 -1 831 2 141 3 258 4 777 5 988 -6 574 7 395 8 832 9 578 -10 180
10 -1 719 2 730 3 25 4 256 -5 751 6 1 -7 820 -8 806 9 886 10 563
10 -1 947 -2 402 3 318 -4 743 5 556 6 805 7 42 8 854 9 328 -10 324
10 -1 773 2 366 -3 741 -4 652 -5 223 -6 666 7 517 8 231 9 117 10 671
10 -1 101 -2 143 3 81 -4 43 5 762 -6 881 7 258 8 106 -9 191 -10 266
10 1 134 2 478 -3 56 -4 502 5 905 -6 10 -7 614 8 559 -9 68 10 417
10 1 311 -2 511 -3 446 4 59 -5 215 6 816 -7 447 -8 374 -9 690 10 562
10 1 640 2 792 -3 19 -4 762 5 903 6 53 7 55 8 825 9 63 10 146
10 -1 553 2 608 -3 188 4 623 5 341 -6 978 -7 621 -8 974 9 324 -10 351
10 1 703 2 143 -3 957 4 669 5 922 -6 345 -7 795 8 233 9 860 -10 281
10 1 842 -2 872 3 487 4 17 5 851 6 524 -7 880 -8 358 9 51 -10 474
10 1 310 -2 444 -3 96 -4 28 5 893 -6 402 -7 932 8 609 -9 691 10 381
10 1 302 2 638 3 852 4 385 -5 402 -6 252 7 939 -8 958 9 582 -10 198
10 1 432 2 140 3 667 4 94 5 221 -6 280 -7 332 8 974 9 107 -10 692
10 -1 18 -2 53 -3 847 4 315 5 106 -6 926 -7 755 -8 288 -9 744 -10 421
10 -1 600 2 371 -3 12 -4 706 5 687 -6 788 -7 657 -8 938 9 749 10 315
10 1 822 2 732 -3 614 4 520 -5 462 -6 329 -7 55 8 321 -9 668 10 256
10 1 262 -2 1000 -3 646 -4 418 -5 813 -6 565 7 421 8 558 9 705 10 984
10 -1 677 -2 188 3 250 -4 289 5 205 -6 849 7 102 8 69 -9 699 10 788
10 -1 774 2 523 3 831 4 566 -5 891 -6 782 -7 911 8 630 -9 145 -10 839
10 -1 411 2 635 -3 731 -4 174 5 257 6 934 7 243 -8 643 -9 697 10 91
10 1 758 2 928 3 853 4 618 -5 898 6 59 7 643 8 784 9 813 -10 656
10 -1 481 2 667 -3 874 4 290 5 331 -6 918 7 29 8 439 9 589 10 982
10 -1 742 2 553 -3 277 -4 699 5 391 6 780 -7 199 -8 166 -9 519 10 142
10 -1 912 2 635 -3 64 4 906 5 67 -6 503 -7 665 8 504 9 298 10 334
10 -1 615 -2 344 3 15 4 906 5 847 6 657 7 934 8 454 9 936 10 437
10 -1 905 -2 58 3 874 4 499 -5 643 6 197 7 455 -8 103 9 748 10 268
10 -1 570 -2 290 -3 506 -4 838 5 254 6 827 -7 961 8 818 -9 455 -10 978
10 1 820 -2 362 3 26 4 171 5 345 -6 296 -7 660 8 367 -9 73 10 821
10 -1 114 -2 126 -3 655 4 177 -5 440 6 198 7 257 8 286 -9 150 10 161
10 1 553 -2 695 3 215 4 572 -5 374 -6 987 -7 284 8 803 -9 846 -10 804
10 1 822 2 435 -3 37 -4 973 5 542 6 765 -7 739 -8 427 9 401 -10 470
10 -1 451 2 601 3 877 4 953 -5 54 -6 619 7 213 -8 412 -9 674 -10 900
10 -1 923 2 932 -3 41 -4 802 5 366 -6 685 -7 755 8 333 9 618 -10 514
10 -1 724 2 435 -3 948 -4 222 -5 264 6 544 -7 270 -8 322 -9 587 10 140
10 1 448 2 573 3 927 4 678 -5 672 -6 913 -7 858 8 732 -9 788 -10 336
10 -1 711 2 915 -3 189 4 475 -5 50 6 903 -7 70 -8 381 9 329 -10 358
10 1 712 2 597 -3 145 4 872 5 873 6 637 7 921 8 698 -9 743 -10 43
10 1 249 -2 164 3 48 -4 351 5 468 6 761 7 615 8 828 -9 416 10 145
10 -1 996 2 344 -3 962 4 459 -5 907 -6 434 7 160 -8 554 -9 397 -10 480
10 1 181 -2 985 -3 454 -4 553 5 60 6 307 7 50 -8 355 9 573 10 189
10 1 324 -2 109 -3 967 -4 326 -5 643 -6 638 -7 107 -8 196 -9 902 -10 759
10 -1 172 -2 445 3 451 -4 613 -5 316 6 893 7 834 8 529 9 7 10 731
10 -1 468 2 952 3 758 -4 693 -5 235 -6 30 7 825 -8 568 9 885 10 666
10 1 739 2 113 3 761 4 741 5 781 6 20 7 114 8 709 9 479 -10 313
10 1 67 2 439 -3 101 -4 171 -5 173 6 977 -7 905 8 413 9 560 -10 273
10 1 582 2 126 -3 294 4 548 5 744 6 938 -7 748 -8 784 -9 610 -10 753
10 1 314 -2 181 -3 71 -4 862 -5 412 -6 660 -7 940 8 400 -9 410 -10 713
10 1 519 2 940 3 477 -4 634 -5 745 -6 536 -7 948 -8 471 -9 269 -10 429
10 1 300 -2 623 -3 5 -4 340 -5 12 6 701 7 453 -8 487 -9 788 10 216
10 1 98 -2 911 3 850 -4 611 5 229 6 633 -7 493 8 4 -9 422 10 13
10 1 363 -2 395 3 836 4 98 5 738 -6 292 -7 228 8 420 9 64 10 428
10 -1 13 -2 903 3 530 -4 583 -5 907 6 485 7 869 -8 238 -9 238 -10 430
10 1 614 -2 641 -3 31 4 533 -5 65 -6 611 7 899 8 918 -9 243 -10 664
10 -1 74 2 728 3 575 4 305 5 462 6 871 7 703 8 711 9 424 10 513
10 1 196 -2 909 -3 807 -4 249 -5 184 -6 86 -7 852 -8 73 -9 495 10 548
10 -1 968 -2 268 3 977 -4 447 -5 526 -6 646 7 402 8 79 -9 270 10 380
10 -1 990 2 737 3 266 -4 280 5 50 6 270 -7 562 8 931 9 132 -10 68
10 1 411 2 187 3 572 4 581 5 726 -6 231 7 125 -8 697 9 497 10 310
10 -1 403 -2 810 3 973 4 462 5 853 -6 722 7 44 -8 275 -9 521 -10 31
10 -1 545 -2 139 -3 27 4 706 5 690 6 104 7 227 -8 723 9 21 10 35
10 1 691 -2 104 -3 925 4 345 -5 788 -6 661 7 727 8 957 9 695 -10 163
10 1 523 -2 208 3 141 -4 715 5 624 6 799 7 988 -8 355 -9 760 10 189
10 1 423 -2 104 -3 416 4 797 -5 107 6 578 7 846 -8 13 9 571 10 893
10 -1 511 2 298 -3 201 -4 555 -5 25 6 808 7 723 8 286 9 709 10 743
10 1 604 -2 998 3 502 -4 702 -5 634 -6 197 -7 770 -8 74 9 352 -10 531
10 -1 379 2 506 -3 831 4 76 -5 128 6 681 7 164 8 336 9 152 -10 14
10 -1 754 -2 221 3 358 -4 59 5 310 6 430 -7 653 8 359 -9 729 -10 547
10 -1 397 2 520 3 41 -4 647 5 987 -6 523 -7 481 -8 234 -9 883 10 252
10 -1 863 -2 900 -3 833 4 581 5 923 6 84 -7 302 -8 494 -9 925 -10 274
10 1 115 2 233 -3 67 4 885 5 217 -6 131 7 331 8 971 -9 24 10 222
10 -1 868 -2 930 -3 6 -4 218 -5 909 6 314 7 485 -8 449 -9 29 10 89
10 1 53 -2 348 3 624 -4 924 5 525 -6 383 7 606 8 972 -9 937 10 129
10 1 190 2 13 -3 185 -4 234 5 925 -6 924 7 526 -8 522 9 440 -10 813
10 -1 896 2 406 -3 581 4 680 -5 462 6 39 -7 645 8 591 9 861 10 724
10 -1 113 2 232 -3 156 4 692 5 420 6 809 7 984 8 243 -9 478 -10 797
10 -1 539 -2 123 3 226 4 613 5 459 6 865 -7 247 -8 314 -9 830 10 27
10 1 120 2 340 3 827 -4 93 -5 536 -6 740 7 914 8 811 -9 268 10 230
10 1 306 -2 384 3 197 -4 370 5 802 6 178 -7 405 8 351 -9 80 -10 346
10 1 863 -2 58 3 765 4 900 -5 617 -6 144 -7 485 -8 236 9 59 10 291
10 -1 479 -2 27 3 821 -4 99 5 412 -6 649 -7 280 -8 107 9 432 -10 106
10 -1 497 2 783 -3 707 -4 171 -5 987 6 168 7 316 8 491 9 424 -10 579
10 -1 202 -2 870 -3 501 4 997 -5 636 6 209 -7 622 -8 943 9 364 10 381
10 -1 952 2 213 -3 840 4 33 5 176 6 922 7 801 8 715 9 346 10 991
10 1 755 -2 452 -3 463 -4 630 5 795 6 550 7 765 -8 62 9 859 -10 454
10 1 494 -2 247 -3 171 4 219 5 66 6 485 7 250 -8 548 -9 792 -10 65
10 1 366 2 443 3 86 -4 687 -5 524 -6 160 -7 873 -8 429 9 106 10 844
10 1 23 2 696 -3 673 4 846 5 987 6 788 7 49 -8 998 9 10 -10 662
10 1 433 -2 936 3 975 4 310 5 399 6 298 -7 32 -8 657 -9 688 -10 544
10 -1 211 -2 870 -3 48 -4 761 5 286 6 837 -7 501 8 9 9 436 10 133
10 1 9 2 322 -3 391 4 994 -5 393 -6 136 -7 509 -8 885 -9 787 -10 979
10 -1 143 2 307 3 134 -4 412 -5 312 -6 787 -7 941 8 829 9 70 -10 816
10 1 236 2 648 -3 285 -4 668 -5 23 6 673 7 878 8 541 -9 16 -10 210
10 1 68 2 437 3 924 4 638 -5 560 6 329 7 736 8 469 -9 838 -10 392
10 -1 120 2 172 -3 675 -4 841 5 393 6 498 -7 135 -8 954 9 248 -10 392
10 -1 828 -2 793 -3 819 4 782 5 55 -6 358 -7 233 8 48 9 97 10 645
10 -1 883 2 433 -3 827 -4 508 -5 349 6 27 7 55 -8 36 9 917 10 447
10 1 490 2 814 -3 534 -4 731 -5 682 6 51 -7 512 8 189 -9 451 10 727
10 1 733 -2 521 -3 907 4 215 -5 265 6 29 -7 760 -8 212 9 319 -10 487
10 -1 113 2 607 3 580 -4 256 -5 27 6 27 -7 589 -8 438 9 219 10 179
10 1 507 -2 917 -3 915 4 445 5 556 -6 308 7 818 -8 256 9 257 -10 909
10 -1 459 2 668 -3 803 4 610 -5 891 -6 294 7 34 8 581 -9 285 -10 49
10 1 382 -2 845 3 130 4 435 5 485 6 261 7 387 -8 474 9 583 10 774
10 -1 98 2 388 3 938 4 119 5 34 -6 839 7 666 8 345 -9 90 10 189
10 -1 610 -2 332 3 288 -4 707 5 465 6 329 -7 264 -8 652 9 792 10 435
10 -1 700 -2 229 -3 76 -4 870 5 73 -6 398 7 525 8 26 -9 563 -10 319
10 1 907 2 448 -3 298 -4 158 -5 687 -6 302 -7 351 -8 349 9 490 -10 841
10 -1 360 2 555 3 845 -4 609 5 916 6 682 -7 671 -8 625 9 157 10 851
10 -1 839 2 338 -3 283 -4 341 5 922 6 306 7 928 8 674 9 773 -10 677
10 -1 216 -2 562 -3 459 4 990 -5 875 -6 201 -7 509 8 478 9 538 10 327
10 -1 307 -2 705 -3 703 4 82 5 323 6 575 -7 652 8 994 -9 814 10 953
10 -1 973 -2 115 3 386 -4 352 -5 910 6 768 -7 480 8 81 9 772 -10 973
10 1 112 -2 945 3 418 -4 219 5 504 6 845 -7 645 -8 225 9 232 -10 896
10 1 83 2 917 -3 209 4 980 -5 505 -6 606 -7 246 8 650 9 405 10 191
10 -1 714 -2 726 3 991 -4 25 -5 705 6 978 7 251 8 360 -9 676 10 300
10 -1 807 -2 924 3 933 4 71 5 192 -6 333 7 588 -8 30 9 572 10 628
10 -1 841 -2 748 -3 963 4 169 5 797 -6 244 7 900 -8 524 -9 959 10 387
10 -1 90 -2 824 3 708 4 219 -5 173 -6 664 7 26 -8 43 9 573 10 822
10 -1 579 2 967 3 686 -4 85 -5 565 6 535 -7 425 8 928 -9 929 -10 703
10 -1 56 -2 148 -3 176 4 30 -5 811 6 881 -7 177 -8 606 9 651 10 660
10 1 816 2 620 3 358 -4 44 -5 905 6 715 7 527 -8 491 9 979 10 165
10 -1 223 2 597 -3 758 -4 46 5 978 -6 593 7 827 -8 297 9 130 -10 157
10 -1 344 2 351 -3 701 4 10 -5 601 6 202 7 697 -8 263 -9 426 -10 33
10 -1 401 2 135 3 934 -4 677 -5 23 -6 577 -7 109 -8 559 9 639 -10 133
10 -1 774 2 527 3 918 4 927 5 748 -6 223 -7 578 -8 285 9 469 10 332
10 -1 713 2 151 3 221 4 762 5 240 6 670 -7 655 8 293 -9 88 10 453
10 1 654 2 734 -3 373 -4 495 5 846 6 463 -7 437 -8 410 -9 321 -10 434
10 -1 873 -2 862 -3 730 4 912 5 163 -6 620 -7 599 8 887 -9 643 -10 203
10 -1 273 2 641 -3 555 -4 316 5 312 6 965 -7 700 -8 350 9 154 -10 736
10 -1 576 2 716 3 403 4 115 -5 252 6 821 -7 997 8 982 -9 298 10 709
10 -1 341 2 804 -3 960 4 287 -5 154 6 376 -7 949 -8 352 -9 580 10 148
10 1 508 -2 578 -3 697 -4 15 -5 206 -6 775 -7 976 8 237 9 280 -10 191
10 1 977 -2 942 -3 501 4 898 -5 590 6 529 7 84 8 208 -9 947 10 881
10 1 506 -2 867 3 209 -4 785 5 227 -6 219 -7 112 8 204 -9 167 10 793
10 -1 271 -2 366 -3 196 -4 241 -5 40 6 272 7 181 8 114 -9 618 -10 785
10 1 234 -2 539 3 979 -4 159 -5 784 -6 105 -7 263 8 561 -9 714 -10 688
10 1 776 -2 269 3 675 4 323 5 637 6 645 -7 242 -8 653 -9 238 10 286
10 1 511 -2 602 3 983 4 108 5 460 6 471 -7 591 -8 120 9 734 -10 931
10 -1 810 2 49 3 342 4 599 5 223 6 863 -7 518 8 962 9 972 -10 208
10 -1 853 2 725 3 131 -4 856 5 9 -6 480 7 952 -8 587 -9 64 10 291
10 1 755 -2 707 -3 155 4 755 5 147 6 696 -7 641 -8 716 -9 609 10 603
10 -1 108 2 844 3 375 -4 652 -5 922 6 106 7 408 -8 638 9 937 -10 685
10 -1 608 -2 592 3 346 -4 242 5 812 -6 656 -7 19 8 991 -9 117 -10 861
10 -1 974 -2 366 -3 186 4 111 -5 801 -6 346 -7 762 -8 948 -9 30 -10 589
10 -1 166 -2 356 -3 219 -4 896 5 430 6 610 7 860 -8 673 -9 145 -10 239
10 1 261 2 212 -3 100 4 154 5 591 -6 795 -7 914 -8 518 9 413 -10 971
10 -1 491 -2 85 3 7 4 287 -5 903 6 212 -7 427 8 506 -9 598 10 797
10 1 121 -2 554 3 756 4 987 5 610 6 157 7 253 -8 106 -9 680 10 318
10 -1 792 2 135 3 90 -4 544 5 481 -6 723 -7 51 -8 346 9 795 10 927
10 1 125 2 972 -3 334 4 553 5 149 6 402 -7 195 8 603 9 776 -10 726
10 1 448 2 379 3 738 4 226 -5 619 6 480 7 170 8 818 -9 902 10 552
10 -1 882 2 779 -3 714 4 59 -5 621 -6 587 -7 309 -8 767 -9 181 10 212
10 1 194 2 985 -3 799 4 681 -5 163 -6 265 7 134 8 625 -9 822 -10 952
10 1 170 2 90 -3 987 4 230 -5 833 6 2 -7 569 -8 269 -9 232 10 929
10 1 823 -2 635 -3 322 4 92 -5 423 6 316 -7 178 8 631 -9 536 10 657
10 -1 280 -2 318 3 990 4 499 5 579 6 860 -7 192 -8 928 -9 455 10 105
10 -1 831 2 757 -3 685 4 43 5 141 6 934 -7 755 8 938 -9 355 -10 892
10 -1 297 2 735 3 562 4 938 -5 236 6 388 -7 861 -8 491 9 737 -10 969
10 -1 462 2 89 3 709 -4 83 5 767 6 353 7 630 8 73 -9 315 -10 19
10 1 404 -2 289 3 51 4 545 -5 683 -6 98 7 765 8 578 9 643 -10 406
10 -1 355 2 703 3 43 4 650 -5 339 6 901 -7 397 -8 974 -9 901 -10 201
10 1 714 -2 423 -3 950 4 191 5 256 6 809 7 516 8 445 9 717 10 705
10 1 196 -2 39 -3 111 -4 897 -5 708 -6 386 -7 863 8 309 -9 257 -10 914
10 -1 530 -2 333 3 851 4 954 -5 539 6 23 -7 81 8 531 -9 978 -10 906
10 1 507 -2 699 3 3 -4 838 -5 745 6 728 -7 652 -8 674 -9 955 -10 424
10 -1 848 2 586 3 507 4 531 -5 288 -6 223 -7 681 8 670 -9 617 -10 789
10 -1 653 -2 924 -3 637 4 566 -5 952 6 191 7 80 -8 248 -9 622 10 526
10 -1 184 -2 202 -3 662 -4 344 -5 309 6 654 7 66 8 5 9 277 10 529
10 1 77 2 873 3 471 -4 621 5 286 -6 913 -7 376 8 416 9 66 -10 79
10 1 599 2 156 3 99 4 279 5 462 6 996 -7 155 -8 681 -9 76 -10 897
10 -1 855 -2 314 -3 196 4 766 5 448 -6 23 -7 488 8 764 9 624 10 450
10 1 881 2 780 3 582 4 792 -5 541 6 821 -7 639 -8 974 -9 864 -10 281
10 1 29 2 565 3 950 4 367 5 252 -6 785 -7 106 8 667 9 717 10 351
10 1 782 2 750 3 467 4 345 5 177 -6 99 7 301 8 62 9 181 10 92
10 -1 471 2 684 -3 253 -4 897 -5 282 -6 456 -7 835 8 312 9 693 -10 539
10 -1 416 2 213 -3 36 4 540 5 476 6 950 7 180 -8 525 -9 165 10 441
10 -1 792 2 784 -3 812 4 558 5 762 -6 822 7 800 8 610 -9 666 -10 494
10 -1 477 -2 346 -3 923 4 467 -5 62 6 235 7 15 8 69 -9 864 -10 702
10 1 214 2 334 3 314 -4 719 5 476 6 532 7 286 8 264 -9 270 10 698
10 -1 272 2 10 3 955 4 697 5 725 -6 519 7 66 8 371 -9 860 10 210
10 1 666 2 319 -3 950 -4 739 -5 218 6 457 -7 656 8 172 9 729 10 949
10 -1 585 2 605 -3 876 -4 895 5 954 6 644 7 913 8 732 -9 902 10 902
10 -1 284 2 799 3 750 4 495 -5 298 -6 455 7 477 -8 833 9 769 -10 469
10 1 142 2 600 -3 503 -4 61 5 749 -6 989 7 511 8 135 9 761 -10 955
10 1 742 -2 96 3 937 -4 775 5 379 6 58 -7 693 8 765 9 218 -10 752
10 -1 548 2 755 3 833 4 746 -5 541 -6 830 7 92 8 492 -9 638 10 652
10 -1 462 -2 969 -3 209 -4 881 -5 697 6 30 7 475 -8 13 -9 132 10 778
10 -1 105 -2 530 -3 816 -4 221 5 725 -6 519 7 104 -8 415 -9 613 -10 961
10 1 748 -2 810 3 754 -4 171 5 522 6 197 7 473 -8 457 -9 220 10 588
10 1 726 2 211 -3 488 -4 505 5 130 6 663 7 532 -8 925 9 113 -10 483
10 1 763 -2 250 -3 387 -4 760 5 743 -6 141 -7 267 -8 192 9 391 10 211
10 1 92 2 18 -3 596 -4 883 5 694 6 161 7 636 8 776 -9 938 -10 489
10 1 11 -2 565 -3 692 4 433 5 268 6 485 -7 969 8 644 9 35 -10 371
10 1 333 2 191 3 837 -4 706 -5 391 6 797 -7 930 8 801 -9 479 -10 864
10 -1 211 -2 91 3 475 -4 258 5 449 6 485 -7 796 -8 617 -9 433 10 4
10 1 845 -2 420 3 349 -4 523 -5 266 -6 274 7 820 8 338 9 459 -10 61
10 -1 149 2 489 -3 593 -4 38 5 15 -6 17 -7 106 8 869 9 760 10 683
10 -1 807 -2 36 -3 930 4 115 5 241 -6 444 7 622 8 295 9 244 -10 870
10 1 697 2 965 3 790 4 195 -5 899 -6 814 7 579 8 998 -9 390 10 374
10 -1 789 -2 371 3 24 4 503 5 972 6 966 7 227 -8 73 -9 186 -10 529
10 1 506 2 290 -3 598 -4 943 5 185 6 200 7 890 8 206 -9 659 10 454
10 -1 348 2 841 -3 571 -4 602 5 889 6 238 7 794 -8 327 9 578 10 28
10 1 151 -2 201 3 725 4 54 5 212 -6 235 -7 87 -8 301 -9 120 -10 956
10 1 725 2 174 -3 146 4 127 5 355 -6 83 7 499 -8 12 9 623 10 910
10 -1 447 -2 194 -3 314 4 52 5 618 6 972 7 10 8 243 9 543 10 259
10 -1 570 -2 268 3 68 -4 688 -5 757 6 958 7 148 8 947 -9 520 10 783
10 -1 807 2 560 3 901 4 740 -5 526 -6 557 7 317 -8 594 9 326 10 538
10 1 571 2 153 3 703 4 171 5 253 -6 476 7 705 8 879 9 108 -10 444
10 -1 380 -2 513 -3 337 4 821 -5 996 6 793 7 399 8 758 9 650 10 806
10 1 857 -2 224 3 750 -4 947 -5 298 -6 621 -7 742 8 464 -9 613 -10 280
10 -1 803 2 870 -3 475 4 676 5 360 -6 990 -7 414 -8 378 -9 117 10 424
10 1 956 -2 176 -3 443 -4 646 -5 153 -6 137 7 39 -8 962 9 484 10 893
10 -1 439 2 470 -3 803 4 684 5 978 6 644 -7 408 -8 407 -9 571 -10 384
10 1 567 -2 563 3 744 4 580 -5 19 -6 848 -7 470 -8 524 -9 915 10 396
10 1 259 -2 403 -3 292 4 332 -5 125 6 702 7 713 -8 707 9 724 -10 581
10 -1 815 2 406 -3 701 4 908 5 888 -6 88 -7 596 -8 855 -9 529 -10 359
10 1 939 -2 754 -3 143 -4 701 -5 470 -6 671 7 597 8 819 -9 48 -10 477
10 -1 818 -2 764 3 364 4 821 -5 310 -6 818 7 135 -8 116 -9 336 -10 252
10 1 383 -2 714 -3 290 -4 128 5 914 -6 4 -7 959 8 302 -9 801 -10 978
10 -1 220 2 810 3 248 4 964 5 613 -6 239 7 60 8 135 -9 730 -10 489
10 1 741 -2 223 -3 322 4 547 5 453 -6 810 7 820 8 996 9 344 10 897
10 -1 229 2 12 -3 545 -4 35 -5 418 -6 163 -7 437 8 603 9 93 -10 844
10 1 296 -2 18 -3 325 4 131 -5 645 -6 879 7 574 -8 814 9 793 -10 626
10 1 570 2 798 -3 519 -4 909 -5 978 -6 777 7 732 -8 246 9 695 -10 307
10 -1 559 2 571 3 127 -4 45 -5 404 6 434 -7 538 -8 218 -9 675 -10 964
10 -1 102 -2 35 -3 571 4 8 -5 345 6 84 7 851 8 162 -9 787 10 401
10 1 319 2 265 3 454 4 539 5 726 -6 124 7 434 8 446 9 826 -10 61
10 -1 618 -2 868 3 135 -4 167 5 293 -6 493 7 684 -8 987 -9 252 10 169
10 -1 244 -2 126 -3 608 4 695 -5 71 -6 596 -7 421 8 113 9 519 10 789
10 1 466 -2 591 3 682 4 100 -5 505 6 659 -7 460 -8 69 -9 924 10 1000
10 -1 150 2 410 -3 49 4 494 5 959 6 7 7 88 -8 808 9 813 -10 622
10 1 642 2 416 -3 102 4 199 5 686 -6 433 -7 568 -8 223 9 498 10 381
10 1 642 2 486 -3 519 -4 941 -5 969 6 134 -7 891 -8 104 9 53 10 22
10 -1 60 2 451 -3 627 -4 95 5 236 6 748 7 785 -8 509 9 722 10 943
10 -1 520 2 384 -3 927 -4 876 -5 762 6 395 7 756 -8 136 -9 135 -10 893
10 1 1000 -2 129 -3 602 4 306 -5 819 6 180 -7 471 -8 685 9 399 10 441
10 1 563 2 520 -3 294 -4 559 5 891 -6 338 7 886 -8 798 9 487 -10 424
10 1 836 -2 247 3 77 4 149 5 163 -6 875 7 319 8 343 9 659 -10 137
10 -1 5 2 529 -3 39 4 690 -5 337 -6 702 7 716 8 608 9 201 10 116
10 -1 312 -2 48 -3 192 4 383 5 888 6 643 -7 365 8 117 -9 884 -10 51
10 1 465 -2 966 -3 821 -4 995 5 845 -6 330 -7 935 8 941 9 315 10 260
10 -1 59 2 4 3 839 4 180 -5 273 -6 378 -7 919 -8 703 -9 278 10 870
10 1 830 2 878 -3 661 -4 109 -5 97 6 183 -7 252 8 165 -9 236 -10 747
10 -1 746 -2 855 3 670 4 922 5 86 6 980 -7 615 -8 306 9 122 -10 934
10 1 299 -2 510 -3 104 4 486 5 949 6 386 -7 200 8 733 -9 902 10 616
10 1 407 2 678 -3 163 4 527 -5 706 6 37 7 560 -8 879 9 32 10 524
10 -1 593 -2 786 3 372 -4 396 -5 98 6 925 -7 957 8 522 -9 921 10 602
10 1 469 2 402 -3 339 4 99 5 186 -6 258 7 161 8 193 9 923 -10 83
10 1 932 -2 529 -3 425 -4 755 -5 961 6 684 -7 986 8 819 9 764 -10 309
10 -1 287 -2 722 -3 742 -4 703 5 392 6 843 7 358 8 770 -9 185 10 445
10 1 332 -2 801 -3 832 -4 888 -5 743 -6 92 -7 835 -8 885 9 497 -10 752
10 1 931 -2 785 -3 744 4 861 -5 949 6 631 7 864 8 300 -9 21 -10 945
10 1 665 -2 99 3 88 -4 822 5 415 -6 563 7 331 8 385 9 669 -10 731
10 -1 459 2 859 3 742 4 135 5 703 -6 159 7 752 -8 85 -9 600 -10 173
10 1 559 -2 961 3 97 -4 493 -5 840 6 500 -7 345 8 712 9 8 -10 958
10 1 726 2 149 -3 457 4 754 -5 137 -6 868 -7 400 -8 162 -9 585 -10 104
10 1 16 -2 417 -3 951 -4 167 -5 83 6 80 7 509 8 55 -9 286 10 255
10 -1 447 2 569 -3 942 4 202 5 423 -6 111 7 624 8 547 9 101 10 920
10 1 295 2 622 3 382 -4 357 5 87 6 838 -7 46 8 231 -9 581 10 634
10 -1 354 -2 715 -3 986 4 374 -5 542 -6 626 7 727 8 774 -9 444 -10 604
10 1 848 2 983 3 445 4 372 -5 118 -6 722 7 972 8 663 -9 92 -10 372
10 1 271 2 416 -3 508 -4 413 -5 636 -6 623 -7 150 8 379 -9 677 10 159
10 1 678 -2 5 3 339 -4 797 5 993 6 293 -7 316 8 661 9 462 10 223
10 -1 884 2 507 3 551 -4 703 -5 52 -6 503 -7 214 -8 106 9 558 10 394
10 1 639 2 383 3 868 4 759 -5 436 6 933 -7 443 8 286 -9 149 -10 217
10 1 512 2 529 3 647 -4 97 -5 11 6 601 7 728 -8 438 -9 352 -10 98
10 1 824 2 753 -3 524 4 793 -5 894 6 65 -7 117 -8 353 9 691 -10 91
10 1 11 2 567 3 869 -4 17 5 244 -6 345 -7 146 -8 982 9 165 10 855
10 -1 680 -2 269 -3 595 -4 486 -5 311 -6 499 -7 841 -8 40 -9 106 -10 371
10 -1 738 2 299 3 192 -4 290 5 407 6 281 -7 248 8 88 -9 945 -10 672
10 -1 490 -2 229 -3 587 -4 575 5 636 -6 66 7 643 -8 419 -9 526 10 751
10 -1 102 -2 629 3 64 4 88 5 750 6 373 7 343 -8 135 9 973 -10 350
10 1 718 -2 529 -3 579 4 700 5 907 -6 757 7 751 -8 596 9 247 -10 245
10 1 462 2 286 -3 550 4 199 -5 943 6 658 7 865 -8 283 -9 913 10 668
10 1 809 2 114 -3 820 4 8 5 590 -6 285 -7 546 8 890 9 209 -10 519
10 1 520 2 493 3 133 -4 440 5 854 6 136 7 164 8 507 9 159 10 84
10 -1 231 2 53 -3 315 4 443 5 346 -6 678 7 509 -8 800 9 675 10 72
10 1 331 -2 448 3 928 4 735 -5 91 6 992 -7 153 8 952 -9 47 -10 496
10 -1 61 -2 315 3 970 -4 507 5 813 6 913 7 919 8 229 -9 608 10 668
10 1 367 -2 997 -3 609 -4 407 -5 635 6 65 -7 150 -8 981 9 984 -10 159
10 -1 334 2 55 3 697 -4 684 5 345 -6 709 -7 455 -8 446 -9 954 10 988
10 -1 456 2 325 -3 330 4 623 -5 249 6 725 7 236 -8 46 9 705 10 847
10 1 174 -2 378 -3 337 -4 943 5 770 6 500 -7 379 8 874 -9 593 10 63
10 1 86 2 933 3 500 4 544 5 889 6 516 7 911 -8 885 9 114 -10 975
10 1 513 -2 507 -3 70 4 681 5 290 -6 26 7 924 8 222 -9 499 -10 86
10 1 192 -2 196 -3 624 4 751 5 451 6 511 7 490 -8 211 -9 264 10 980
10 1 467 2 925 3 29 4 375 5 690 -6 686 7 317 8 686 -9 393 -10 619
10 1 176 2 809 -3 895 -4 537 5 618 6 352 -7 969 -8 94 9 69 -10 785
10 -1 255 2 333 -3 488 4 199 -5 335 -6 933 -7 315 -8 530 9 891 10 908
10 1 916 2 318 -3 634 4 435 5 619 -6 766 -7 222 8 670 9 284 -10 640
10 1 252 -2 407 -3 958 4 621 5 988 6 175 -7 403 8 569 9 386 -10 249
10 1 905 -2 694 -3 21 4 928 5 752 6 936 7 172 8 902 9 491 10 638
10 1 291 -2 542 3 628 4 257 5 101 6 659 -7 122 -8 583 9 361 -10 482
10 1 259 2 754 3 931 -4 217 -5 455 6 996 -7 519 8 100 -9 337 -10 130
10 -1 120 2 554 -3 913 4 855 -5 221 6 861 7 148 -8 949 9 825 -10 65
10 -1 385 2 403 3 337 4 853 5 627 6 173 -7 509 -8 566 9 927 10 739
10 -1 554 2 984 -3 842 4 689 5 342 6 114 -7 390 8 907 9 737 -10 763
10 1 72 -2 31 -3 236 -4 105 -5 749 6 362 7 534 -8 503 9 600 10 856
10 1 167 2 413 3 441 -4 185 5 586 -6 654 -7 975 8 909 9 431 10 357
10 1 936 2 33 3 835 4 645 5 191 6 655 -7 853 -8 418 -9 936 10 395
10 -1 165 -2 208 3 212 -4 727 -5 980 6 889 -7 53 -8 925 9 694 -10 732
10 1 866 2 79 -3 222 -4 512 -5 123 6 628 7 894 -8 956 9 375 10 604
10 1 325 2 276 3 188 -4 385 -5 427 -6 161 -7 82 -8 253 -9 389 10 512
10 -1 882 -2 706 -3 139 4 536 -5 142 -6 881 7 222 8 957 9 709 10 645
10 -1 101 -2 85 3 260 4 255 -5 914 6 837 -7 588 8 443 9 13 -10 342
10 1 309 2 723 3 746 4 369 5 979 6 611 -7 54 8 233 9 946 -10 555
10 -1 154 2 971 3 919 -4 452 -5 899 -6 574 7 575 8 160 -9 266 -10 457
10 -1 277 2 39 3 564 4 966 -5 618 -6 221 -7 592 8 710 9 793 10 586
10 1 461 -2 541 3 809 -4 262 5 216 6 219 -7 18 -8 597 -9 226 10 718
10 -1 394 2 931 -3 825 -4 987 -5 310 6 450 7 531 -8 287 -9 266 10 651
10 -1 78 -2 52 -3 444 4 569 -5 93 6 360 7 340 8 353 -9 342 10 413
10 1 330 -2 228 -3 829 4 412 -5 470 -6 826 7 650 8 274 -9 31 -10 144
10 1 832 2 543 3 899 4 436 -5 581 6 127 -7 42 8 514 9 154 -10 903
10 -1 735 2 881 3 724 -4 234 5 941 6 295 7 79 -8 363 9 587 -10 400
10 -1 290 -2 145 3 965 4 547 -5 624 6 432 7 810 8 155 9 446 -10 879
10 -1 873 -2 278 3 784 4 634 -5 224 -6 9 -7 681 8 218 9 103 10 433
10 1 880 -2 347 -3 758 4 579 5 417 6 789 7 634 8 51 9 201 10 13
10 -1 399 -2 114 3 357 4 517 -5 873 6 425 7 38 -8 56 9 649 -10 929
10 -1 828 -2 534 -3 46 4 457 5 484 6 356 7 234 8 804 -9 980 -10 351
10 1 244 -2 615 3 307 4 209 5 548 6 68 -7 409 8 534 9 944 10 345
10 -1 2 2 368 3 862 4 387 -5 645 6 18 7 555 -8 735 -9 884 -10 219
10 -1 723 2 837 -3 255 4 626 -5 461 6 201 7 152 -8 592 -9 448 -10 875
10 1 311 -2 365 -3 476 4 632 5 369 6 783 7 858 8 773 9 853 -10 468
10 -1 298 -2 749 3 668 -4 12 -5 577 6 227 7 480 8 336 9 246 -10 547
10 1 974 2 121 3 596 -4 421 -5 437 -6 42 7 433 8 747 -9 359 -10 677
10 -1 391 2 666 3 284 -4 997 5 678 -6 902 -7 58 -8 398 -9 237 -10 710
10 1 830 -2 394 3 992 4 284 -5 220 6 866 -7 645 -8 141 9 65 10 453
10 -1 369 2 380 3 920 -4 42 -5 943 6 600 -7 430 -8 338 -9 278 -10 298
10 -1 665 2 591 -3 623 -4 188 -5 515 -6 795 7 521 8 931 9 50 -10 205
10 -1 140 -2 59 -3 331 -4 243 -5 534 6 214 -7 318 8 572 -9 708 -10 853
10 -1 779 -2 31 -3 110 4 219 5 344 6 407 -7 994 -8 94 9 666 -10 215
10 1 535 2 894 3 686 -4 880 -5 74 6 898 -7 50 -8 329 -9 861 10 374
10 -1 357 2 438 -3 695 -4 92 -5 220 -6 282 -7 561 8 77 -9 201 -10 754
10 -1 327 2 825 -3 143 -4 115 5 308 6 474 -7 753 8 3 9 417 -10 624
10 1 118 -2 860 -3 90 -4 646 5 713 -6 430 7 205 8 856 -9 628 -10 233
10 1 738 2 602 3 129 4 830 -5 315 6 411 -7 824 -8 84 -9 6 -10 146
10 1 333 -2 362 3 920 -4 929 5 106 -6 602 7 187 8 529 9 938 -10 5
10 -1 821 -2 954 -3 378 -4 7 -5 927 -6 82 7 935 -8 58 9 777 -10 861
10 1 125 2 784 3 408 -4 856 5 343 6 507 7 533 8 882 -9 744 -10 565
10 -1 115 -2 781 3 182 -4 281 -5 114 -6 757 -7 736 -8 121 -9 133 -10 760
10 -1 769 -2 876 3 294 4 533 -5 284 6 861 7 317 -8 849 -9 190 -10 556
10 1 170 -2 348 3 349 -4 896 5 560 6 371 -7 538 -8 91 -9 733 10 167
10 -1 99 -2 155 3 585 -4 940 -5 988 6 324 7 553 -8 270 -9 398 10 706
10 -1 278 2 200 -3 385 -4 979 -5 733 -6 446 7 840 -8 97 -9 380 -10 892
10 1 181 -2 348 3 634 -4 934 5 586 -6 803 7 651 8 99 -9 997 -10 412
10 1 457 2 34 -3 456 -4 298 5 668 6 855 -7 547 8 281 -9 480 -10 353
10 1 777 2 902 -3 791 -4 532 5 208 -6 919 -7 692 -8 154 9 1 10 564
10 -1 824 -2 605 3 622 4 341 5 938 6 865 7 205 -8 322 -9 665 -10 736
10 1 195 -2 788 -3 442 -4 676 -5 818 6 931 -7 57 -8 168 -9 220 10 762
10 1 473 2 397 3 557 -4 355 5 592 6 623 -7 675 8 435 9 340 -10 673
10 -1 305 -2 318 -3 737 -4 628 -5 539 -6 692 -7 89 8 261 -9 801 10 424
10 1 42 -2 310 -3 523 4 74 5 833 6 909 7 546 8 307 -9 784 -10 58
10 -1 758 -2 211 3 641 -4 500 -5 878 -6 131 -7 214 8 376 -9 532 -10 127
10 -1 13 2 792 -3 164 4 343 -5 719 -6 193 -7 319 -8 337 9 637 -10 635
10 1 75 2 536 -3 636 -4 275 -5 940 6 829 7 892 8 430 9 709 -10 990
10 -1 498 2 484 -3 582 4 388 5 863 6 34 7 384 -8 937 -9 807 -10 929
10 -1 529 2 826 -3 93 4 129 5 649 -6 595 -7 677 8 748 -9 184 10 163
10 -1 780 -2 755 3 67 4 631 5 63 -6 764 -7 612 -8 498 -9 315 -10 398
10 -1 838 -2 880 -3 321 4 534 -5 892 -6 272 7 939 -8 939 9 466 10 346
10 -1 455 2 653 -3 279 4 29 -5 483 6 775 7 375 8 455 9 711 10 562
10 -1 370 -2 938 3 806 4 51 5 353 6 930 7 575 8 744 9 610 -10 784
10 -1 194 2 167 3 378 -4 583 5 205 -6 890 7 738 -8 876 -9 367 10 352
10 1 247 -2 206 3 493 4 175 5 444 -6 306 -7 807 -8 875 -9 492 -10 407
10 -1 847 2 4 3 631 -4 605 5 553 -6 796 -7 70 8 683 -9 86 -10 483
10 -1 707 2 96 3 639 -4 939 5 145 6 456 7 978 8 574 -9 865 10 592
10 -1 432 -2 313 -3 9 4 288 -5 200 6 580 -7 66 -8 578 -9 142 10 496
10 -1 118 2 654 -3 27 4 368 5 359 -6 36 7 29 -8 379 -9 622 10 980
10 1 275 -2 142 3 162 4 929 -5 261 -6 384 -7 483 8 433 9 859 -10 752
10 -1 951 -2 979 -3 177 4 105 -5 639 6 175 7 932 8 182 -9 8 10 445
10 1 916 2 314 -3 572 -4 914 5 843 6 411 -7 185 -8 795 9 483 -10 247
10 -1 118 2 816 3 601 4 656 -5 307 6 386 7 934 -8 835 -9 610 -10 370
10 -1 999 -2 224 3 664 4 585 -5 425 6 309 7 63 8 583 9 104 10 280
10 1 687 2 875 3 904 4 442 5 217 -6 552 7 276 8 495 9 77 10 797
10 -1 622 -2 80 3 856 4 818 -5 66 -6 672 7 284 -8 148 -9 751 10 416
10 1 996 2 967 -3 401 -4 639 -5 404 6 306 -7 673 -8 639 -9 474 -10 335
10 1 532 -2 144 -3 316 4 559 -5 408 6 399 -7 538 -8 61 9 173 -10 743
10 1 980 2 61 3 458 -4 73 5 902 -6 598 -7 889 -8 608 9 5 10 452
10 -1 56 2 456 -3 990 4 926 5 337 6 837 7 613 -8 983 -9 237 -10 874
10 -1 948 2 545 3 152 4 361 -5 244 -6 423 -7 192 -8 592 9 819 10 538
10 -1 159 2 637 -3 892 -4 932 -5 326 6 306 -7 801 -8 245 -9 345 10 110
10 1 612 2 969 -3 296 4 818 5 479 -6 964 7 467 8 811 9 460 -10 110
10 1 462 2 272 3 226 4 331 5 848 -6 620 -7 217 8 390 9 330 -10 674
10 1 287 2 611 -3 970 4 241 5 277 6 266 -7 690 -8 601 -9 912 -10 804
10 1 545 -2 464 -3 645 -4 838 -5 405 6 486 -7 277 -8 331 9 180 -10 292
10 1 748 2 545 -3 629 4 167 5 395 -6 923 7 479 -8 617 -9 363 10 677
10 1 793 2 368 3 124 4 224 -5 850 -6 221 7 228 8 728 -9 80 10 615
10 -1 765 -2 446 3 288 4 920 5 410 6 31 7 971 8 218 -9 731 10 249
10 -1 321 -2 606 -3 811 4 875 -5 790 -6 656 7 531 -8 204 -9 995 -10 662
10 -1 763 2 957 -3 910 4 864 5 247 -6 56 7 203 -8 635 -9 662 -10 669
10 -1 609 -2 145 -3 926 -4 664 5 829 -6 70 -7 847 8 749 -9 722 10 976
10 -1 881 2 609 3 427 4 640 5 461 6 443 7 967 -8 986 9 971 10 947
10 -1 251 2 425 3 770 -4 282 5 564 -6 337 -7 904 8 49 -9 605 -10 193
10 -1 343 2 57 3 3 -4 135 -5 391 6 976 7 678 8 837 -9 617 -10 139
10 -1 270 -2 762 -3 639 4 13 -5 453 6 368 -7 89 8 382 9 918 10 925
10 -1 59 2 784 -3 665 4 749 -5 756 -6 933 7 519 8 74 -9 593 10 689
10 1 781 -2 936 3 205 4 900 5 782 -6 367 7 300 8 275 9 145 10 536
10 1 484 -2 156 -3 630 4 449 -5 564 -6 671 7 878 -8 185 -9 911 10 149
10 1 636 -2 303 -3 351 -4 139 -5 932 -6 550 7 774 -8 926 -9 68 -10 758
10 1 339 -2 413 -3 312 -4 703 5 370 6 334 7 562 -8 53 -9 225 10 462
10 1 127 -2 759 -3 296 4 153 -5 271 6 976 -7 908 -8 768 9 548 -10 528
10 -1 926 -2 939 3 381 -4 948 5 902 -6 293 -7 307 -8 663 9 766 -10 421
10 -1 687 -2 569 3 726 -4 772 5 523 6 906 -7 144 -8 262 -9 34 -10 604
10 1 916 2 108 -3 418 -4 166 -5 686 6 794 -7 672 8 582 -9 361 10 284
10 1 851 -2 31 -3 130 4 815 -5 258 -6 205 7 461 8 457 -9 103 -10 643
10 1 952 -2 185 -3 251 4 874 5 157 6 91 -7 186 -8 578 9 117 -10 75
10 1 928 2 363 -3 324 4 699 -5 618 -6 125 7 238 8 925 -9 867 10 646
10 -1 69 2 618 -3 679 4 342 5 77 6 550 7 453 8 753 -9 617 -10 27
10 -1 384 -2 713 -3 231 -4 887 5 669 6 27 -7 748 8 720 -9 542 -10 829
10 -1 131 -2 394 -3 761 4 224 -5 767 -6 454 7 543 8 224 -9 264 -10 831
10 1 258 2 558 -3 889 4 337 -5 74 -6 67 7 975 -8 565 -9 51 10 349
10 1 273 2 290 3 786 4 530 5 102 6 232 -7 166 -8 423 9 250 10 311
10 1 268 -2 524 3 780 -4 208 -5 472 6 415 7 699 -8 770 9 282 10 633
10 1 489 -2 600 -3 831 4 532 -5 762 -6 49 7 429 -8 99 -9 985 -10 904
10 -1 291 -2 243 -3 816 4 88 -5 819 6 628 7 619 -8 306 9 127 -10 766
10 1 275 2 728 3 40 4 7 -5 526 6 198 -7 421 8 141 -9 426 10 943
10 -1 166 -2 644 -3 599 4 733 5 721 -6 722 -7 373 -8 156 -9 170 10 581
10 -1 897 -2 32 -3 198 4 236 5 348 -6 159 7 494 8 217 -9 982 -10 931
10 1 931 -2 819 -3 458 -4 236 -5 584 6 581 -7 398 8 590 9 495 -10 16
10 1 857 2 577 -3 992 -4 532 -5 204 -6 23 -7 100 -8 437 9 320 -10 712
10 -1 592 -2 710 3 925 4 355 -5 432 -6 700 -7 500 -8 473 -9 644 10 662
10 -1 899 -2 981 3 739 -4 268 5 156 -6 673 -7 223 -8 205 -9 767 10 553
10 1 127 -2 155 3 927 -4 903 5 595 6 597 -7 967 8 921 -9 652 10 696
10 1 871 -2 878 -3 950 -4 776 -5 863 -6 688 -7 373 -8 677 9 321 10 701
10 1 488 -2 925 -3 325 4 329 5 680 -6 334 7 575 -8 494 -9 529 10 206
10 -1 513 2 554 3 525 4 81 -5 459 -6 661 7 441 8 593 9 519 -10 702
10 1 606 2 33 -3 140 4 263 -5 569 6 729 7 268 8 885 9 802 10 876
10 1 669 2 540 3 854 -4 592 -5 781 6 985 -7 61 8 815 9 106 10 25
10 -1 131 -2 11 3 685 -4 671 5 714 6 707 7 215 8 336 9 683 10 119
10 -1 284 2 591 3 375 4 507 -5 199 -6 726 7 427 -8 63 9 310 -10 278
10 -1 388 2 827 -3 760 -4 336 -5 925 6 653 7 533 -8 144 9 289 10 645
10 1 458 2 812 -3 144 4 266 -5 65 -6 399 7 680 -8 832 9 621 10 5
10 -1 913 -2 143 3 376 -4 626 -5 999 6 615 7 235 8 823 -9 215 -10 929
10 -1 424 2 861 3 451 4 553 5 564 6 120 -7 8 -8 792 -9 724 -10 741
10 -1 629 2 912 -3 256 4 640 5 536 -6 828 -7 830 8 427 -9 528 10 182
10 -1 976 -2 552 -3 446 4 196 5 220 6 660 -7 690 -8 787 9 726 10 301
10 1 85 -2 829 -3 877 -4 85 -5 198 6 890 -7 871 8 233 -9 585 10 119
10 -1 533 -2 893 -3 93 -4 833 -5 253 -6 697 7 546 -8 401 9 169 10 314
10 -1 319 2 592 3 179 -4 152 -5 332 -6 535 -7 159 8 403 -9 935 -10 84
10 -1 622 2 462 -3 108 4 234 -5 976 -6 678 -7 383 -8 228 9 494 10 789
10 1 703 2 410 -3 952 4 395 5 221 -6 490 7 634 -8 905 -9 25 -10 36
10 -1 558 2 180 -3 63 4 945 -5 767 6 270 7 355 8 310 9 120 -10 679
10 1 563 2 538 3 78 -4 993 5 632 -6 512 7 533 -8 252 -9 212 -10 305
10 1 29 -2 290 3 19 4 455 -5 537 6 429 -7 289 8 672 9 13 10 906
10 -1 763 -2 962 -3 571 4 716 5 90 -6 452 -7 590 -8 495 9 757 -10 10
10 -1 756 2 38 3 205 4 454 -5 144 6 979 7 476 8 728 -9 450 -10 688
10 1 57 2 62 3 364 -4 656 5 531 -6 269 -7 656 -8 503 -9 408 10 247
10 1 166 2 191 -3 78 4 920 5 289 -6 58 -7 84 8 138 -9 822 10 181
10 1 719 2 450 -3 894 -4 881 5 392 -6 598 7 521 8 93 9 121 10 157
10 -1 218 2 446 -3 808 4 200 5 518 6 835 -7 414 8 659 -9 3 -10 976
10 -1 893 2 182 3 627 -4 999 -5 20 -6 988 -7 549 -8 352 9 639 -10 357
10 1 132 -2 724 -3 615 -4 388 -5 882 -6 410 -7 618 -8 690 -9 33 -10 896
10 1 814 -2 317 -3 85 -4 891 -5 665 -6 213 -7 495 8 994 9 60 -10 360
10 1 986 -2 591 3 393 4 139 -5 63 6 435 7 34 8 867 -9 354 10 895
10 1 849 2 267 -3 535 -4 529 -5 559 -6 526 7 493 8 538 -9 69 -10 216
10 1 780 2 250 -3 851 4 517 5 99 -6 925 7 909 -8 876 -9 329 10 918
10 1 560 2 139 -3 782 4 786 -5 882 -6 789 -7 536 8 786 9 140 -10 510
10 1 718 -2 949 3 969 -4 673 -5 549 6 852 7 888 -8 97 9 962 -10 401
10 1 913 -2 468 3 985 4 546 5 635 -6 979 -7 393 8 405 -9 294 10 828
10 1 574 -2 871 3 831 -4 537 -5 869 6 861 -7 388 8 487 -9 526 -10 451
10 -1 465 -2 228 3 718 -4 207 5 396 -6 381 -7 336 -8 298 -9 236 -10 912
10 1 995 2 876 3 737 4 330 -5 622 6 834 -7 582 8 33 -9 367 -10 992
10 -1 80 2 945 3 462 -4 757 5 938 6 798 7 185 8 357 9 771 10 538
10 1 740 2 164 -3 24 4 516 -5 763 6 256 -7 435 8 36 9 157 -10 500
10 1 873 -2 652 -3 777 -4 227 5 829 -6 348 -7 306 8 684 9 956 10 191
10 -1 823 -2 400 3 70 4 398 5 998 -6 535 -7 397 8 133 9 676 -10 694
10 1 364 -2 601 -3 232 4 987 -5 573 -6 811 -7 658 -8 862 9 571 -10 470
10 -1 268 2 765 3 767 4 589 5 157 -6 686 7 420 -8 416 9 577 10 857
10 1 862 2 310 -3 723 4 475 -5 416 -6 384 7 372 8 377 9 377 -10 855
10 1 963 -2 703 3 545 4 305 -5 797 6 354 7 421 -8 327 9 592 -10 109
10 -1 992 -2 193 3 327 4 284 -5 669 6 661 -7 977 8 578 -9 903 10 792
10 1 493 2 486 -3 741 -4 949 -5 151 -6 570 -7 642 8 381 9 115 -10 774
10 -1 675 -2 432 -3 969 4 738 -5 341 -6 256 -7 663 8 862 -9 274 -10 396
10 1 139 2 656 -3 790 -4 89 5 325 6 848 7 891 8 815 -9 30 -10 863
10 -1 293 2 871 3 429 -4 438 5 231 -6 400 7 137 -8 311 9 320 -10 919
10 1 968 -2 446 -3 111 4 301 5 744 -6 701 7 981 8 762 -9 11 -10 1000
10 1 613 2 528 3 90 -4 148 5 211 -6 588 7 257 -8 245 -9 502 10 798
10 -1 195 -2 161 -3 225 4 339 5 544 -6 309 7 493 -8 317 -9 976 10 55
10 1 814 2 569 3 882 4 419 -5 190 6 706 -7 644 8 867 9 129 -10 400
10 1 987 -2 21 3 670 -4 415 5 925 -6 841 -7 852 8 840 9 108 10 348
10 -1 704 2 776 3 935 -4 685 5 976 -6 794 -7 648 -8 539 9 996 10 12
10 1 447 2 704 3 196 4 555 5 899 -6 205 7 216 -8 705 9 910 -10 337
10 1 502 2 404 3 380 4 892 -5 280 -6 192 -7 754 -8 828 9 38 -10 820
10 -1 293 -2 880 3 522 4 633 -5 880 -6 432 7 918 -8 33 -9 239 10 164
10 -1 607 -2 26 -3 787 4 380 -5 734 6 288 7 887 -8 192 -9 824 -10 520
10 1 438 2 690 -3 437 -4 211 5 367 -6 33 -7 9 8 324 9 810 -10 879
10 1 489 -2 795 -3 432 -4 651 -5 87 -6 106 7 442 8 997 -9 471 10 138
10 -1 287 -2 369 3 26 -4 394 5 164 6 263 7 279 -8 704 -9 404 -10 422
10 -1 932 -2 770 -3 695 -4 940 5 113 6 912 7 309 -8 41 9 506 -10 775
10 -1 177 2 423 3 747 -4 8 5 355 -6 346 -7 164 -8 267 -9 974 10 603
10 1 557 -2 908 -3 104 4 691 -5 325 -6 456 7 925 8 411 9 74 -10 490
10 1 341 -2 407 3 752 4 100 -5 298 -6 86 -7 658 8 664 9 742 -10 936
10 -1 472 2 403 -3 212 -4 161 -5 547 6 938 -7 25 8 863 9 827 -10 806
10 1 797 -2 907 3 257 4 630 -5 59 6 157 7 961 -8 271 -9 959 10 512
10 1 793 -2 331 3 106 4 300 5 77 -6 930 7 661 8 787 -9 714 -10 112
10 1 615 2 784 -3 179 4 289 -5 887 6 64 7 555 8 807 -9 116 -10 385
10 -1 703 -2 766 -3 156 4 313 5 754 6 574 -7 379 8 860 -9 98 -10 308
10 -1 712 -2 233 3 705 4 769 5 340 -6 494 -7 558 -8 8 -9 953 -10 976
10 -1 793 -2 517 -3 153 4 808 -5 243 6 252 7 465 8 901 9 356 10 345
10 1 143 2 813 3 828 -4 424 -5 762 6 862 7 296 -8 989 -9 980 10 179
10 -1 845 -2 351 3 729 4 807 5 682 6 538 -7 223 -8 989 -9 579 -10 172
10 -1 51 -2 634 3 651 -4 62 5 898 -6 722 7 416 8 740 -9 326 10 500
10 1 375 2 332 -3 253 -4 573 -5 673 -6 67 7 251 -8 729 9 822 -10 932
10 1 365 -2 575 3 930 4 177 5 676 -6 911 -7 278 8 351 -9 301 -10 736
10 -1 168 2 664 3 746 4 230 5 28 -6 768 7 816 8 635 -9 205 -10 549
10 -1 382 -2 186 -3 893 -4 759 -5 781 6 529 7 947 8 310 -9 536 -10 134
10 -1 416 -2 105 3 569 4 540 5 192 -6 255 -7 540 8 711 9 811 10 624
10 1 742 2 500 -3 431 -4 639 5 175 -6 780 7 398 8 253 -9 138 -10 677
10 1 173 -2 386 3 958 -4 95 5 628 -6 759 -7 207 -8 459 -9 896 -10 591
10 1 988 -2 993 -3 782 -4 129 5 846 -6 907 7 49 -8 194 9 168 -10 659
10 -1 70 2 898 3 121 -4 300 -5 407 6 11 7 262 -8 555 -9 48 -10 903
10 -1 529 2 817 3 855 -4 681 5 460 -6 74 -7 218 8 351 9 682 -10 678
10 -1 761 -2 597 -3 837 4 585 -5 129 6 729 -7 477 8 149 -9 319 -10 773
10 1 356 -2 573 3 15 -4 297 5 849 -6 478 7 458 -8 832 -9 707 -10 398
10 1 544 2 166 -3 252 4 674 -5 231 -6 499 -7 116 -8 677 -9 344 -10 736
10 1 726 -2 181 -3 397 4 940 5 201 -6 292 7 525 8 113 9 570 10 576
10 -1 985 2 148 3 860 4 734 5 215 -6 503 7 512 -8 61 -9 440 10 17
10 1 517 -2 865 3 256 -4 662 5 983 6 375 -7 206 -8 106 9 444 -10 323
10 -1 61 -2 341 -3 548 -4 117 5 679 -6 172 -7 311 -8 523 -9 449 -10 736
10 -1 504 2 763 3 300 -4 40 -5 301 -6 389 -7 509 8 72 9 461 -10 53
10 -1 731 2 963 3 976 4 933 5 123 -6 776 7 637 8 911 -9 335 -10 92
10 -1 134 2 660 3 813 -4 285 -5 501 6 164 -7 419 8 275 -9 56 -10 256
10 -1 362 2 37 3 53 4 611 -5 240 -6 414 -7 558 8 733 9 414 -10 586
10 1 985 -2 836 -3 911 -4 927 -5 978 6 754 7 755 8 680 9 279 10 610
10 -1 896 -2 420 3 307 -4 101 -5 723 6 360 -7 418 8 703 9 487 10 824
10 1 411 -2 637 -3 385 4 286 5 367 -6 964 7 577 8 411 9 949 10 788
10 -1 600 -2 143 3 498 4 578 5 125 -6 125 -7 919 -8 835 9 963 10 449
10 -1 621 -2 427 3 652 -4 553 5 145 6 999 -7 174 -8 671 -9 518 10 773
10 -1 71 -2 81 -3 451 -4 525 -5 721 6 80 -7 130 -8 401 9 109 -10 894
10 -1 879 -2 735 -3 32 4 218 5 326 6 116 -7 863 8 79 -9 350 -10 794
10 -1 216 2 606 -3 835 4 994 5 336 6 237 7 545 8 510 -9 357 10 837
10 1 438 -2 449 -3 412 -4 524 -5 774 -6 455 -7 17 -8 715 -9 877 10 584
10 1 870 -2 975 -3 884 -4 90 5 316 6 461 -7 948 8 258 9 277 -10 642
10 -1 608 2 343 -3 913 -4 433 -5 933 6 256 -7 980 -8 234 -9 171 -10 986
10 -1 888 -2 454 -3 880 4 941 5 921 -6 192 -7 861 8 249 -9 509 -10 589
10 -1 308 -2 392 3 371 -4 413 -5 218 6 48 -7 234 -8 529 -9 431 -10 648
10 1 513 -2 26 -3 169 4 53 5 34 6 316 -7 152 -8 453 9 864 -10 360
10 1 451 -2 563 3 395 -4 258 -5 773 6 951 7 452 -8 625 -9 999 -10 190
10 1 676 2 29 3 96 4 345 5 150 -6 11 7 583 -8 921 9 904 -10 877
10 -1 465 2 216 -3 896 4 516 5 971 -6 261 -7 565 8 175 9 59 -10 884
10 1 315 2 885 -3 334 4 201 -5 797 6 615 -7 823 8 123 -9 671 -10 148
10 1 198 -2 37 -3 619 -4 72 5 466 6 890 -7 571 -8 119 -9 443 -10 275
10 1 181 -2 463 3 331 -4 353 5 648 -6 350 7 517 8 385 9 871 -10 523
10 -1 935 2 184 -3 166 -4 232 5 102 -6 479 -7 866 -8 360 -9 324 -10 857
10 -1 925 -2 398 3 653 4 90 5 26 6 507 -7 99 -8 201 -9 679 10 221
10 -1 973 -2 918 -3 486 4 376 -5 855 6 294 7 279 8 955 -9 813 10 195
10 1 799 2 328 3 308 4 807 -5 154 6 574 -7 985 8 717 9 738 -10 754
10 -1 376 2 974 -3 270 4 237 5 460 -6 448 7 943 -8 570 9 846 -10 207
10 -1 428 -2 580 -3 632 -4 961 -5 865 6 716 -7 603 -8 501 9 183 -10 613
10 1 877 -2 703 -3 260 4 382 -5 346 -6 239 -7 649 8 945 -9 57 10 824
10 -1 819 2 770 3 600 -4 502 -5 36 -6 381 7 77 8 856 9 445 -10 291
10 -1 35 2 691 3 851 -4 633 -5 249 -6 467 7 491 -8 680 9 136 -10 68
10 -1 447 2 886 3 794 -4 782 5 250 6 444 -7 204 -8 416 9 751 -10 59
10 -1 540 -2 742 -3 18 4 729 -5 30 6 588 -7 9 8 430 9 929 -10 471
10 1 88 2 114 3 53 4 896 5 266 6 271 -7 688 -8 390 9 896 -10 558
10 -1 225 2 680 3 466 4 732 5 258 6 200 -7 277 8 210 -9 666 -10 13
10 1 862 -2 322 -3 245 4 990 -5 358 -6 251 -7 189 -8 318 -9 640 10 314
10 1 270 -2 294 3 709 4 231 5 464 -6 513 -7 724 8 950 9 490 -10 319
10 -1 339 -2 746 -3 149 4 904 5 740 6 720 -7 635 8 822 -9 285 10 191
10 -1 174 2 815 -3 970 -4 955 -5 826 -6 812 7 995 8 132 9 840 -10 925
10 -1 697 2 844 -3 617 -4 333 -5 282 -6 139 7 972 8 852 9 527 10 201
10 1 442 -2 232 3 84 4 171 5 953 6 282 -7 742 8 243 9 617 10 828
10 -1 280 2 158 3 916 4 14 -5 868 6 55 7 786 -8 934 -9 319 -10 742
10 1 101 2 378 -3 605 -4 468 -5 939 6 810 -7 670 -8 798 -9 527 10 507
10 -1 21 2 51 3 812 -4 566 5 97 6 994 7 842 -8 619 9 963 -10 991
10 -1 145 2 268 -3 724 -4 669 -5 505 6 782 7 737 -8 17 -9 201 10 370
10 -1 158 2 208 -3 903 4 140 -5 639 6 260 7 264 8 630 9 40 -10 450
10 1 722 -2 598 3 724 4 627 -5 530 -6 86 -7 732 8 112 9 591 10 908
10 -1 449 2 211 3 941 4 709 -5 204 6 723 7 347 8 828 -9 241 10 601
10 1 727 -2 196 3 375 -4 168 -5 729 6 183 -7 174 8 386 9 989 10 815
10 1 890 -2 917 3 10 -4 576 5 838 -6 416 -7 175 -8 696 -9 64 10 379
10 1 856 -2 539 3 879 -4 560 5 868 6 671 -7 853 8 671 9 587 -10 388
10 -1 557 -2 570 -3 368 4 535 -5 368 -6 764 -7 211 8 779 9 105 10 201
10 -1 983 -2 99 3 509 -4 610 -5 258 -6 163 7 288 -8 956 9 521 10 405
10 1 159 -2 85 -3 8 4 490 5 451 6 318 -7 925 -8 718 9 482 -10 103
10 1 832 2 142 -3 448 -4 591 -5 197 6 342 -7 598 8 6 -9 410 10 3
10 1 43 -2 160 3 842 4 930 5 291 6 528 -7 485 8 744 9 12 -10 109
10 1 963 2 937 -3 305 -4 463 -5 704 -6 875 7 102 -8 318 9 439 10 783
10 1 76 2 624 3 261 -4 387 5 891 -6 998 7 518 8 562 9 9 10 326
10 1 195 -2 389 3 76 -4 791 -5 389 6 706 -7 872 8 394 -9 525 -10 127
10 -1 140 2 607 -3 892 4 765 -5 826 -6 243 -7 974 -8 265 -9 795 -10 450
10 -1 619 -2 559 -3 395 -4 364 -5 102 6 132 -7 996 8 855 9 660 -10 428
10 1 85 -2 369 -3 508 4 51 -5 157 6 421 7 354 -8 917 -9 734 10 80
10 -1 394 2 344 -3 990 -4 287 -5 655 -6 737 -7 567 -8 305 -9 333 -10 741
10 1 361 2 780 -3 375 4 252 5 458 6 484 7 107 -8 59 -9 469 -10 234
10 1 889 2 325 -3 852 4 681 -5 935 6 542 -7 714 8 410 9 534 -10 293
10 1 512 -2 223 3 475 -4 225 5 844 6 873 7 790 8 874 -9 3 10 702
10 1 561 -2 58 -3 938 -4 168 -5 505 -6 227 -7 453 8 660 9 750 -10 254
10 1 821 2 966 -3 129 -4 641 -5 928 -6 247 -7 173 8 57 9 724 10 481
10 1 814 -2 946 3 583 -4 446 5 40 6 84 -7 173 8 308 9 669 -10 472
10 -1 436 2 664 -3 216 4 237 -5 703 6 568 -7 428 8 753 -9 33 -10 166
10 1 342 2 57 3 611 4 636 -5 480 -6 390 -7 838 -8 574 9 7 -10 737
10 -1 403 -2 229 -3 922 4 990 5 157 6 283 -7 781 8 122 -9 373 10 840
10 -1 931 2 576 3 312 4 899 -5 456 -6 505 7 322 -8 559 -9 87 10 243
10 1 90 -2 434 -3 178 4 616 -5 976 6 421 -7 799 8 98 9 542 10 375
10 1 955 2 637 3 655 4 605 -5 952 6 607 7 109 -8 796 9 525 -10 284
10 1 498 -2 536 -3 993 -4 332 -5 23 -6 145 -7 170 -8 127 -9 420 10 375
10 1 715 -2 589 3 254 4 590 5 106 6 553 7 79 8 981 9 817 10 554
10 1 85 2 466 -3 439 4 955 5 473 -6 439 7 769 8 751 -9 295 -10 32
10 1 698 -2 427 3 930 -4 706 -5 449 -6 396 7 263 -8 254 9 939 10 369
10 -1 23 -2 209 3 682 4 646 -5 672 6 763 7 253 -8 368 -9 722 -10 570
10 -1 465 -2 293 3 637 4 239 5 188 -6 595 7 256 -8 360 -9 269 -10 836
10 1 697 2 614 -3 936 -4 296 -5 981 6 622 -7 842 -8 278 -9 126 -10 97
10 1 5 -2 957 -3 901 -4 460 5 747 -6 92 7 853 8 254 9 964 10 426
10 1 756 -2 184 3 414 4 165 -5 541 -6 385 -7 996 8 670 -9 278 -10 248
10 1 317 -2 529 -3 695 4 541 -5 114 -6 887 7 366 8 552 -9 952 10 115
10 -1 309 -2 166 -3 717 -4 972 5 276 -6 765 -7 638 8 376 -9 697 10 221
10 -1 955 -2 941 3 619 4 598 -5 994 -6 51 -7 752 8 27 -9 526 -10 469
10 -1 472 -2 598 -3 948 -4 670 5 945 6 49 -7 499 -8 36 9 640 10 513
10 -1 41 -2 461 3 363 4 263 -5 799 6 887 7 382 8 154 9 729 -10 458
10 -1 693 2 487 3 698 4 951 5 475 -6 332 7 266 8 685 -9 791 -10 29
10 1 43 -2 711 -3 48 -4 462 -5 392 6 510 7 734 8 900 -9 100 -10 974
10 -1 76 2 768 -3 23 4 685 -5 40 6 105 -7 91 -8 487 9 651 10 140
10 -1 575 -2 373 3 364 -4 949 5 235 -6 396 7 308 -8 445 9 875 10 246
10 1 344 2 757 -3 458 -4 96 -5 996 -6 182 -7 341 -8 395 9 455 10 696
10 1 8 -2 273 3 106 4 622 5 901 6 841 7 999 8 332 -9 263 -10 604
10 -1 445 2 872 -3 187 4 44 -5 845 -6 586 -7 124 -8 300 9 363 -10 944
10 1 687 -2 116 3 836 -4 419 -5 317 6 252 7 145 8 934 -9 735 -10 995
10 1 682 2 48 3 419 4 707 5 24 6 26 -7 595 8 518 -9 630 -10 292
10 -1 702 2 687 3 671 4 964 5 608 6 612 7 71 -8 332 -9 187 10 834
10 -1 277 -2 932 3 314 4 909 -5 535 6 397 7 537 -8 480 -9 548 10 966
10 1 18 2 740 -3 778 4 489 5 682 6 722 7 811 -8 498 9 672 10 449
10 -1 483 2 55 -3 490 -4 771 -5 177 6 53 -7 462 8 323 9 449 -10 912
10 1 909 -2 470 3 681 4 117 -5 247 6 37 -7 835 8 350 9 71 -10 255
10 1 518 2 82 -3 445 4 518 5 872 -6 818 7 738 8 17 -9 661 10 509
10 1 283 -2 210 3 560 -4 655 5 946 -6 384 -7 464 -8 350 9 398 10 782
10 1 827 -2 273 3 531 4 531 -5 776 -6 741 7 468 -8 822 -9 287 10 988
10 -1 492 2 261 3 96 -4 463 5 430 -6 876 7 430 -8 945 9 82 10 583
10 -1 482 -2 652 3 693 4 935 5 159 6 485 -7 267 -8 780 9 26 10 65
10 1 156 2 623 3 871 -4 587 5 354 -6 709 7 617 8 506 -9 651 10 319
10 1 805 2 825 -3 97 4 4 5 538 6 583 -7 439 -8 364 9 587 -10 267
10 -1 339 -2 481 3 977 4 607 -5 835 -6 708 7 544 -8 271 9 626 10 803
10 -1 340 2 846 3 184 4 322 -5 525 -6 36 -7 707 -8 716 9 581 10 517
10 -1 906 -2 580 3 324 -4 691 -5 468 -6 946 7 642 8 781 9 916 10 454
10 1 218 -2 299 -3 758 4 933 5 403 -6 468 7 275 8 934 -9 435 -10 869
10 1 843 2 923 -3 873 -4 249 5 497 6 356 7 846 8 941 -9 155 10 119
10 -1 633 -2 175 3 50 -4 743 5 122 6 415 7 306 8 890 -9 7 10 524
