1000
10 1 901 -2 631 3 43 -4 734 5 390 6 537 7 53 -8 242 9 743 -10 171
10 1 84 2 862 3 157 4 950 5 68 6 151 -7 140 8 407 -9 957 10 891
10 -1 634 -2 613 3 651 -4 808 5 76 6 20 7 849 8 842 -9 531 -10 428
10 1 123 2 24 -3 190 4 242 5 284 -6 738 7 30 8 317 -9 475 10 461
10 -1 270 2 518 -3 226 4 113 -5 53 -6 154 -7 842 -8 765 -9 737 -10 211
10 1 739 -2 438 -3 446 -4 635 -5 882 6 777 -7 248 -8 94 9 489 10 304
10 1 928 -2 815 -3 914 -4 891 -5 10 6 791 7 53 8 594 -9 127 10 750
10 -1 200 2 386 3 348 -4 453 -5 701 6 981 7 748 -8 18 -9 906 -10 602
10 -1 578 2 72 -3 693 4 557 5 966 6 639 7 676 -8 27 -9 923 10 947
10 1 186 -2 845 3 206 -4 202 -5 507 -6 952 -7 930 -8 885 9 911 10 518
10 1 777 2 308 -3 118 -4 275 5 646 6 1000 -7 449 -8 505 -9 397 -10 881
10 1 538 -2 491 3 88 4 775 5 537 6 349 7 537 -8 24 -9 357 10 103
10 1 416 -2 968 3 644 -4 486 -5 399 6 976 -7 302 -8 707 9 560 -10 975
10 -1 840 2 50 3 368 4 535 5 590 6 694 7 895 -8 965 9 963 10 700
10 1 741 2 171 3 12 -4 494 -5 237 6 578 7 417 8 285 9 717 10 731
10 -1 451 -2 742 3 951 4 792 5 302 -6 674 7 390 -8 275 9 591 10 669
10 1 250 2 428 3 333 4 663 -5 123 -6 814 7 677 8 636 9 825 10 923
10 -1 169 -2 768 3 626 -4 29 -5 93 6 493 -7 617 -8 129 9 423 10 123
10 1 305 2 109 -3 914 4 852 5 763 -6 927 7 519 8 144 9 561 10 66
10 -1 231 -2 653 3 54 -4 745 5 700 -6 854 7 468 8 469 9 649 -10 513
10 -1 551 -2 717 3 441 4 514 -5 998 -6 744 7 979 8 507 9 86 -10 478
10 -1 93 2 524 -3 983 4 466 5 251 6 779 7 969 -8 435 9 946 10 657
10 -1 401 2 386 3 626 4 550 5 985 6 139 -7 833 -8 622 9 134 10 838
10 1 592 -2 587 3 828 4 936 -5 82 6 600 -7 566 -8 935 -9 591 -10 606
10 -1 246 2 757 3 475 -4 315 -5 133 6 241 7 415 -8 713 9 584 -10 702
10 1 726 -2 277 3 69 -4 455 5 219 6 621 -7 798 -8 805 -9 839 -10 752
10 1 165 2 732 -3 303 4 685 -5 197 6 820 -7 353 -8 355 -9 185 -10 357
10 -1 807 -2 115 3 314 -4 425 -5 480 -6 697 7 379 8 806 9 95 -10 137
10 -1 194 -2 246 3 683 -4 315 5 760 -6 192 7 245 8 483 9 535 10 465
10 1 847 2 782 -3 985 4 714 5 369 -6 495 7 367 8 223 -9 610 -10 849
10 1 44 -2 951 3 675 4 509 -5 382 6 692 -7 784 8 888 9 727 -10 318
10 1 138 2 527 -3 873 -4 411 -5 418 -6 172 7 801 8 384 9 331 10 525
10 1 674 2 361 -3 18 4 101 5 46 6 778 7 265 8 45 -9 991 -10 657
10 1 430 2 181 3 194 -4 616 5 276 -6 984 7 456 8 95 9 669 -10 224
10 1 213 2 856 3 991 4 558 -5 183 -6 806 7 531 8 980 -9 338 10 319
10 -1 531 2 181 -3 746 -4 309 5 377 6 282 7 741 -8 28 -9 698 -10 572
10 -1 187 -2 629 3 757 4 13 5 498 -6 368 7 387 8 270 -9 325 -10 584
10 1 511 2 534 -3 233 -4 787 5 245 -6 733 7 135 -8 642 9 452 10 136
10 -1 619 -2 909 -3 233 4 160 -5 727 6 921 7 596 8 974 -9 722 10 606
10 -1 995 -2 431 3 608 -4 923 5 382 -6 28 7 503 8 333 -9 872 10 143
10 1 970 -2 645 3 28 -4 21 -5 99 6 79 7 801 -8 587 9 389 10 781
10 1 516 2 909 -3 90 4 295 5 760 -6 248 7 934 -8 899 9 893 10 238
10 1 36 -2 386 -3 304 4 442 5 200 -6 274 7 774 8 315 -9 946 -10 676
10 1 741 2 568 -3 443 4 888 5 344 6 375 -7 652 8 33 -9 382 10 346
10 1 899 -2 61 3 530 -4 847 -5 114 6 256 -7 987 -8 717 -9 219 10 12
10 1 510 -2 202 -3 547 -4 530 5 232 -6 374 7 937 -8 502 -9 478 -10 321
10 -1 229 2 250 -3 165 4 396 -5 751 6 478 -7 861 8 167 9 920 -10 53
10 -1 563 2 951 -3 575 -4 7 5 849 -6 576 -7 129 -8 294 9 191 10 869
10 -1 664 2 771 3 912 4 433 -5 119 -6 53 7 445 -8 248 -9 382 10 511
10 -1 745 -2 347 -3 863 -4 771 5 436 -6 420 -7 72 -8 508 9 401 10 367
10 1 869 2 238 -3 784 -4 156 -5 205 -6 529 7 183 8 964 9 429 10 285
10 1 755 2 714 -3 191 4 532 5 561 -6 70 -7 262 8 149 9 758 -10 365
10 1 934 -2 45 -3 892 4 131 -5 78 -6 852 -7 248 8 652 -9 554 10 889
10 -1 441 -2 103 3 281 -4 996 5 173 -6 445 -7 935 8 115 -9 176 -10 893
10 1 880 2 880 -3 868 4 899 -5 824 6 932 7 926 -8 805 9 221 -10 52
10 -1 551 2 607 3 252 -4 734 -5 417 -6 784 7 307 -8 641 -9 917 10 272
10 1 635 -2 704 3 748 4 441 5 61 6 702 -7 237 -8 334 -9 298 10 16
10 -1 593 2 2 3 337 -4 526 -5 215 -6 790 -7 327 8 865 -9 717 -10 875
10 1 271 -2 516 -3 347 -4 273 -5 72 6 364 7 217 -8 186 -9 45 10 936
10 1 713 -2 842 3 818 4 955 5 870 6 712 7 172 -8 257 -9 845 -10 754
10 1 147 2 280 3 843 -4 396 5 496 -6 862 7 267 8 327 9 81 -10 572
10 -1 405 -2 170 3 192 4 588 5 498 6 52 7 290 8 87 9 875 10 306
10 -1 701 2 968 3 468 4 951 -5 597 -6 217 7 571 8 262 -9 8 -10 796
10 1 978 -2 405 -3 14 -4 972 5 771 6 861 7 867 8 392 9 673 10 839
10 1 863 2 303 -3 472 4 613 -5 58 -6 22 7 286 8 472 -9 539 -10 761
10 -1 998 -2 208 -3 270 -4 829 -5 600 6 48 7 778 8 747 -9 631 -10 283
10 1 937 -2 225 -3 821 -4 72 5 519 -6 992 7 970 -8 69 9 165 -10 949
10 -1 933 2 207 -3 762 4 397 -5 856 6 449 -7 441 -8 279 -9 754 10 796
10 1 709 -2 240 3 844 -4 159 5 637 -6 523 -7 514 8 591 9 338 -10 288
10 1 110 2 129 3 493 -4 97 5 149 6 988 7 302 8 154 9 980 10 553
10 -1 639 -2 141 3 530 -4 327 -5 755 -6 106 -7 10 -8 703 -9 703 10 634
10 1 335 2 916 3 954 -4 150 -5 675 6 540 -7 342 -8 590 -9 26 -10 773
10 1 162 2 994 -3 79 -4 447 5 947 6 734 -7 987 8 801 9 131 -10 274
10 1 833 2 744 3 237 4 388 -5 682 -6 819 7 369 -8 780 9 131 -10 242
10 -1 214 -2 389 -3 990 -4 418 -5 8 6 899 7 358 -8 262 -9 591 -10 12
10 -1 171 -2 85 -3 348 4 433 -5 719 6 49 7 217 8 995 -9 235 -10 277
10 -1 145 2 811 -3 560 -4 811 5 382 -6 308 -7 414 8 321 9 415 -10 789
10 -1 802 -2 369 -3 306 4 265 5 615 -6 62 7 881 8 539 -9 272 10 671
10 -1 267 -2 947 3 994 -4 679 -5 174 6 644 7 351 -8 825 -9 115 10 37
10 -1 508 -2 418 -3 479 4 778 -5 496 6 24 -7 72 8 459 9 502 10 866
10 -1 780 2 575 3 422 4 717 5 704 6 361 -7 382 -8 775 9 99 -10 664
10 -1 207 2 453 -3 208 4 576 -5 754 -6 780 -7 78 8 360 9 978 10 437
10 1 781 -2 914 -3 13 4 372 5 715 -6 903 7 551 -8 479 9 89 10 724
10 -1 445 -2 347 -3 547 4 907 -5 924 -6 134 7 824 -8 183 9 979 -10 267
10 1 116 -2 214 -3 104 4 79 5 390 -6 385 -7 835 8 393 -9 912 10 984
10 1 616 2 935 3 475 -4 260 -5 814 -6 303 7 222 8 260 -9 285 -10 117
10 -1 140 -2 369 3 268 4 534 -5 307 6 748 -7 567 8 269 9 713 10 60
10 -1 660 2 137 3 722 -4 79 5 33 -6 473 -7 78 8 778 9 574 10 394
10 1 179 2 538 -3 476 -4 594 5 41 -6 384 -7 305 -8 893 -9 466 10 687
10 1 9 -2 576 3 231 -4 713 5 683 6 589 7 593 8 81 9 809 10 686
10 1 441 -2 758 3 437 4 896 5 338 6 277 7 128 8 38 -9 233 10 738
10 -1 985 2 10 3 860 -4 772 -5 13 6 372 7 599 -8 145 -9 664 -10 593
10 1 525 2 403 3 698 4 487 -5 253 -6 416 7 395 8 218 -9 945 -10 839
10 1 680 2 253 3 372 -4 96 5 578 6 420 -7 873 8 864 9 654 -10 190
10 -1 263 2 208 -3 682 -4 123 5 817 -6 430 7 472 8 297 9 696 10 527
10 1 109 -2 754 3 750 4 881 5 171 -6 38 -7 453 8 296 -9 821 -10 131
10 -1 193 -2 819 3 114 4 725 -5 669 6 946 7 596 -8 585 9 312 10 815
10 -1 267 2 692 -3 543 -4 520 -5 482 -6 615 7 467 8 872 -9 109 10 382
10 -1 206 2 213 -3 987 -4 618 5 902 -6 916 -7 75 -8 526 9 696 -10 912
10 1 426 2 367 -3 533 -4 33 -5 538 -6 594 -7 853 -8 989 9 942 10 135
10 -1 540 -2 222 3 609 -4 251 5 774 6 289 7 734 8 239 -9 735 -10 509
10 1 598 -2 143 3 607 4 812 5 174 -6 285 7 963 -8 982 -9 168 -10 532
10 1 977 -2 528 -3 613 -4 309 5 381 -6 984 -7 533 8 870 9 921 10 361
10 -1 589 2 129 3 214 -4 472 -5 561 -6 155 7 6 -8 926 9 895 -10 278
10 1 301 2 539 -3 645 4 76 -5 265 -6 674 -7 802 8 774 -9 656 10 78
10 1 411 2 653 -3 756 -4 137 -5 422 6 823 7 93 -8 814 -9 176 -10 150
10 1 534 -2 913 3 298 4 411 5 899 -6 361 7 876 -8 110 9 868 10 742
10 -1 542 2 125 -3 638 -4 712 -5 886 6 113 7 424 -8 79 -9 161 -10 793
10 1 306 -2 377 3 214 4 676 -5 404 6 177 -7 137 -8 238 -9 472 -10 656
10 1 78 -2 345 -3 320 4 867 -5 463 -6 11 7 433 -8 260 -9 533 10 42
10 -1 724 2 258 3 371 4 595 5 738 -6 646 -7 723 8 226 -9 381 10 856
10 1 917 -2 398 -3 354 4 906 -5 900 6 492 7 696 -8 620 9 501 10 196
10 1 60 -2 940 3 636 -4 190 -5 441 -6 405 -7 334 -8 31 -9 501 -10 435
10 1 399 -2 190 -3 833 -4 361 5 324 -6 315 7 87 8 925 9 779 10 310
10 -1 518 2 545 -3 139 -4 135 -5 468 6 970 -7 380 8 337 9 335 10 54
10 1 857 2 456 -3 211 4 383 5 179 -6 833 7 905 8 385 9 520 -10 394
10 1 591 2 880 -3 699 4 897 5 754 6 649 7 371 -8 679 -9 92 10 805
10 -1 771 2 272 -3 99 4 30 5 545 -6 164 -7 888 8 968 9 830 10 626
10 -1 63 -2 424 3 955 4 896 -5 551 -6 26 -7 112 8 565 9 570 10 665
10 -1 469 2 574 -3 492 4 359 -5 52 -6 116 7 207 8 605 9 386 -10 41
10 -1 31 -2 936 -3 242 -4 541 5 5 -6 1 -7 221 8 559 -9 189 -10 202
10 1 790 -2 206 3 475 4 889 5 119 6 5 7 447 -8 836 -9 324 -10 186
10 -1 872 2 328 -3 6 -4 893 5 470 -6 886 7 437 -8 79 -9 595 10 405
10 -1 908 -2 200 3 857 -4 365 -5 469 6 546 -7 819 -8 910 -9 438 10 411
10 -1 79 2 950 -3 377 4 355 5 831 -6 839 7 171 -8 425 -9 323 -10 328
10 -1 168 -2 613 -3 488 4 594 -5 956 6 325 7 779 -8 781 -9 373 10 994
10 -1 59 2 286 3 458 4 849 5 476 6 542 -7 209 8 543 -9 769 10 112
10 -1 976 -2 782 -3 679 -4 893 5 850 -6 281 -7 293 8 808 -9 963 10 36
10 -1 912 2 239 -3 51 4 568 -5 189 -6 471 7 315 -8 812 -9 135 10 154
10 1 397 2 608 -3 561 -4 478 5 910 -6 540 7 111 8 648 -9 709 10 674
10 1 633 -2 231 3 101 -4 385 5 596 6 754 -7 203 -8 280 -9 498 10 291
10 -1 545 -2 253 3 64 4 355 5 259 -6 550 -7 212 8 983 -9 548 10 640
10 -1 660 -2 376 3 484 4 911 -5 108 -6 601 -7 444 8 563 9 826 -10 347
10 -1 848 -2 249 -3 727 -4 714 5 512 -6 14 -7 277 8 737 9 608 10 296
10 -1 86 -2 623 -3 563 -4 199 5 577 6 900 7 348 -8 866 9 516 -10 435
10 1 828 2 426 -3 863 4 741 -5 470 -6 642 7 439 -8 799 -9 709 -10 486
10 -1 605 -2 509 3 932 -4 810 5 165 -6 183 7 331 -8 875 9 206 10 866
10 -1 835 -2 918 3 65 -4 870 -5 375 6 490 7 179 8 20 -9 985 10 23
10 -1 23 -2 766 -3 788 4 822 -5 766 -6 949 7 164 -8 329 -9 392 -10 127
10 -1 67 2 378 -3 388 4 395 5 339 6 392 7 714 -8 190 9 116 -10 510
10 1 753 -2 535 -3 211 -4 779 5 648 6 789 7 115 8 15 9 394 -10 365
10 1 659 2 248 3 754 4 689 -5 870 -6 144 7 29 -8 381 9 39 -10 281
10 1 321 2 700 3 993 4 297 -5 327 6 326 -7 864 -8 490 -9 841 -10 676
10 -1 172 -2 374 -3 401 -4 673 5 622 6 774 7 830 -8 975 -9 390 10 476
10 1 960 2 534 3 826 4 405 5 956 6 377 7 231 -8 249 -9 515 -10 501
10 -1 709 -2 103 -3 231 -4 642 -5 489 6 854 7 486 8 770 9 212 -10 738
10 1 525 -2 279 3 200 4 932 5 32 6 685 -7 667 8 271 9 513 -10 758
10 -1 902 2 154 -3 795 -4 413 5 892 6 333 7 627 -8 585 -9 514 10 611
10 -1 979 2 161 -3 407 4 867 -5 645 6 103 7 644 8 237 9 813 10 452
10 1 186 -2 938 -3 631 4 919 -5 303 6 166 7 549 -8 313 9 385 10 319
10 1 130 -2 862 3 849 4 768 -5 601 -6 812 7 253 8 931 9 198 -10 118
10 -1 559 -2 52 3 274 -4 130 5 926 6 492 7 601 -8 819 -9 171 10 211
10 1 787 2 595 -3 44 4 841 5 448 6 333 -7 274 -8 868 -9 605 -10 718
10 1 338 -2 327 3 355 4 961 -5 911 6 483 -7 386 8 445 -9 487 10 4
10 1 67 -2 577 -3 65 -4 761 -5 80 -6 456 7 175 -8 433 9 132 10 445
10 -1 252 2 704 3 656 4 986 -5 503 -6 388 -7 303 8 989 -9 83 10 341
10 1 58 2 385 -3 353 4 270 5 763 -6 20 -7 805 8 695 9 302 -10 451
10 1 969 2 414 3 913 -4 74 5 693 6 550 7 287 8 355 -9 515 -10 974
10 -1 859 2 911 -3 362 4 716 -5 308 6 273 7 721 8 542 -9 707 10 319
10 1 222 2 500 3 582 -4 641 -5 922 6 933 7 137 -8 940 9 687 10 74
10 -1 993 2 208 3 649 4 798 -5 603 -6 15 7 734 8 652 -9 20 -10 253
10 -1 885 2 470 -3 955 -4 647 -5 886 6 138 -7 466 8 481 9 312 -10 549
10 1 543 2 244 3 639 4 642 5 479 -6 54 7 530 -8 261 9 3 10 794
10 1 208 -2 485 3 342 4 887 5 428 6 233 -7 265 8 466 -9 803 10 91
10 -1 301 2 459 -3 453 4 256 5 988 6 583 -7 4 -8 204 9 142 -10 688
10 1 770 2 181 -3 982 -4 852 5 664 -6 9 -7 928 -8 872 9 243 -10 129
10 1 436 2 664 -3 273 4 719 5 779 6 826 -7 969 -8 827 -9 64 -10 280
10 1 269 -2 501 -3 57 -4 822 -5 815 6 974 7 504 8 749 9 816 10 177
10 -1 5 2 118 -3 740 -4 41 5 744 -6 704 -7 989 8 833 9 530 -10 26
10 1 408 -2 471 3 195 -4 424 -5 908 -6 206 -7 697 -8 43 9 740 10 7
10 -1 488 2 559 3 525 -4 5 5 24 -6 431 7 520 -8 709 9 126 -10 380
10 -1 195 -2 72 3 641 4 208 -5 702 6 362 7 206 -8 196 9 84 -10 397
10 1 253 2 818 3 419 4 467 -5 159 -6 609 -7 241 -8 387 9 287 -10 198
10 1 489 2 988 3 99 -4 666 -5 794 6 49 -7 162 8 477 9 879 10 126
10 1 760 2 478 3 802 4 185 5 119 6 745 7 617 8 454 9 327 -10 16
10 -1 52 -2 171 -3 143 4 283 5 534 -6 342 -7 419 -8 418 9 270 10 141
10 -1 928 2 446 -3 568 4 690 5 990 -6 604 7 928 -8 365 -9 471 -10 78
10 1 182 2 998 -3 800 4 794 5 678 -6 514 -7 98 -8 198 -9 291 10 895
10 -1 338 2 53 -3 945 -4 762 5 50 -6 26 -7 330 8 189 9 347 10 911
10 -1 104 2 258 3 470 -4 425 -5 616 -6 652 7 25 8 932 9 114 -10 404
10 1 337 -2 673 -3 875 -4 362 5 354 6 38 -7 726 8 887 9 838 -10 292
10 1 264 -2 814 3 416 4 372 -5 307 6 58 -7 863 -8 73 9 287 10 798
10 -1 861 2 188 3 889 4 29 -5 35 -6 379 7 868 -8 358 9 512 10 751
10 -1 230 -2 435 3 856 -4 854 -5 961 6 86 -7 604 -8 288 9 261 10 484
10 1 344 2 980 -3 308 4 752 5 355 -6 177 -7 190 -8 982 -9 38 10 757
10 1 818 2 615 3 71 -4 967 -5 85 6 895 7 226 8 668 9 200 -10 458
10 -1 915 2 928 -3 622 -4 721 5 355 -6 613 7 92 8 479 -9 933 10 315
10 -1 360 2 571 3 267 4 28 5 312 -6 135 7 599 8 506 9 807 10 280
10 -1 424 -2 816 -3 150 4 685 -5 23 -6 132 -7 397 8 127 -9 80 10 363
10 -1 647 -2 918 -3 781 -4 231 -5 862 6 512 7 322 -8 694 9 5 10 496
10 -1 965 -2 32 3 752 -4 848 5 368 -6 600 7 603 8 884 9 252 10 477
10 -1 141 -2 323 3 6 -4 983 5 827 -6 828 7 341 -8 205 9 686 10 866
10 -1 199 2 524 3 394 -4 86 -5 146 6 116 7 381 -8 242 -9 961 10 640
10 -1 855 2 64 -3 662 -4 959 5 651 -6 83 7 593 -8 505 9 512 -10 27
10 1 865 2 267 3 91 -4 170 -5 58 -6 741 -7 652 8 170 9 783 10 503
10 -1 485 2 196 3 709 4 232 -5 460 6 35 -7 373 8 570 9 817 10 378
10 1 398 -2 585 -3 338 4 199 -5 754 -6 459 -7 486 8 572 -9 594 -10 100
10 -1 339 -2 379 -3 124 -4 763 5 990 6 209 -7 317 -8 266 9 425 -10 934
10 -1 966 -2 993 3 243 -4 859 -5 711 6 850 -7 40 8 310 -9 923 10 392
10 -1 315 -2 645 3 888 4 821 -5 323 -6 943 7 470 -8 722 -9 250 -10 423
10 -1 465 -2 327 -3 178 4 350 5 949 -6 337 7 428 -8 506 -9 322 -10 415
10 1 682 2 808 3 373 4 163 -5 576 -6 165 7 759 8 289 -9 675 10 738
10 1 51 -2 132 3 529 -4 661 -5 126 -6 444 7 496 8 891 9 904 -10 379
10 1 730 2 934 -3 302 4 798 -5 260 -6 418 -7 3 -8 757 -9 896 10 401
10 1 962 -2 931 3 794 4 405 5 213 6 179 -7 593 8 217 9 592 10 135
10 1 505 2 71 -3 112 -4 185 5 749 -6 314 -7 518 8 573 9 493 10 280
10 1 268 -2 409 -3 74 -4 951 -5 26 6 887 7 138 8 392 -9 289 -10 366
10 -1 347 -2 198 -3 976 4 88 -5 55 6 354 -7 901 -8 151 -9 332 -10 719
10 -1 749 2 485 3 367 4 570 -5 714 6 22 -7 762 8 370 -9 619 10 303
10 -1 689 2 743 3 779 -4 171 5 69 -6 726 -7 451 8 119 9 642 10 32
10 -1 546 2 779 3 415 -4 37 5 231 6 738 7 31 -8 906 9 617 10 510
10 1 23 -2 750 -3 1 4 661 5 11 6 938 -7 915 -8 403 -9 834 10 493
10 1 932 2 298 3 62 -4 785 -5 636 6 817 -7 24 -8 345 9 6 10 872
10 1 285 2 334 3 126 4 421 5 137 6 700 7 992 -8 891 9 804 -10 473
10 1 787 -2 786 -3 938 -4 241 5 259 6 703 7 420 8 601 9 330 -10 78
10 -1 422 2 1000 3 926 4 116 -5 154 -6 359 7 50 -8 447 9 723 -10 655
10 1 814 2 376 -3 978 -4 192 5 722 6 697 -7 676 -8 572 -9 993 10 547
10 -1 76 -2 626 -3 294 -4 512 5 466 6 527 7 432 -8 441 -9 530 -10 100
10 -1 458 2 279 3 127 4 610 5 741 -6 16 -7 262 8 407 -9 999 -10 851
10 -1 484 -2 264 3 721 4 128 -5 545 6 790 7 14 -8 804 -9 359 10 965
10 -1 445 -2 119 3 616 -4 592 -5 902 6 14 7 899 8 734 9 796 10 205
10 1 845 2 310 -3 960 -4 628 5 711 -6 999 7 971 -8 727 -9 919 10 929
10 1 767 -2 817 -3 9 -4 549 5 971 6 124 7 66 8 274 -9 210 -10 974
10 -1 38 -2 743 3 148 4 1 5 928 6 911 -7 591 8 418 -9 687 -10 498
10 -1 512 2 141 3 670 4 203 -5 975 -6 590 7 196 -8 397 -9 379 -10 896
10 1 832 -2 330 -3 316 4 642 5 287 -6 370 7 615 -8 296 9 458 10 487
10 -1 571 2 816 3 404 -4 814 -5 110 6 88 -7 792 -8 508 -9 48 -10 114
10 -1 862 -2 397 3 353 -4 362 5 731 6 158 -7 526 8 377 9 488 10 45
10 1 760 -2 376 -3 124 4 226 5 473 -6 878 -7 718 -8 352 9 760 -10 416
10 1 593 -2 1000 -3 393 4 906 -5 631 6 16 -7 339 -8 346 9 332 -10 629
10 1 366 -2 983 -3 821 4 777 5 674 -6 191 7 672 -8 811 9 487 -10 987
10 -1 149 2 765 3 34 -4 917 5 163 -6 380 7 710 8 186 -9 514 10 817
10 1 286 -2 241 -3 608 4 152 5 51 6 20 7 624 -8 238 -9 472 10 635
10 1 821 2 547 3 525 4 258 -5 709 -6 248 7 954 -8 225 -9 381 10 204
10 -1 633 2 122 3 206 -4 449 5 626 -6 193 7 424 8 827 -9 660 10 818
10 -1 95 -2 302 -3 532 4 858 5 863 -6 846 7 116 8 16 -9 671 10 870
10 -1 561 2 723 -3 439 4 886 -5 646 6 795 7 68 8 840 -9 301 10 14
10 1 678 -2 897 -3 337 -4 146 -5 68 6 44 7 451 8 630 -9 368 -10 320
10 1 344 -2 466 3 750 -4 981 5 672 -6 786 -7 578 -8 368 9 312 -10 747
10 1 906 2 837 3 579 -4 879 5 268 -6 668 7 600 -8 812 9 373 -10 160
10 -1 973 -2 948 -3 819 4 39 -5 188 6 434 -7 905 8 654 -9 732 -10 508
10 -1 291 2 236 3 723 4 35 5 320 -6 472 7 374 8 766 9 255 10 424
10 1 651 2 943 -3 281 -4 563 5 482 -6 110 -7 873 -8 946 9 665 10 46
10 -1 657 2 541 -3 17 4 44 -5 940 -6 464 -7 494 8 805 9 737 -10 194
10 -1 732 -2 153 -3 408 4 896 5 96 6 139 -7 519 -8 610 9 373 10 978
10 -1 795 2 323 3 103 -4 133 5 457 -6 508 -7 91 8 902 9 824 -10 693
10 1 955 2 504 3 717 4 548 5 723 6 70 -7 371 8 759 -9 439 -10 885
10 -1 343 2 756 3 914 4 107 5 641 -6 571 -7 578 -8 271 -9 896 -10 500
10 1 991 2 477 -3 998 -4 296 -5 941 -6 23 -7 872 8 252 9 797 -10 946
10 1 101 2 377 3 635 4 558 -5 305 -6 138 -7 825 8 732 -9 954 -10 372
10 1 727 -2 68 3 248 4 829 5 513 6 171 7 96 8 678 9 175 -10 420
10 -1 567 2 119 3 136 4 114 -5 472 6 746 7 107 8 987 9 689 -10 517
10 1 841 -2 858 3 801 4 312 -5 51 6 500 7 99 -8 584 9 221 10 232
10 1 37 -2 959 3 128 4 768 5 891 -6 959 7 357 -8 498 -9 17 -10 342
10 1 394 -2 708 -3 685 4 828 -5 398 -6 551 7 957 -8 276 -9 364 -10 280
10 1 14 -2 562 -3 39 -4 105 5 920 -6 381 7 145 -8 751 -9 685 10 414
10 -1 524 2 716 -3 218 -4 286 5 404 -6 572 7 953 -8 384 -9 908 -10 974
10 1 549 -2 412 -3 912 -4 533 5 668 -6 935 -7 135 -8 861 9 960 10 592
10 1 574 2 137 -3 455 -4 371 -5 353 -6 100 -7 519 8 669 9 48 10 538
10 1 591 -2 692 3 471 -4 525 5 206 -6 432 -7 141 8 742 9 444 10 455
10 -1 182 -2 511 -3 908 -4 731 -5 451 -6 3 -7 151 8 406 9 810 -10 765
10 -1 396 -2 963 -3 363 -4 455 -5 854 6 564 -7 114 -8 394 -9 849 10 338
10 -1 294 2 548 3 414 4 94 -5 160 6 355 -7 813 8 719 9 569 -10 384
10 1 516 -2 578 -3 749 -4 568 -5 620 -6 896 -7 225 -8 103 -9 449 -10 327
10 1 360 2 155 3 953 -4 550 5 356 -6 800 -7 408 8 472 -9 223 -10 264
10 -1 313 2 163 -3 693 -4 967 -5 725 6 549 7 153 8 241 9 849 -10 198
10 1 390 2 867 3 529 -4 832 -5 405 6 72 -7 707 -8 323 9 158 -10 967
10 -1 890 2 118 3 702 4 482 5 237 -6 505 -7 14 -8 215 -9 105 10 640
10 -1 555 -2 786 3 669 4 457 5 257 -6 932 -7 532 -8 611 9 499 10 570
10 -1 898 2 439 3 11 -4 858 -5 375 -6 643 7 863 8 400 9 54 -10 309
10 -1 898 -2 700 -3 619 4 337 5 220 -6 127 -7 622 -8 976 -9 966 10 403
10 1 189 2 262 -3 647 -4 695 5 900 -6 772 -7 770 -8 541 9 558 10 819
10 1 596 -2 864 3 853 4 869 -5 796 -6 208 7 766 -8 679 -9 929 -10 118
10 1 301 -2 876 -3 958 -4 489 -5 975 -6 412 -7 248 -8 504 -9 330 10 203
10 -1 30 2 865 -3 738 4 88 5 376 6 478 -7 339 -8 201 9 595 10 89
10 1 565 2 425 -3 953 -4 163 -5 290 -6 608 7 237 -8 990 -9 361 -10 695
10 1 921 2 430 -3 497 4 238 5 872 6 474 -7 6 8 591 9 618 10 678
10 -1 198 2 88 -3 380 4 302 5 384 6 227 7 190 8 723 -9 328 10 307
10 1 772 -2 601 3 503 4 498 5 487 6 637 7 709 -8 105 -9 545 10 203
10 -1 838 2 951 3 174 4 82 5 411 -6 355 -7 238 -8 824 9 496 -10 574
10 1 236 -2 222 3 745 4 31 -5 694 -6 605 -7 542 -8 716 -9 427 -10 3
10 -1 912 2 888 3 855 4 537 5 917 -6 129 -7 546 -8 195 9 188 10 162
10 -1 121 -2 664 3 168 -4 269 -5 267 -6 663 -7 914 -8 407 -9 650 -10 410
10 1 454 2 161 3 953 -4 771 5 167 6 123 -7 182 8 294 -9 825 10 109
10 1 883 -2 32 -3 961 -4 781 5 166 -6 561 7 35 -8 51 9 765 -10 859
10 1 870 2 14 3 359 -4 162 5 421 -6 765 7 578 8 767 -9 1 -10 769
10 -1 193 2 864 3 36 -4 145 5 387 -6 921 7 177 8 413 -9 339 -10 4
10 1 539 2 708 3 986 4 86 -5 883 -6 236 -7 803 -8 423 9 640 -10 925
10 -1 620 -2 355 -3 344 4 613 5 228 -6 953 7 898 8 969 9 740 -10 77
10 1 789 2 411 3 89 4 981 5 726 -6 161 -7 537 8 821 9 697 10 941
10 -1 427 -2 887 3 220 4 314 -5 703 6 186 -7 229 8 921 -9 355 10 848
10 -1 369 2 765 -3 227 -4 846 -5 237 -6 282 7 402 -8 251 9 111 -10 378
10 -1 289 -2 889 -3 220 -4 363 5 175 6 50 7 41 8 639 -9 174 -10 973
10 -1 266 2 944 -3 440 4 445 5 425 6 613 7 216 -8 173 9 691 -10 802
10 1 84 2 660 3 434 -4 789 -5 559 -6 678 -7 300 8 672 9 871 -10 170
10 1 675 2 9 3 677 4 223 -5 715 6 734 -7 174 -8 44 9 93 -10 780
10 -1 226 2 474 -3 906 -4 432 -5 224 6 752 -7 830 -8 302 -9 392 10 861
10 1 339 2 817 3 744 4 510 5 713 -6 910 -7 317 8 468 -9 720 10 917
10 1 315 2 278 -3 526 4 358 -5 874 -6 365 7 446 -8 348 -9 577 -10 86
10 1 205 2 254 3 308 4 464 5 459 -6 407 -7 621 -8 438 9 309 -10 345
10 -1 193 2 965 3 237 -4 834 -5 450 -6 498 -7 268 -8 481 -9 939 10 922
10 1 43 2 295 -3 591 -4 665 5 725 6 542 -7 252 8 694 9 333 10 84
10 -1 258 -2 444 3 990 4 591 -5 6 6 545 -7 572 -8 766 9 133 -10 131
10 -1 259 -2 381 -3 505 -4 453 -5 742 -6 838 -7 891 -8 741 -9 612 -10 93
10 -1 416 -2 478 -3 619 -4 107 5 645 -6 536 7 213 -8 504 9 926 -10 477
10 -1 220 2 372 3 655 4 770 -5 534 -6 578 7 977 -8 862 9 323 -10 788
10 -1 907 2 160 3 962 4 913 5 71 -6 774 -7 789 8 368 -9 267 10 976
10 -1 56 -2 2 3 490 4 23 -5 572 -6 607 7 229 8 671 -9 385 -10 542
10 -1 524 -2 759 3 118 -4 849 -5 476 -6 993 7 93 -8 966 9 564 10 832
10 -1 343 -2 429 3 822 4 74 5 804 -6 587 -7 801 8 525 9 985 10 199
10 1 303 -2 705 -3 939 4 764 5 279 6 102 7 870 8 667 -9 391 10 955
10 1 508 -2 641 -3 927 -4 964 -5 855 -6 744 -7 423 8 788 -9 901 10 105
10 1 742 2 838 -3 707 4 731 -5 976 6 700 7 45 8 761 9 529 10 881
10 -1 888 -2 307 3 82 4 187 5 117 -6 281 7 949 -8 181 -9 635 -10 946
10 1 700 -2 90 -3 205 -4 787 -5 497 6 359 -7 538 -8 922 -9 817 10 41
10 -1 110 2 996 -3 363 -4 644 -5 488 6 585 -7 615 8 757 -9 454 10 665
10 1 780 -2 865 -3 479 -4 258 -5 366 6 152 7 564 8 724 -9 494 10 220
10 -1 219 2 559 3 552 -4 913 5 265 -6 927 -7 313 -8 729 -9 602 -10 202
10 1 339 -2 77 3 603 4 444 -5 889 6 271 7 811 -8 922 9 754 10 211
10 -1 29 -2 822 -3 317 -4 460 -5 630 -6 966 -7 484 8 929 -9 759 -10 316
10 1 725 2 586 -3 691 -4 764 -5 248 6 178 -7 225 -8 953 -9 378 -10 771
10 -1 920 -2 431 3 895 -4 202 -5 120 6 717 7 278 -8 605 9 913 -10 188
10 -1 38 -2 193 -3 693 -4 9 -5 224 6 828 7 574 -8 960 -9 571 -10 917
10 -1 485 -2 449 -3 815 4 928 5 574 6 343 -7 697 -8 505 -9 356 10 47
10 1 956 -2 784 -3 547 4 113 5 61 -6 21 7 979 -8 134 -9 317 10 72
10 -1 47 -2 148 3 421 4 29 -5 778 -6 20 -7 742 8 571 9 491 10 94
10 -1 173 -2 209 3 292 -4 496 5 280 -6 731 7 433 8 852 -9 586 10 251
10 -1 744 -2 561 3 882 4 98 -5 653 -6 875 -7 128 8 940 9 365 10 3
10 1 932 2 78 3 232 4 57 -5 361 6 931 7 366 8 818 9 505 -10 248
10 -1 699 2 755 3 933 -4 931 5 21 -6 164 7 306 -8 156 -9 184 -10 841
10 1 610 -2 952 3 340 -4 427 5 673 6 676 -7 437 8 514 9 712 -10 535
10 1 474 -2 3 -3 989 -4 541 -5 908 6 307 7 892 8 269 9 54 10 280
10 -1 188 2 879 -3 508 -4 943 5 243 -6 110 -7 669 8 398 9 994 -10 379
10 -1 211 -2 429 -3 87 4 690 -5 485 -6 739 7 959 8 102 9 468 10 996
10 1 193 -2 454 -3 496 -4 621 5 154 -6 936 7 730 8 671 -9 755 -10 237
10 1 173 -2 414 3 499 4 719 5 97 -6 314 7 891 8 988 -9 257 10 320
10 -1 734 -2 38 -3 94 4 417 -5 999 6 343 7 546 -8 470 -9 121 10 82
10 -1 501 2 991 -3 586 -4 58 5 877 -6 573 -7 217 -8 109 -9 765 -10 817
10 -1 380 -2 444 3 791 4 648 -5 716 6 292 7 323 8 981 9 112 -10 33
10 -1 934 2 466 3 538 -4 10 5 502 -6 688 7 496 8 447 9 337 -10 711
10 1 674 2 214 -3 626 4 780 -5 55 6 755 -7 891 -8 201 -9 809 -10 917
10 1 197 2 662 -3 959 4 760 5 799 -6 834 7 977 8 38 9 645 10 548
10 -1 741 2 238 -3 246 4 518 5 676 6 363 7 163 8 329 -9 302 10 795
10 -1 965 -2 258 -3 719 4 716 -5 538 -6 747 7 685 8 980 -9 291 -10 992
10 1 321 -2 494 -3 785 -4 672 -5 184 6 616 -7 60 8 797 9 262 -10 292
10 1 728 -2 87 3 293 -4 26 5 637 -6 884 -7 646 8 884 9 572 -10 998
10 -1 280 -2 161 -3 824 4 773 5 574 6 762 -7 224 -8 207 9 760 10 462
10 -1 797 -2 323 -3 490 4 303 5 298 -6 496 7 378 -8 209 9 585 -10 558
10 1 227 -2 567 -3 213 4 759 -5 98 6 8 7 502 -8 758 -9 256 -10 760
10 1 95 2 520 -3 810 4 541 5 43 6 395 7 13 -8 732 -9 124 -10 463
10 -1 42 -2 170 -3 893 -4 677 5 203 6 106 -7 58 -8 512 9 605 -10 909
10 -1 383 -2 519 3 909 -4 932 -5 128 -6 682 -7 855 -8 364 -9 426 10 53
10 1 420 2 422 3 809 -4 367 -5 972 -6 975 -7 678 -8 848 9 12 10 718
10 1 769 -2 357 -3 576 4 885 -5 841 -6 433 -7 544 -8 512 -9 840 -10 632
10 1 120 -2 913 3 54 4 954 5 79 -6 917 -7 476 -8 755 -9 62 -10 10
10 1 458 2 126 -3 273 4 870 5 178 6 284 -7 193 -8 772 9 546 10 401
10 1 739 2 506 -3 661 -4 200 -5 232 6 556 -7 771 -8 204 9 372 -10 759
10 -1 27 -2 799 3 939 4 877 5 590 -6 549 -7 453 8 219 9 431 -10 360
10 -1 782 2 693 -3 829 -4 376 -5 816 6 927 7 909 -8 988 9 251 10 305
10 -1 925 2 572 3 393 4 20 5 58 -6 908 7 372 8 277 -9 697 -10 190
10 -1 829 2 496 -3 795 4 444 -5 477 6 216 7 992 8 30 9 374 -10 135
10 -1 494 -2 154 3 297 -4 386 -5 447 -6 681 -7 709 8 801 9 525 10 286
10 -1 11 -2 470 3 217 -4 95 5 424 6 971 7 935 8 894 9 673 10 760
10 1 603 2 90 3 178 4 596 5 966 -6 744 -7 288 -8 531 -9 133 -10 206
10 -1 209 2 931 3 549 4 853 5 244 6 148 7 815 -8 192 -9 825 10 491
10 -1 970 -2 8 3 414 -4 29 5 145 -6 62 7 287 -8 384 9 192 10 110
10 -1 622 -2 721 -3 224 4 130 -5 192 -6 328 -7 487 -8 379 9 695 10 470
10 1 297 -2 964 3 222 4 564 -5 56 6 289 7 159 -8 26 -9 493 10 326
10 1 590 -2 667 3 409 4 276 -5 748 -6 896 7 885 8 636 -9 147 10 775
10 1 437 -2 363 -3 600 4 370 5 300 6 561 7 790 -8 570 9 813 10 643
10 -1 57 2 41 -3 66 4 46 -5 75 6 425 -7 10 -8 919 9 902 -10 405
10 -1 744 2 296 -3 756 -4 846 -5 133 6 553 7 794 8 775 -9 298 10 512
10 1 705 2 301 -3 395 4 921 5 471 -6 709 7 833 8 240 -9 56 -10 426
10 1 454 2 485 3 856 -4 997 -5 300 -6 39 -7 739 8 467 -9 172 10 659
10 1 305 -2 38 -3 711 4 546 5 658 -6 515 7 132 -8 176 9 77 10 563
10 -1 177 2 828 3 739 4 38 5 254 -6 347 7 335 -8 100 -9 742 10 764
10 1 219 -2 445 -3 80 4 750 -5 969 -6 898 -7 178 8 972 -9 449 10 513
10 -1 816 2 577 3 886 4 184 5 187 -6 643 -7 217 -8 693 -9 679 -10 429
10 -1 846 2 854 -3 134 -4 814 5 629 -6 449 -7 207 8 618 -9 537 -10 32
10 -1 150 2 845 3 283 -4 624 -5 28 -6 965 -7 171 -8 761 9 114 10 499
10 1 336 2 688 -3 780 -4 286 5 203 -6 364 -7 821 -8 416 9 3 -10 63
10 -1 647 -2 388 -3 123 -4 913 -5 133 6 293 7 14 8 369 9 659 10 21
10 1 104 -2 265 -3 83 4 9 -5 177 6 507 -7 339 -8 319 -9 123 10 124
10 -1 515 2 848 3 669 4 593 5 107 6 792 -7 956 -8 532 9 558 -10 876
10 -1 181 -2 332 -3 36 4 832 5 587 6 65 -7 535 8 613 -9 956 -10 859
10 -1 661 -2 974 -3 592 4 176 5 72 6 546 7 644 8 870 -9 695 10 90
10 1 128 -2 164 -3 31 -4 1 -5 164 6 142 -7 669 8 346 9 579 -10 167
10 -1 594 -2 883 3 928 4 840 -5 476 -6 26 7 729 -8 887 9 796 10 933
10 1 234 2 578 -3 269 4 796 -5 615 -6 92 -7 134 -8 913 -9 546 -10 318
10 -1 992 2 411 -3 879 -4 738 -5 172 6 817 -7 35 -8 146 9 697 -10 124
10 -1 383 2 756 -3 99 4 550 5 277 6 936 -7 980 8 438 -9 453 10 229
10 -1 790 -2 942 3 578 4 964 5 500 6 635 -7 770 -8 2 -9 735 10 416
10 -1 281 -2 226 3 310 -4 251 5 502 6 809 -7 154 -8 746 9 771 10 710
10 1 4 2 700 -3 915 4 573 -5 330 6 21 -7 643 -8 1 9 461 10 992
10 -1 997 -2 500 -3 733 4 481 5 345 6 55 7 568 -8 780 9 373 -10 547
10 -1 361 2 578 -3 951 -4 330 -5 649 -6 844 -7 476 -8 816 9 742 -10 846
10 -1 915 2 381 -3 424 -4 618 -5 507 -6 567 7 218 -8 865 -9 523 -10 850
10 -1 53 2 239 3 793 4 232 -5 624 -6 439 7 463 -8 3 9 245 -10 151
10 -1 999 -2 360 -3 913 -4 267 5 213 6 710 7 346 8 589 -9 150 -10 317
10 1 81 2 539 3 114 -4 23 5 56 -6 919 -7 674 -8 709 9 594 -10 614
10 -1 348 2 684 -3 92 4 987 5 24 -6 259 -7 99 -8 381 9 764 10 994
10 -1 429 -2 356 -3 193 4 812 5 832 6 387 7 228 -8 460 -9 888 10 867
10 -1 290 2 339 -3 40 -4 71 5 767 6 470 7 456 -8 601 -9 922 -10 656
10 -1 10 2 905 3 62 -4 577 5 582 -6 919 -7 850 8 949 9 370 -10 568
10 -1 221 -2 678 -3 742 4 708 -5 707 -6 159 -7 193 8 314 9 286 10 825
10 1 666 -2 860 3 362 -4 356 5 491 -6 229 7 917 8 69 -9 483 10 364
10 -1 457 2 657 3 703 -4 669 -5 694 6 516 7 986 8 978 -9 298 -10 405
10 1 291 -2 897 3 860 -4 442 -5 158 6 866 7 561 -8 577 -9 514 -10 152
10 1 857 2 828 -3 702 4 854 -5 151 -6 763 7 42 8 291 -9 493 10 475
10 1 898 2 494 3 444 4 265 5 925 -6 220 -7 893 8 207 -9 353 10 944
10 -1 402 2 483 -3 227 -4 402 5 167 6 205 7 634 8 117 9 68 -10 699
10 1 1000 -2 464 -3 912 4 147 5 156 -6 68 7 296 8 110 -9 343 -10 909
10 -1 957 -2 242 3 414 -4 551 5 233 6 74 -7 149 8 414 9 773 -10 984
10 -1 471 2 659 3 921 4 296 5 869 -6 370 7 587 -8 510 9 195 -10 22
10 1 54 -2 249 -3 730 4 845 -5 937 6 253 7 637 -8 905 -9 663 -10 66
10 -1 680 2 425 3 794 4 289 -5 897 -6 26 -7 629 -8 386 9 787 -10 466
10 1 803 -2 568 -3 723 -4 91 5 84 -6 332 -7 937 -8 894 -9 545 10 168
10 -1 987 -2 76 -3 524 -4 37 -5 906 -6 28 7 566 8 21 -9 699 10 694
10 1 737 -2 866 3 824 -4 385 5 913 -6 562 7 552 8 91 9 920 -10 558
10 1 231 2 474 -3 685 -4 314 5 393 6 88 7 790 -8 986 9 533 -10 655
10 1 94 2 458 -3 493 4 126 5 729 -6 962 -7 851 8 763 -9 36 10 915
10 1 971 2 203 3 647 -4 343 5 190 6 576 7 105 -8 748 -9 486 10 160
10 -1 159 2 650 3 300 4 422 -5 634 -6 228 7 685 8 682 9 305 10 638
10 -1 706 2 691 -3 741 -4 724 5 292 6 745 -7 854 8 314 -9 576 10 280
10 1 592 2 359 3 174 4 326 -5 710 6 916 7 368 -8 745 -9 359 10 646
10 1 947 2 679 3 348 4 270 -5 103 -6 503 7 656 8 510 9 682 10 161
10 1 64 2 947 3 320 -4 772 5 541 6 3 -7 578 8 533 9 29 -10 756
10 -1 317 2 808 -3 563 -4 431 5 532 6 584 7 54 -8 649 9 829 -10 194
10 -1 483 -2 652 -3 772 -4 845 5 687 -6 871 7 396 -8 67 9 111 10 858
10 1 291 -2 654 -3 237 -4 720 -5 99 -6 545 -7 169 8 354 9 903 10 795
10 -1 77 2 149 3 140 -4 618 -5 301 6 441 7 858 -8 169 -9 332 10 964
10 1 463 2 507 -3 323 -4 931 5 381 -6 212 -7 721 -8 116 9 48 -10 31
10 -1 200 2 701 -3 906 -4 307 5 704 -6 695 7 663 8 732 9 357 10 387
10 -1 144 2 453 3 955 -4 277 5 949 -6 244 7 671 -8 34 9 68 10 222
10 -1 278 -2 292 -3 73 4 202 -5 629 -6 834 -7 908 8 923 9 754 10 71
10 -1 318 -2 670 -3 34 4 807 -5 51 6 754 7 72 -8 752 9 828 10 116
10 1 266 2 38 -3 192 -4 100 -5 98 -6 508 -7 436 8 558 9 23 -10 353
10 -1 342 2 132 -3 569 4 425 5 794 -6 538 -7 251 -8 3 -9 145 10 866
10 1 268 2 5 3 632 4 783 -5 82 -6 867 7 444 8 808 -9 950 -10 100
10 -1 573 -2 540 3 910 4 76 -5 240 6 26 7 938 8 654 9 637 -10 483
10 -1 108 -2 446 -3 532 4 388 5 419 -6 339 7 139 8 752 9 251 10 124
10 -1 223 2 351 -3 179 4 660 -5 684 -6 90 7 831 8 368 9 834 10 260
10 1 938 -2 108 -3 593 4 895 -5 936 -6 809 -7 448 -8 392 -9 995 10 678
10 -1 164 2 648 -3 783 -4 700 -5 897 -6 914 7 752 -8 717 -9 666 10 946
10 -1 697 -2 705 3 229 4 655 5 796 6 434 -7 202 8 467 9 476 10 442
10 -1 945 2 71 3 839 -4 775 -5 519 -6 310 7 70 -8 113 -9 903 -10 616
10 -1 126 2 761 3 151 -4 4 -5 77 6 177 7 923 -8 114 9 391 -10 191
10 1 30 2 869 -3 277 -4 109 -5 162 6 266 7 819 8 171 9 212 10 527
10 1 957 2 255 -3 355 4 247 5 369 -6 212 -7 881 8 184 -9 201 -10 796
10 1 952 2 560 -3 924 4 747 -5 610 -6 756 -7 911 8 17 -9 800 -10 833
10 -1 665 -2 446 3 888 4 398 -5 938 6 171 7 652 -8 536 -9 82 -10 84
10 1 471 2 201 3 715 -4 764 5 787 6 336 -7 389 8 943 -9 229 10 609
10 -1 561 -2 246 -3 85 -4 433 -5 843 6 348 -7 446 8 282 -9 380 10 954
10 -1 541 2 570 -3 725 -4 120 5 811 6 769 -7 842 -8 35 9 25 -10 387
10 1 388 -2 30 3 85 -4 637 -5 891 6 328 -7 91 8 474 9 792 10 248
10 1 189 2 548 3 688 -4 303 5 833 6 582 -7 567 -8 440 9 848 -10 348
10 -1 571 2 267 -3 379 -4 432 -5 153 6 913 -7 694 -8 176 -9 456 10 192
10 1 305 2 375 -3 116 4 262 -5 676 6 525 7 885 -8 111 -9 518 10 507
10 -1 552 2 161 -3 553 4 396 -5 608 -6 589 -7 409 -8 700 9 946 10 442
10 -1 684 -2 391 -3 187 4 208 5 173 -6 193 -7 885 8 826 -9 570 -10 580
10 -1 437 -2 911 3 448 4 101 5 291 6 911 7 775 -8 579 9 653 -10 442
10 1 143 2 529 3 23 -4 181 -5 285 6 367 -7 968 8 480 9 648 -10 826
10 -1 882 2 594 3 969 4 820 5 417 -6 296 7 515 -8 820 9 148 -10 794
10 -1 340 -2 250 -3 769 -4 248 -5 883 6 762 -7 34 -8 446 -9 852 10 617
10 -1 290 -2 43 3 854 -4 460 -5 136 6 631 -7 4 -8 299 -9 834 10 93
10 1 474 -2 793 3 393 4 329 5 637 -6 452 -7 144 -8 633 9 506 10 539
10 1 325 2 606 3 586 -4 903 5 74 6 32 7 601 8 25 -9 429 10 102
10 1 698 2 859 3 324 4 496 -5 715 -6 448 7 251 8 970 9 654 10 803
10 1 34 2 58 -3 635 -4 151 5 801 6 586 -7 421 8 623 9 60 -10 565
10 -1 225 2 104 -3 305 -4 530 -5 135 -6 497 -7 852 -8 13 9 723 -10 919
10 1 412 2 169 -3 77 -4 107 5 961 6 40 7 59 8 583 9 979 10 609
10 -1 784 -2 917 -3 564 -4 156 -5 582 -6 901 -7 522 8 305 -9 367 -10 750
10 -1 684 2 890 3 772 -4 813 5 135 6 288 -7 429 -8 883 9 397 -10 855
10 1 743 -2 521 -3 680 4 706 5 115 -6 544 7 92 8 323 -9 35 -10 965
10 -1 823 -2 726 -3 277 4 482 5 509 -6 732 -7 888 -8 854 9 79 -10 539
10 1 850 -2 456 3 969 -4 647 5 893 -6 629 -7 916 8 281 -9 751 -10 79
10 -1 662 2 598 3 217 4 783 -5 619 6 363 -7 239 -8 805 9 741 10 938
10 1 264 -2 49 3 400 -4 51 -5 229 6 533 -7 192 8 59 -9 166 10 827
10 1 826 2 383 3 440 -4 449 5 658 6 610 -7 708 -8 582 9 960 -10 181
10 -1 375 2 730 -3 66 4 662 -5 698 6 185 7 900 8 614 -9 16 -10 306
10 1 380 -2 684 -3 591 -4 912 5 93 -6 298 7 885 8 475 9 379 -10 973
10 1 899 2 978 -3 303 4 788 -5 638 6 623 -7 88 8 301 -9 435 10 24
10 1 849 -2 656 3 710 -4 13 -5 42 6 70 -7 468 -8 781 9 261 -10 865
10 -1 71 -2 232 3 435 4 711 -5 112 6 887 -7 854 -8 282 9 598 -10 494
10 -1 608 2 851 -3 649 4 747 5 931 -6 358 -7 690 8 303 9 801 10 276
10 1 558 2 856 -3 618 4 371 5 5 -6 704 -7 876 8 114 9 872 -10 475
10 1 899 2 404 -3 908 -4 286 5 698 -6 564 7 91 -8 609 9 593 10 982
10 -1 200 2 8 -3 561 -4 660 5 648 6 188 -7 835 -8 211 9 345 -10 916
10 1 759 -2 782 -3 747 -4 781 5 214 -6 473 7 660 8 818 -9 103 -10 684
10 1 395 2 925 3 162 4 682 -5 375 -6 95 7 650 8 746 -9 574 10 249
10 -1 722 2 361 -3 425 -4 738 5 571 6 172 -7 431 8 6 9 441 -10 950
10 1 77 2 874 3 684 -4 962 -5 301 6 758 -7 119 8 691 9 178 10 980
10 1 923 2 776 -3 513 -4 369 5 10 6 853 -7 901 -8 454 -9 749 10 231
10 -1 254 2 771 3 414 4 718 -5 365 -6 148 -7 865 8 365 -9 516 10 868
10 -1 561 2 533 3 244 4 158 5 322 6 678 -7 686 -8 958 -9 711 10 641
10 -1 285 2 538 -3 446 4 59 -5 848 -6 23 7 768 8 380 -9 398 10 668
10 -1 624 2 669 3 89 -4 226 -5 537 6 430 7 738 -8 804 9 477 -10 17
10 1 535 -2 572 -3 401 4 710 5 847 -6 565 -7 847 -8 413 -9 629 10 185
10 -1 676 -2 227 -3 486 -4 652 5 493 -6 60 -7 920 -8 702 9 96 -10 155
10 -1 178 -2 840 -3 777 -4 321 -5 152 6 18 -7 258 8 539 9 896 10 708
10 -1 196 2 998 3 344 4 505 -5 557 -6 797 7 411 8 123 9 958 -10 285
10 -1 692 -2 34 3 472 -4 406 5 838 6 976 -7 303 8 197 9 728 -10 174
10 1 125 -2 381 -3 918 -4 904 -5 111 -6 299 -7 68 -8 410 -9 999 -10 380
10 -1 18 2 913 3 736 -4 759 -5 171 -6 420 -7 269 8 32 9 78 -10 210
10 -1 456 -2 434 -3 266 -4 251 -5 996 6 198 7 711 8 374 9 940 10 190
10 1 703 2 570 3 949 4 935 5 890 -6 79 -7 792 -8 979 -9 267 -10 837
10 -1 222 2 24 3 393 4 217 5 845 6 914 -7 140 8 99 -9 168 -10 375
10 1 985 -2 685 3 372 -4 708 5 447 -6 430 -7 37 -8 917 -9 429 -10 644
10 -1 75 -2 784 -3 2 -4 986 5 303 -6 710 -7 707 8 597 9 873 -10 243
10 -1 775 -2 176 3 489 -4 650 5 580 6 932 -7 937 -8 653 -9 433 -10 88
10 1 146 2 306 -3 682 4 89 5 258 6 929 -7 40 8 298 9 921 -10 839
10 -1 196 -2 720 -3 838 -4 622 5 914 6 890 -7 840 8 163 -9 487 -10 335
10 1 932 -2 176 3 685 -4 119 5 27 -6 806 7 214 8 335 9 147 10 520
10 1 458 -2 815 3 825 -4 538 5 706 6 920 7 296 8 147 9 95 -10 458
10 -1 750 2 452 -3 7 -4 890 -5 217 6 189 -7 851 8 567 -9 246 -10 226
10 -1 8 2 382 -3 521 4 420 5 149 -6 776 -7 385 8 996 9 828 10 960
10 1 31 2 891 -3 632 -4 332 -5 632 -6 26 -7 827 -8 800 9 548 -10 335
10 1 602 -2 879 3 736 4 870 -5 597 -6 944 7 911 -8 988 9 8 10 48
10 1 457 -2 725 -3 779 4 64 -5 803 6 53 7 351 -8 870 -9 471 -10 193
10 -1 540 -2 672 -3 558 4 876 -5 682 6 421 7 402 8 425 9 646 -10 363
10 -1 790 -2 34 -3 326 4 992 -5 168 6 400 7 840 8 878 -9 982 -10 846
10 1 197 2 741 -3 86 -4 552 5 174 -6 818 7 956 -8 816 9 641 10 306
10 -1 494 2 114 -3 995 4 394 -5 913 6 43 -7 59 8 568 -9 96 10 220
10 -1 63 2 110 -3 241 -4 409 -5 26 -6 984 7 634 8 942 -9 628 -10 952
10 1 379 2 116 -3 433 -4 234 -5 700 -6 499 -7 78 8 750 9 170 10 811
10 1 575 -2 644 3 282 4 486 5 265 6 307 7 230 -8 281 9 866 -10 991
10 1 38 -2 316 -3 654 -4 492 5 625 6 106 -7 356 -8 759 -9 19 10 817
10 1 685 -2 736 3 641 4 20 5 394 -6 451 7 282 8 913 9 158 -10 105
10 -1 299 -2 675 3 998 4 142 -5 111 -6 140 7 240 -8 362 -9 407 -10 647
10 -1 591 -2 685 -3 723 4 932 -5 317 -6 135 7 345 8 457 -9 203 -10 544
10 1 166 -2 633 3 455 -4 315 -5 12 -6 702 -7 798 -8 402 -9 915 10 89
10 1 10 2 120 3 851 4 526 5 655 6 770 7 566 8 556 -9 919 10 308
10 1 978 2 815 3 328 4 638 5 133 -6 973 -7 166 8 543 -9 113 -10 86
10 -1 152 2 144 -3 449 -4 454 -5 252 -6 455 7 181 -8 30 9 139 -10 604
10 -1 655 2 726 3 19 4 961 5 788 -6 375 7 653 -8 653 -9 462 10 435
10 -1 759 -2 505 -3 612 -4 763 -5 163 -6 531 7 437 -8 68 -9 197 10 826
10 1 773 -2 56 -3 656 -4 246 -5 111 6 66 7 129 8 422 -9 761 -10 466
10 1 542 2 469 3 842 4 968 -5 59 6 40 -7 372 -8 762 9 678 -10 951
10 -1 94 -2 983 -3 82 4 749 -5 404 -6 600 -7 298 -8 831 -9 691 10 938
10 -1 176 -2 433 3 414 -4 778 5 696 -6 402 7 407 -8 184 9 157 10 712
10 -1 97 -2 651 3 393 -4 359 -5 340 -6 409 -7 963 8 97 9 337 -10 44
10 -1 902 2 207 3 161 -4 822 -5 734 6 628 7 832 8 444 -9 359 -10 910
10 1 945 -2 95 -3 821 4 938 -5 139 -6 613 7 337 -8 72 -9 230 -10 66
10 1 926 2 982 3 67 -4 757 -5 901 -6 795 7 87 -8 170 -9 10 -10 693
10 -1 941 2 476 -3 839 -4 379 5 738 6 45 7 846 8 571 9 22 10 394
10 -1 256 -2 809 3 947 -4 612 -5 80 6 566 7 681 8 780 9 56 -10 862
10 -1 401 2 713 3 600 -4 502 -5 69 6 522 -7 800 -8 212 -9 267 -10 894
10 1 785 -2 597 3 669 4 141 -5 849 6 37 7 65 -8 871 -9 839 10 160
10 -1 77 2 471 -3 1 -4 294 5 947 6 666 7 163 -8 597 9 264 -10 42
10 1 179 -2 156 -3 278 4 362 -5 254 -6 467 -7 80 -8 210 -9 174 -10 158
10 1 777 -2 679 -3 591 4 925 -5 872 6 862 7 102 -8 656 9 692 10 883
10 -1 622 2 339 3 576 4 818 5 83 6 607 7 970 8 334 -9 807 -10 513
10 -1 248 2 528 3 264 -4 730 5 445 6 526 7 857 8 221 9 132 -10 756
10 -1 195 2 598 3 393 4 443 -5 657 -6 94 7 28 -8 677 9 426 -10 980
10 -1 241 2 872 -3 339 4 411 -5 388 6 133 -7 118 8 676 -9 235 10 472
10 -1 328 -2 260 -3 902 -4 117 5 718 6 319 7 85 -8 817 -9 904 10 506
10 1 128 2 923 3 618 4 2 -5 809 -6 627 7 111 -8 681 -9 250 10 775
10 1 357 2 881 -3 699 -4 254 -5 227 6 602 -7 280 8 287 9 150 -10 256
10 -1 432 2 396 3 395 4 508 -5 544 -6 608 7 672 8 323 -9 578 10 390
10 -1 786 2 120 3 837 -4 319 5 908 6 873 -7 295 -8 448 9 337 -10 812
10 -1 899 2 723 3 857 -4 68 -5 614 6 2 7 343 -8 883 -9 477 10 81
10 1 723 -2 772 3 114 4 706 -5 246 6 21 7 355 8 121 9 322 -10 733
10 1 699 -2 3 3 781 -4 947 5 690 -6 609 -7 753 8 123 9 667 10 582
10 -1 985 2 969 3 422 -4 476 -5 966 -6 24 -7 261 8 366 -9 108 -10 780
10 1 971 -2 520 3 160 -4 9 -5 791 6 711 7 898 -8 372 -9 582 10 861
10 -1 589 -2 354 -3 533 4 387 -5 144 6 288 7 177 8 248 -9 988 -10 263
10 1 46 2 157 3 64 4 976 -5 359 6 912 7 479 8 181 9 315 10 581
10 1 915 -2 862 3 682 4 269 5 193 6 822 7 961 -8 326 9 641 -10 671
10 -1 345 -2 611 3 581 4 288 -5 684 -6 144 -7 559 8 516 9 641 -10 891
10 -1 314 2 254 -3 946 4 226 -5 150 6 584 7 603 -8 809 9 234 10 853
10 1 451 -2 633 -3 501 -4 855 5 732 6 43 7 970 8 957 9 326 10 8
10 -1 771 -2 919 -3 421 -4 246 5 654 -6 756 -7 500 -8 577 9 843 10 992
10 1 418 2 547 -3 58 4 990 -5 601 6 92 -7 541 8 971 -9 817 -10 38
10 1 636 -2 643 -3 981 -4 57 5 653 6 220 7 359 8 411 9 393 10 40
10 1 790 2 547 3 131 -4 952 5 299 -6 574 7 108 8 929 9 318 -10 52
10 1 83 2 331 -3 176 -4 31 5 506 -6 56 7 86 8 315 9 852 10 804
10 1 775 -2 505 3 484 4 747 5 791 -6 466 -7 909 -8 919 -9 984 -10 280
10 1 915 -2 747 3 580 4 205 5 491 6 82 -7 975 8 325 -9 27 10 393
10 -1 326 2 302 3 901 4 315 5 885 6 766 -7 219 8 161 9 935 10 96
10 -1 626 -2 174 -3 555 -4 259 5 501 6 897 7 200 8 16 9 325 10 8
10 -1 383 2 916 3 649 4 206 -5 281 6 969 -7 470 -8 629 -9 34 -10 415
10 -1 951 -2 512 3 175 4 470 5 305 6 858 7 247 8 166 -9 304 -10 219
10 1 912 -2 591 -3 286 -4 58 -5 459 6 133 7 664 -8 504 9 620 10 141
10 1 133 2 721 -3 297 -4 339 -5 653 6 515 7 375 8 273 -9 5 10 717
10 1 408 -2 539 3 360 4 901 5 47 -6 611 7 411 -8 422 9 35 -10 711
10 -1 754 2 785 -3 696 4 941 -5 465 6 837 7 490 -8 566 -9 531 10 291
10 1 257 -2 929 -3 703 -4 327 -5 218 -6 153 7 546 -8 402 -9 144 -10 457
10 -1 428 -2 848 -3 697 4 126 5 789 -6 556 -7 526 8 52 -9 249 -10 921
10 -1 549 -2 677 3 414 -4 943 5 148 6 494 7 770 -8 139 9 817 -10 641
10 1 970 -2 220 3 259 -4 192 -5 391 -6 655 7 642 8 716 -9 305 10 712
10 1 752 -2 729 -3 742 -4 451 -5 331 6 779 -7 687 8 912 9 282 -10 308
10 -1 518 -2 896 3 734 -4 814 -5 779 6 226 7 416 -8 129 9 663 10 361
10 -1 292 -2 360 3 795 4 881 -5 204 6 51 7 841 8 630 -9 689 10 766
10 -1 216 -2 702 -3 202 -4 142 5 978 6 152 7 432 -8 549 9 206 10 844
10 1 293 2 189 -3 845 -4 995 -5 785 -6 25 -7 948 8 840 -9 198 10 700
10 1 806 -2 506 -3 825 4 567 -5 941 -6 58 7 272 8 862 9 705 -10 427
10 1 203 -2 673 -3 354 -4 282 -5 728 -6 605 7 207 -8 491 9 107 -10 648
10 -1 507 -2 929 3 566 -4 631 -5 13 -6 76 -7 591 -8 311 -9 457 -10 901
10 1 638 -2 839 -3 771 -4 679 -5 329 6 591 -7 743 8 216 -9 160 -10 376
10 -1 49 2 677 3 485 4 324 5 662 6 200 7 883 -8 122 -9 319 10 625
10 1 162 -2 604 3 920 -4 746 5 181 6 979 7 706 -8 994 -9 279 10 157
10 1 409 -2 112 -3 471 4 327 -5 636 6 498 7 725 8 33 -9 422 -10 547
10 1 963 -2 730 -3 106 -4 81 -5 717 6 962 7 296 8 591 -9 63 -10 800
10 1 827 2 432 3 526 -4 49 5 260 6 435 7 740 8 814 9 831 -10 175
10 -1 44 2 775 3 328 4 556 -5 617 6 47 -7 227 -8 113 -9 690 10 332
10 1 301 2 309 3 433 4 500 5 131 6 825 7 387 -8 639 9 828 10 742
10 1 148 -2 198 -3 492 4 221 -5 22 -6 239 7 87 8 61 9 40 10 488
10 -1 966 2 60 -3 912 4 738 -5 249 6 827 7 512 8 61 9 324 -10 882
10 -1 777 2 144 3 448 4 273 -5 359 -6 993 -7 690 8 795 9 282 10 697
10 1 833 2 57 -3 536 -4 751 5 434 -6 952 -7 117 8 787 9 324 10 154
10 -1 6 -2 891 3 293 -4 116 -5 48 -6 762 -7 293 -8 957 -9 567 10 983
10 -1 311 -2 964 -3 647 4 445 -5 255 -6 913 -7 544 -8 772 -9 168 -10 534
10 -1 941 -2 751 3 499 -4 295 -5 485 -6 344 7 50 8 640 9 987 -10 555
10 1 769 -2 46 -3 777 -4 375 -5 940 -6 153 -7 109 8 186 -9 256 -10 660
10 -1 560 -2 827 3 546 -4 833 5 703 -6 400 -7 98 8 499 -9 946 -10 980
10 -1 234 -2 85 -3 507 4 158 -5 765 -6 989 7 214 8 260 9 707 -10 331
10 -1 85 2 704 -3 62 -4 705 5 333 6 657 7 352 -8 100 9 539 -10 844
10 -1 181 -2 687 3 852 -4 843 5 777 -6 608 7 30 -8 764 -9 225 -10 78
10 1 903 -2 668 -3 228 -4 238 -5 157 -6 158 7 260 -8 447 9 876 10 200
10 1 791 2 666 -3 188 4 916 5 639 -6 186 -7 95 -8 591 9 77 10 736
10 1 830 -2 279 -3 410 4 544 5 239 6 670 7 375 8 155 -9 445 -10 895
10 1 55 -2 379 -3 411 -4 570 5 22 6 956 7 162 8 69 9 189 10 114
10 -1 698 -2 645 3 358 4 288 5 881 6 761 7 634 -8 42 9 538 10 154
10 1 917 -2 674 -3 406 -4 850 -5 542 -6 550 7 670 8 425 -9 948 10 819
10 1 391 2 15 -3 566 4 214 -5 648 6 917 -7 461 8 632 9 536 -10 142
10 -1 402 -2 851 -3 647 -4 900 -5 927 6 717 7 795 8 916 9 392 10 689
10 -1 556 2 677 3 562 4 751 -5 905 -6 734 7 49 8 310 -9 544 10 914
10 1 201 2 429 3 568 -4 92 5 39 -6 89 -7 228 8 419 9 501 10 474
10 1 964 -2 706 -3 902 4 692 -5 394 -6 200 -7 797 8 952 -9 748 10 742
10 1 726 -2 791 -3 683 4 15 -5 746 -6 579 -7 109 8 422 9 406 10 866
10 1 576 -2 418 3 594 -4 369 -5 411 6 903 7 588 8 889 9 776 -10 745
10 1 744 2 27 -3 80 -4 975 5 859 6 342 -7 84 8 353 -9 728 10 163
10 -1 825 -2 303 3 587 -4 102 5 711 -6 602 -7 345 -8 451 9 571 -10 713
10 -1 533 -2 15 3 963 4 941 5 406 -6 234 7 168 -8 499 9 448 10 703
10 1 769 2 906 3 814 4 928 5 340 -6 834 -7 890 8 446 -9 572 10 10
10 -1 585 -2 356 -3 88 -4 985 -5 440 -6 830 7 861 8 3 -9 700 -10 332
10 1 717 -2 385 -3 418 4 361 5 880 6 24 -7 905 8 962 -9 812 10 664
10 -1 195 -2 898 3 842 4 315 5 267 -6 629 -7 60 8 604 -9 972 -10 721
10 -1 687 2 164 3 333 4 208 5 148 -6 39 -7 689 -8 320 9 642 10 729
10 -1 281 -2 193 -3 813 -4 19 -5 394 6 653 -7 239 8 247 -9 141 -10 194
10 1 393 -2 903 -3 23 -4 443 -5 41 6 968 -7 573 -8 562 9 620 -10 490
10 1 670 -2 676 -3 99 4 831 5 989 6 834 7 646 -8 676 9 667 -10 311
10 -1 669 -2 215 3 942 4 347 5 534 -6 877 -7 732 -8 806 9 519 10 111
10 -1 333 -2 821 -3 948 4 151 5 807 6 421 -7 601 8 657 9 454 10 248
10 1 742 -2 951 3 361 -4 69 5 768 6 653 7 713 8 474 -9 816 -10 963
10 1 209 2 217 3 686 -4 448 5 133 -6 215 -7 464 8 508 9 300 10 181
10 1 5 2 343 3 224 4 239 5 832 6 89 -7 95 -8 941 9 153 10 789
10 1 914 -2 64 3 566 4 700 5 487 -6 576 -7 862 8 692 9 859 10 985
10 -1 43 -2 469 -3 883 -4 55 -5 246 6 746 7 968 8 676 -9 396 -10 45
10 1 986 2 348 -3 619 4 714 5 913 6 400 -7 645 8 829 9 473 -10 373
10 1 998 -2 662 3 192 -4 990 -5 874 -6 862 -7 290 8 242 -9 901 -10 164
10 -1 556 2 526 -3 691 -4 613 -5 391 6 482 7 935 -8 23 -9 717 -10 704
10 1 970 -2 170 3 855 -4 232 5 456 -6 438 7 744 8 949 9 350 10 74
10 -1 322 2 937 3 279 4 674 -5 19 6 724 -7 187 -8 311 9 804 10 911
10 1 353 2 229 3 57 4 185 5 223 -6 661 7 732 8 525 9 208 -10 16
10 1 352 -2 275 -3 306 4 872 -5 225 -6 568 -7 495 8 385 9 919 -10 290
10 1 895 2 584 3 654 -4 959 5 225 -6 265 7 790 -8 247 -9 600 10 498
10 1 149 -2 680 -3 447 -4 86 -5 818 -6 405 7 456 -8 926 -9 813 10 301
10 -1 658 2 965 3 653 4 809 5 908 -6 732 -7 601 8 458 9 597 10 343
10 1 664 2 291 3 285 4 318 -5 406 -6 465 7 871 8 155 9 148 -10 382
10 -1 253 -2 809 3 813 4 951 -5 221 6 908 7 274 8 702 9 526 -10 738
10 1 195 2 479 3 980 -4 542 -5 533 6 192 -7 317 8 924 9 667 -10 614
10 1 625 2 79 -3 59 4 846 -5 82 -6 138 7 755 8 727 -9 800 -10 295
10 -1 822 -2 509 -3 19 4 587 5 721 6 368 7 88 -8 635 9 485 -10 40
10 -1 278 2 184 3 993 4 21 -5 423 6 924 7 358 8 869 -9 581 10 820
10 -1 283 -2 607 3 841 4 155 -5 249 -6 727 7 348 -8 485 -9 204 10 217
10 1 514 -2 717 -3 243 -4 695 -5 294 6 424 -7 412 -8 795 9 723 10 803
10 1 845 -2 295 3 27 4 159 -5 528 -6 280 7 516 8 344 -9 615 -10 912
10 -1 208 -2 955 3 555 4 467 5 260 -6 420 7 749 -8 419 9 250 -10 459
10 -1 745 2 786 3 744 -4 868 5 875 -6 920 7 327 8 747 9 471 -10 189
10 1 657 -2 646 3 154 -4 644 -5 717 -6 918 7 82 8 990 -9 687 -10 668
10 1 186 2 982 3 584 -4 409 5 938 -6 980 -7 44 8 51 9 623 -10 642
10 -1 319 2 334 -3 459 -4 752 5 333 -6 563 7 246 -8 457 -9 141 10 214
10 -1 910 -2 390 -3 859 4 897 5 739 6 153 7 436 -8 391 -9 250 10 661
10 1 330 2 461 -3 735 -4 232 5 301 6 972 -7 749 8 982 -9 626 10 113
10 1 200 -2 522 3 228 -4 612 -5 571 6 78 7 191 8 422 -9 146 -10 731
10 -1 494 -2 914 3 3 -4 441 -5 203 6 294 7 480 -8 575 -9 700 -10 608
10 -1 845 2 118 -3 674 4 298 5 670 6 852 7 431 -8 496 9 415 10 354
10 -1 67 2 745 3 925 4 738 5 605 6 498 -7 401 8 341 -9 669 10 969
10 -1 216 -2 811 3 569 -4 874 -5 892 -6 930 7 210 -8 359 -9 282 10 84
10 1 658 2 33 -3 490 -4 136 -5 522 -6 151 -7 938 8 941 9 739 -10 727
10 1 509 -2 467 -3 478 4 294 -5 866 6 25 -7 468 8 632 9 98 -10 471
10 -1 37 -2 862 3 773 -4 101 -5 512 -6 417 -7 359 -8 811 9 479 10 570
10 -1 156 2 626 -3 133 -4 924 5 400 -6 278 -7 537 8 879 -9 323 10 703
10 1 771 -2 766 -3 774 -4 503 5 887 6 720 7 97 -8 172 -9 741 -10 293
10 1 155 -2 283 3 925 4 530 5 333 -6 892 7 829 8 622 -9 907 10 329
10 -1 212 2 247 -3 400 4 787 -5 791 -6 637 -7 328 -8 261 -9 481 10 983
10 1 923 2 943 -3 233 -4 438 5 160 6 357 -7 629 -8 360 -9 112 10 983
10 -1 981 2 345 -3 406 -4 362 5 183 6 418 7 395 8 625 9 352 -10 473
10 -1 905 -2 83 -3 711 -4 404 5 356 -6 615 7 890 8 482 9 130 -10 889
10 -1 929 2 9 3 751 -4 61 5 433 6 159 -7 272 8 734 -9 280 -10 298
10 1 284 -2 777 3 652 4 403 -5 952 6 414 7 62 8 178 9 551 -10 756
10 -1 998 2 82 3 113 4 846 5 151 6 102 -7 791 8 32 9 502 10 164
10 -1 869 2 150 -3 56 4 123 5 250 6 414 -7 37 -8 782 -9 462 -10 399
10 -1 478 2 390 -3 36 4 728 -5 776 -6 804 -7 810 -8 831 9 471 -10 522
10 1 957 -2 274 -3 230 4 663 -5 124 -6 516 7 711 -8 783 9 615 -10 326
10 -1 716 2 607 -3 735 4 388 -5 335 6 595 7 595 8 186 9 688 10 985
10 -1 393 -2 397 -3 645 -4 346 -5 382 -6 915 7 169 -8 647 -9 646 -10 832
10 1 682 -2 788 3 68 -4 479 5 315 -6 803 7 751 -8 387 9 621 10 165
10 -1 382 -2 790 -3 343 -4 304 5 197 -6 839 -7 198 8 173 9 960 -10 329
10 1 796 -2 983 -3 87 4 177 -5 685 -6 928 -7 870 8 348 -9 940 10 906
10 1 107 -2 703 -3 434 4 858 5 88 6 603 7 220 8 734 9 64 -10 592
10 1 137 -2 512 -3 547 -4 679 5 654 6 535 7 226 -8 933 -9 704 -10 374
10 -1 989 2 906 -3 782 4 279 5 41 6 189 -7 423 -8 701 -9 89 -10 767
10 1 827 2 27 3 970 4 588 5 165 -6 882 -7 192 -8 799 9 111 10 667
10 -1 932 2 252 3 218 4 385 -5 543 6 126 7 358 -8 529 9 399 10 93
10 1 402 -2 552 3 459 4 421 -5 972 6 812 7 507 -8 216 -9 429 -10 695
10 -1 58 -2 876 3 193 -4 345 -5 713 -6 739 7 848 8 247 -9 922 10 571
10 1 33 -2 402 3 156 -4 102 -5 726 6 883 -7 809 -8 400 9 111 -10 598
10 -1 840 -2 753 -3 841 4 823 -5 924 -6 271 -7 840 -8 137 9 513 10 63
10 -1 216 -2 535 -3 795 -4 263 -5 348 6 44 -7 932 -8 812 -9 230 10 162
10 1 135 2 87 3 670 4 121 -5 977 -6 112 7 727 8 418 -9 148 10 117
10 1 33 -2 283 3 477 -4 292 -5 691 -6 233 7 592 -8 413 -9 274 10 755
10 1 877 2 204 -3 622 -4 363 -5 105 -6 451 7 255 8 568 -9 134 10 332
10 1 588 -2 216 -3 202 -4 958 5 968 -6 480 -7 235 8 573 9 83 10 436
10 1 81 -2 953 3 587 -4 174 -5 235 6 887 7 1 -8 857 -9 373 -10 454
10 1 982 -2 423 -3 17 -4 927 5 731 6 747 7 913 8 465 -9 91 -10 450
10 -1 902 -2 283 3 265 -4 898 5 222 -6 358 -7 380 8 9 -9 240 -10 786
10 1 453 2 342 -3 371 -4 320 5 665 -6 928 7 952 8 486 -9 524 -10 359
10 -1 988 2 507 -3 537 4 457 5 403 6 795 -7 269 -8 977 -9 813 -10 754
10 -1 822 -2 783 -3 364 4 213 5 85 -6 767 -7 4 -8 171 -9 750 -10 976
10 -1 175 2 967 3 773 4 740 5 460 6 918 -7 514 8 735 9 762 -10 681
10 1 652 2 602 -3 728 -4 918 5 756 -6 959 -7 172 -8 437 9 80 -10 549
10 1 73 2 908 3 593 4 775 5 282 -6 498 7 770 -8 597 -9 198 -10 313
10 1 535 2 847 -3 262 4 164 5 859 6 942 7 701 8 266 9 977 10 963
10 -1 938 -2 126 3 585 4 565 -5 851 6 934 7 499 -8 25 9 454 -10 250
10 -1 664 2 333 -3 91 4 788 5 421 6 910 7 814 -8 182 -9 700 10 473
10 -1 597 -2 630 3 885 -4 307 5 981 -6 771 -7 103 8 323 -9 416 10 266
10 1 273 -2 681 3 767 -4 31 -5 231 6 805 7 414 8 166 9 680 -10 635
10 -1 369 -2 118 3 375 4 936 -5 814 6 98 7 808 -8 369 -9 214 10 661
10 -1 605 -2 466 -3 462 -4 912 -5 456 6 337 7 747 -8 414 9 416 10 512
10 1 41 -2 887 -3 116 4 794 -5 763 6 654 7 6 8 346 9 637 10 836
10 -1 775 -2 449 -3 931 -4 44 -5 116 -6 471 -7 702 -8 233 -9 762 -10 112
10 -1 88 -2 346 3 789 4 587 -5 205 -6 20 -7 37 -8 262 -9 206 -10 295
10 1 245 2 581 -3 505 4 462 -5 522 6 820 7 586 -8 824 9 28 10 239
10 -1 502 2 79 -3 17 -4 48 -5 637 -6 102 -7 490 -8 995 -9 504 10 997
10 -1 796 -2 502 3 496 4 753 -5 316 -6 299 7 586 8 736 -9 918 10 385
10 -1 394 -2 222 3 570 4 919 5 557 6 92 -7 394 8 892 9 19 -10 714
10 -1 685 2 872 3 44 -4 615 -5 376 6 903 7 44 -8 966 9 892 10 359
10 -1 460 2 707 -3 115 4 521 -5 303 6 184 -7 626 8 167 9 682 10 885
10 1 916 2 456 -3 380 -4 193 -5 592 -6 737 -7 997 -8 289 9 787 -10 568
10 1 526 -2 923 -3 29 -4 290 5 287 -6 913 -7 370 -8 929 -9 192 -10 767
10 -1 347 -2 564 3 697 4 507 -5 623 -6 996 7 330 8 490 -9 967 10 224
10 1 812 -2 629 3 838 4 977 5 752 -6 292 -7 967 -8 188 9 8 10 841
10 1 616 2 551 -3 854 4 70 -5 55 6 200 7 787 -8 783 -9 391 -10 289
10 -1 277 -2 456 3 149 4 937 -5 591 -6 841 -7 381 8 78 9 695 -10 935
10 -1 862 -2 553 3 403 4 493 5 174 -6 843 -7 769 8 176 -9 459 -10 134
10 1 712 -2 679 -3 530 4 886 -5 859 6 327 -7 925 8 835 -9 561 -10 943
10 1 486 -2 515 -3 9 -4 338 5 482 -6 262 -7 455 8 755 9 761 10 838
10 -1 661 2 666 3 413 4 595 5 483 6 495 -7 279 8 472 9 753 10 24
10 -1 957 -2 206 -3 160 4 320 -5 582 -6 87 7 807 8 891 -9 272 10 127
10 1 920 2 722 3 993 4 497 -5 157 -6 543 -7 203 8 788 9 445 10 482
10 1 830 -2 193 3 931 -4 631 -5 974 6 616 7 857 8 29 9 763 -10 97
10 -1 894 2 328 -3 962 -4 643 -5 511 -6 779 7 406 8 874 9 372 -10 927
10 1 718 -2 91 3 714 -4 491 5 2 6 999 7 818 -8 807 -9 255 -10 764
10 -1 685 -2 315 3 200 4 662 5 277 6 223 7 167 8 67 -9 955 10 803
10 1 73 2 21 3 148 -4 382 -5 786 -6 884 -7 660 8 518 -9 228 10 516
10 -1 226 -2 135 -3 212 -4 359 -5 286 6 79 7 856 8 91 -9 539 10 125
10 1 290 -2 118 3 990 -4 394 -5 665 6 189 7 306 8 750 -9 117 -10 964
10 -1 482 -2 234 3 978 -4 645 -5 478 6 640 -7 872 -8 835 9 396 -10 133
10 -1 145 -2 961 -3 962 4 769 5 616 -6 935 7 253 -8 75 9 765 -10 384
10 1 525 2 436 -3 947 4 78 5 400 -6 44 -7 271 8 516 9 722 10 284
10 -1 501 -2 828 3 141 -4 658 5 743 6 565 -7 152 8 154 -9 203 -10 24
10 -1 875 -2 131 3 2 4 486 5 222 6 232 -7 51 8 310 9 302 10 700
10 1 703 2 667 -3 297 4 959 -5 338 -6 52 7 768 -8 89 9 122 -10 555
10 1 108 -2 1000 3 56 4 691 -5 958 -6 649 -7 431 -8 868 -9 948 10 135
10 -1 120 2 239 3 86 4 4 5 565 -6 743 7 384 -8 732 -9 241 -10 365
10 1 989 -2 303 3 686 4 357 5 249 6 84 7 394 -8 461 9 707 -10 338
10 1 484 -2 604 -3 447 -4 770 -5 592 6 235 7 103 -8 611 -9 226 -10 788
10 1 485 -2 973 -3 45 -4 766 5 251 6 116 7 801 -8 921 9 838 -10 989
10 -1 41 -2 555 -3 120 4 183 5 897 -6 395 7 480 8 386 -9 157 10 605
10 1 28 -2 696 3 308 4 746 5 401 6 648 7 927 8 594 9 322 -10 942
10 -1 401 2 350 -3 542 4 134 -5 447 -6 728 -7 700 8 253 9 571 10 966
10 -1 754 2 148 -3 296 4 847 5 230 -6 776 -7 910 -8 209 9 29 -10 476
10 -1 1 2 659 3 392 4 883 5 888 6 548 -7 198 8 216 -9 262 -10 347
10 1 674 2 699 3 474 4 418 -5 266 6 72 7 849 -8 714 9 233 10 117
10 1 490 2 515 3 819 4 981 5 688 -6 35 7 575 8 202 -9 35 -10 818
10 -1 837 -2 696 -3 9 4 489 -5 434 -6 194 7 951 8 825 9 522 -10 736
10 -1 812 2 797 -3 773 -4 984 -5 331 6 60 7 104 -8 454 9 294 10 205
10 -1 429 -2 597 -3 334 4 502 -5 219 -6 248 -7 176 8 343 -9 311 10 600
10 1 593 2 927 -3 209 -4 37 -5 580 6 963 -7 446 8 808 -9 275 10 974
10 1 38 2 32 -3 582 4 770 -5 892 6 122 -7 819 -8 378 9 924 -10 355
10 -1 96 -2 380 -3 23 -4 36 -5 628 6 86 7 689 -8 346 -9 983 -10 783
10 -1 875 2 275 -3 581 -4 464 5 406 -6 40 -7 385 -8 717 -9 620 -10 820
10 1 351 -2 885 -3 277 -4 989 5 170 -6 104 7 797 -8 493 9 544 10 472
10 -1 24 2 937 3 583 -4 907 5 864 -6 454 -7 523 8 197 9 243 10 583
10 -1 757 -2 977 3 279 -4 84 5 642 6 675 -7 352 8 458 -9 783 10 119
10 1 310 -2 698 3 374 -4 546 -5 251 6 660 7 261 -8 44 9 585 10 159
10 -1 177 -2 98 3 326 -4 243 5 64 -6 653 -7 125 -8 907 9 108 -10 938
10 -1 21 -2 965 3 813 4 38 5 17 -6 607 7 699 8 235 -9 223 10 566
10 -1 65 -2 576 3 824 -4 998 5 987 6 609 -7 900 -8 287 9 351 -10 638
10 -1 799 -2 194 3 947 4 939 -5 697 -6 941 -7 225 8 504 -9 222 -10 711
10 1 710 -2 821 -3 498 4 58 -5 786 6 221 7 726 8 548 -9 481 -10 263
10 -1 223 2 660 3 345 4 297 -5 30 -6 839 7 408 -8 243 -9 487 10 404
10 -1 748 2 626 -3 106 -4 174 -5 385 6 129 -7 628 -8 239 -9 919 10 811
10 1 698 2 572 -3 631 4 283 5 724 -6 338 7 708 8 126 -9 751 10 936
10 1 403 -2 127 -3 329 -4 192 5 751 -6 171 7 607 8 102 9 491 10 515
10 1 316 -2 846 3 7 4 306 5 681 6 27 7 306 -8 659 -9 840 -10 42
10 1 795 -2 788 -3 746 4 314 5 424 6 90 -7 282 8 347 9 441 10 476
10 1 566 2 605 -3 756 4 330 5 840 6 209 7 732 8 697 -9 268 10 500
10 -1 567 -2 345 3 906 4 780 5 433 6 498 7 311 8 344 9 709 -10 287
10 1 212 2 98 3 763 -4 138 -5 682 6 745 7 576 -8 396 -9 747 -10 252
10 1 500 2 40 3 613 4 255 5 891 6 591 -7 590 8 236 -9 346 -10 484
10 1 617 2 900 3 362 -4 814 5 488 -6 976 7 708 -8 459 -9 599 -10 385
10 1 682 2 664 3 664 4 569 -5 419 -6 105 -7 908 8 962 9 716 10 464
10 1 11 -2 75 -3 622 -4 972 5 598 -6 824 7 9 -8 465 -9 12 10 276
10 1 11 2 774 -3 209 4 115 5 25 6 735 -7 411 -8 346 9 342 -10 294
10 1 929 -2 986 3 628 -4 82 5 370 -6 436 7 835 8 164 9 639 10 291
10 -1 119 -2 828 3 519 -4 995 5 452 -6 154 7 747 8 70 -9 563 10 154
10 -1 990 -2 770 -3 681 -4 507 5 820 -6 43 7 737 -8 203 9 784 10 913
10 1 950 -2 234 -3 935 -4 180 5 72 -6 54 7 847 8 36 9 734 -10 562
10 -1 750 -2 991 -3 860 -4 893 -5 201 6 451 7 40 -8 885 -9 295 -10 921
10 -1 76 2 344 3 608 -4 132 5 410 -6 342 -7 223 8 938 9 738 -10 554
10 -1 56 -2 437 3 423 4 894 -5 309 6 606 7 318 -8 279 9 439 -10 322
10 1 358 -2 581 3 685 -4 424 5 112 -6 442 -7 477 8 687 9 980 10 706
10 -1 977 2 197 -3 733 -4 870 5 997 6 799 -7 353 -8 251 -9 920 10 833
10 -1 578 -2 983 -3 770 -4 909 -5 609 -6 635 7 488 8 561 -9 884 -10 721
10 1 876 2 20 3 541 4 715 5 327 -6 540 7 909 8 692 9 676 10 200
10 1 996 2 515 3 662 4 10 -5 709 -6 759 7 859 -8 19 9 978 -10 525
10 1 218 -2 874 3 497 -4 378 -5 682 -6 751 -7 530 -8 65 -9 705 -10 134
10 -1 14 -2 981 -3 600 -4 915 5 263 6 541 7 675 -8 839 -9 254 10 619
10 1 219 2 895 -3 935 -4 4 -5 600 6 164 -7 51 8 444 -9 419 -10 868
10 1 906 2 767 -3 731 4 692 5 736 6 532 7 177 -8 725 -9 211 10 712
10 -1 832 -2 308 3 809 -4 453 5 122 6 12 -7 671 8 772 9 391 -10 506
10 -1 971 -2 987 -3 152 -4 108 5 869 6 155 -7 931 -8 410 9 246 10 260
10 1 442 2 462 -3 101 4 562 5 490 -6 596 -7 601 -8 680 9 752 10 402
10 -1 496 2 100 -3 314 4 259 -5 350 -6 508 -7 664 8 620 9 735 -10 431
10 -1 426 2 15 -3 66 4 814 -5 490 6 532 -7 493 8 478 -9 171 -10 890
10 -1 699 -2 479 -3 406 -4 6 5 906 -6 163 -7 136 8 180 -9 371 10 950
10 -1 250 -2 767 3 422 -4 724 -5 51 -6 363 -7 672 -8 229 9 98 10 602
10 -1 351 2 96 3 156 -4 537 5 121 -6 765 -7 847 8 23 9 259 10 10
10 -1 392 2 937 3 948 -4 366 -5 897 6 289 7 111 8 254 9 36 10 331
10 -1 933 -2 353 3 636 4 230 5 830 -6 528 7 429 -8 419 -9 188 -10 267
10 1 868 -2 328 -3 13 -4 305 -5 682 -6 914 -7 712 -8 187 -9 430 10 352
10 1 6 2 344 3 378 4 885 -5 884 6 202 -7 475 -8 208 -9 852 10 649
10 1 607 2 24 3 64 -4 977 5 914 -6 441 -7 182 -8 401 9 456 10 265
10 1 955 -2 762 3 78 -4 295 5 258 -6 123 7 957 8 401 9 949 10 77
10 1 147 -2 350 3 754 4 385 -5 571 -6 171 -7 399 -8 848 -9 459 10 363
10 -1 833 -2 505 -3 319 4 318 -5 674 -6 602 7 451 -8 477 9 679 10 251
10 1 400 2 928 -3 45 -4 943 5 248 -6 337 7 590 8 6 9 687 -10 800
10 1 760 2 547 3 468 4 710 5 477 6 723 -7 522 -8 713 9 421 10 768
10 -1 869 2 439 3 412 -4 635 5 637 -6 581 -7 414 -8 152 -9 773 10 193
10 -1 479 -2 922 3 117 4 161 5 528 -6 446 7 103 -8 495 -9 298 10 268
10 -1 214 -2 612 -3 783 4 438 -5 80 6 106 7 784 8 130 9 464 10 717
10 1 874 2 634 -3 154 4 728 -5 241 6 419 7 555 8 441 -9 445 -10 559
10 1 584 2 697 3 653 -4 883 5 367 6 291 -7 565 -8 413 9 426 -10 665
10 -1 866 2 647 -3 293 -4 97 5 343 6 70 -7 156 8 679 9 944 -10 524
10 1 121 2 944 3 322 -4 397 5 775 -6 767 7 669 8 309 -9 808 10 965
10 -1 365 2 801 3 561 4 815 5 287 -6 129 7 763 -8 885 9 568 -10 952
10 -1 880 -2 68 -3 131 4 627 5 955 -6 844 -7 373 -8 855 9 453 -10 571
10 1 39 -2 843 -3 175 4 149 -5 446 -6 248 -7 400 8 682 9 737 -10 703
10 1 631 -2 274 3 740 -4 739 5 168 -6 214 -7 50 -8 825 -9 654 -10 14
10 -1 697 -2 14 -3 245 -4 177 5 150 6 323 -7 564 8 284 9 940 -10 687
10 1 163 2 36 -3 852 -4 169 5 477 -6 255 7 219 -8 206 9 665 -10 134
10 1 299 -2 560 3 326 -4 528 5 270 -6 663 7 342 -8 953 -9 728 -10 57
10 -1 244 -2 168 -3 823 -4 255 5 103 -6 804 7 78 -8 82 9 903 -10 311
10 1 570 2 850 -3 532 4 96 -5 794 6 277 -7 916 -8 410 -9 481 -10 860
10 -1 239 -2 233 3 470 -4 501 -5 516 -6 848 7 430 8 651 9 170 -10 150
10 1 367 -2 167 3 990 4 586 5 941 6 336 -7 330 8 742 -9 19 10 37
10 -1 751 -2 104 3 471 -4 300 5 176 6 979 7 893 8 893 -9 994 -10 535
10 1 652 -2 457 3 981 -4 64 -5 78 6 825 -7 444 8 503 9 39 -10 889
10 1 998 2 702 3 149 4 918 -5 205 -6 763 -7 654 -8 514 -9 577 10 260
10 1 846 2 937 3 242 4 781 5 745 6 8 7 805 -8 602 9 352 -10 977
10 1 156 -2 716 3 643 4 769 5 478 6 883 7 272 -8 983 -9 298 10 798
10 1 203 -2 636 -3 718 4 592 -5 942 6 385 7 718 8 689 -9 105 -10 392
10 1 463 2 722 3 359 4 295 -5 698 -6 650 7 361 8 835 9 511 10 657
10 1 681 -2 622 -3 442 -4 765 5 738 6 139 7 897 8 309 -9 283 10 696
10 -1 61 2 296 -3 764 -4 60 5 782 6 106 -7 694 -8 457 9 947 -10 390
10 1 267 -2 473 3 721 4 823 -5 842 -6 106 -7 949 -8 521 -9 825 10 944
10 1 672 2 169 3 585 -4 112 -5 682 -6 66 -7 942 -8 645 9 716 10 833
10 1 544 -2 839 3 867 -4 453 5 809 -6 148 -7 443 -8 59 -9 113 -10 418
10 1 651 2 351 -3 676 -4 177 5 567 6 200 7 721 -8 986 9 95 -10 10
10 1 961 2 844 3 429 4 133 5 999 6 12 -7 518 -8 592 -9 591 10 550
10 1 736 2 808 3 379 4 994 5 864 6 394 -7 791 -8 517 -9 363 10 975
10 -1 869 -2 570 3 638 4 99 5 886 6 467 7 753 -8 784 9 867 -10 28
10 -1 83 -2 763 -3 641 4 938 -5 954 6 161 7 770 -8 248 -9 850 10 603
10 1 872 2 128 -3 952 4 401 5 3 6 42 7 402 -8 774 9 164 10 1
10 1 272 2 919 3 660 -4 26 -5 179 -6 929 -7 401 -8 306 9 718 -10 259
10 -1 184 -2 754 -3 759 -4 289 -5 693 -6 249 7 473 -8 367 -9 706 10 278
10 1 61 2 331 -3 998 4 208 -5 711 6 289 -7 943 8 965 9 856 -10 780
10 -1 265 -2 798 -3 35 -4 553 5 242 -6 985 7 56 8 52 9 577 -10 52
10 1 359 2 738 -3 492 -4 539 -5 37 -6 339 7 656 8 225 -9 391 10 569
10 1 155 2 578 -3 952 -4 166 5 946 -6 408 -7 510 -8 880 -9 532 10 891
10 -1 826 2 688 3 52 4 943 -5 777 6 213 7 675 8 969 9 577 10 810
10 1 601 2 777 3 733 -4 25 5 969 6 296 -7 348 -8 885 9 627 10 628
10 1 869 2 810 3 920 4 372 5 179 6 608 -7 15 -8 744 -9 979 -10 569
10 1 383 -2 265 -3 52 4 600 5 644 -6 254 7 582 -8 443 9 632 10 237
10 1 672 -2 351 3 995 4 35 5 508 -6 903 7 845 -8 26 -9 557 10 697
10 -1 707 -2 622 3 357 4 490 -5 102 6 31 -7 474 8 960 9 510 -10 883
10 1 276 2 388 3 961 4 666 -5 155 -6 841 7 120 8 233 -9 794 10 923
10 -1 871 -2 200 3 86 -4 953 5 355 6 124 7 525 8 418 -9 799 10 487
10 -1 69 2 154 -3 48 4 707 5 745 6 100 -7 191 8 115 9 415 10 525
10 1 251 2 924 3 717 -4 707 5 291 -6 688 7 57 -8 873 9 300 -10 614
10 1 229 2 977 3 839 -4 551 5 328 6 795 -7 588 8 963 9 244 10 812
10 1 297 -2 873 -3 780 -4 447 -5 814 -6 420 7 190 -8 362 9 292 10 341
10 -1 128 -2 716 -3 755 -4 47 -5 271 6 859 7 858 -8 354 -9 53 -10 367
10 1 51 2 177 -3 34 -4 269 -5 118 6 90 -7 405 -8 373 -9 123 -10 450
10 1 940 2 960 -3 944 -4 257 5 965 6 895 -7 412 -8 998 -9 382 -10 419
10 1 459 2 478 -3 57 -4 742 -5 85 6 542 7 953 8 614 -9 944 -10 242
10 1 387 -2 623 3 775 -4 686 5 31 -6 911 -7 239 -8 208 9 70 10 357
10 -1 824 -2 364 3 842 4 932 5 229 6 876 -7 963 8 50 9 327 -10 264
10 -1 474 2 492 -3 441 -4 100 -5 414 6 212 7 109 -8 907 9 377 -10 158
10 1 227 2 786 -3 196 -4 964 -5 190 6 431 -7 418 -8 551 -9 198 -10 269
10 1 371 2 443 -3 327 -4 615 5 984 6 734 7 654 -8 552 9 184 -10 355
10 1 53 -2 428 3 103 4 134 5 236 -6 88 -7 430 8 183 9 983 10 216
10 1 940 -2 240 -3 117 -4 563 -5 937 6 303 7 706 8 495 -9 240 10 515
10 -1 818 -2 974 -3 191 -4 17 5 649 6 435 -7 403 -8 912 9 239 -10 569
10 1 981 -2 9 3 193 -4 120 -5 621 -6 924 -7 399 -8 117 -9 478 10 467
10 -1 667 -2 630 -3 459 4 444 -5 186 6 551 -7 751 8 302 9 439 -10 756
10 -1 305 -2 948 3 898 -4 760 5 28 6 926 -7 321 -8 103 9 753 10 344
10 1 457 -2 530 -3 42 -4 610 -5 81 -6 909 -7 811 8 716 9 201 10 60
10 1 504 2 1000 3 457 4 387 -5 517 6 982 7 989 -8 119 -9 700 10 313
10 1 724 2 422 -3 784 -4 409 -5 212 6 690 -7 121 8 767 -9 902 10 279
10 1 62 -2 74 -3 110 4 34 5 660 -6 388 7 218 -8 386 9 762 -10 331
10 1 422 -2 824 3 893 -4 343 5 795 6 248 -7 722 -8 802 9 289 10 470
10 -1 255 2 540 -3 575 4 166 -5 181 6 456 7 389 -8 802 -9 640 -10 452
10 1 595 -2 962 3 845 -4 822 5 222 -6 181 7 838 -8 825 -9 184 -10 638
10 1 490 -2 985 3 389 -4 244 -5 63 -6 883 7 820 8 154 -9 531 -10 612
10 -1 978 2 952 3 61 4 181 5 618 6 595 -7 555 8 58 -9 465 -10 34
10 1 939 2 352 3 569 -4 258 -5 295 6 200 -7 493 8 930 9 102 10 983
10 -1 5 2 219 -3 157 4 660 5 731 -6 41 7 831 -8 241 9 375 -10 301
10 -1 466 2 320 -3 986 4 62 5 418 6 370 -7 480 8 226 9 606 -10 835
10 -1 114 2 397 -3 607 -4 958 5 722 -6 256 -7 390 8 19 9 498 -10 391
10 -1 709 2 785 -3 982 -4 778 5 799 -6 980 7 45 8 298 9 105 -10 59
10 -1 407 -2 843 -3 642 4 577 -5 862 -6 627 -7 215 -8 367 -9 626 10 920
10 1 960 -2 903 -3 242 -4 19 -5 233 -6 86 -7 261 -8 181 9 985 -10 872
10 -1 177 2 848 3 376 4 347 5 998 -6 134 7 919 -8 353 -9 31 -10 967
10 -1 830 -2 431 3 917 4 764 5 306 6 307 -7 804 8 608 -9 316 10 566
10 1 876 2 878 -3 975 4 5 -5 509 6 867 -7 837 8 140 9 483 -10 455
10 -1 225 2 467 3 355 4 359 -5 806 6 442 7 550 -8 934 -9 300 10 198
10 1 370 -2 548 -3 597 4 546 5 478 -6 675 7 862 8 961 -9 218 10 197
10 -1 267 2 51 -3 727 -4 547 5 493 6 568 7 950 8 864 -9 57 10 694
10 1 328 -2 95 -3 285 4 101 5 277 6 46 -7 735 -8 31 9 313 10 564
10 -1 198 -2 89 -3 781 4 708 -5 452 -6 247 -7 938 -8 271 9 738 10 658
10 -1 813 2 422 3 414 -4 971 -5 455 -6 321 7 806 8 854 -9 638 -10 50
10 1 65 2 903 3 291 4 145 -5 920 6 105 -7 693 -8 331 9 238 10 630
10 1 256 -2 539 3 863 -4 645 5 883 6 708 -7 636 8 825 9 525 -10 164
10 1 426 -2 673 3 869 -4 265 5 365 6 405 7 286 8 517 9 360 10 952
10 1 356 2 558 3 913 4 646 5 113 6 551 7 841 8 813 9 511 -10 362
10 1 766 -2 400 3 768 4 164 -5 838 6 627 -7 132 -8 95 -9 259 10 833
10 1 815 2 133 -3 226 4 385 5 973 -6 660 -7 888 -8 214 9 15 -10 167
10 1 493 2 664 3 810 -4 369 5 425 6 847 7 937 8 760 9 522 -10 872
10 1 475 2 608 -3 797 -4 964 5 862 -6 379 -7 933 8 435 9 27 -10 785
10 1 147 -2 357 -3 742 4 91 -5 531 6 573 7 451 8 436 -9 480 10 808
10 1 613 -2 478 3 950 4 784 5 315 -6 786 -7 843 -8 468 9 268 10 195
10 1 402 2 814 -3 912 -4 364 -5 398 6 238 -7 392 -8 842 -9 159 -10 342
10 -1 324 2 285 3 222 4 35 5 9 6 890 -7 975 8 311 -9 499 10 120
10 -1 663 2 71 -3 220 4 667 5 447 -6 815 7 935 -8 106 9 208 10 524
10 1 347 2 259 3 105 -4 391 5 461 -6 634 7 108 8 421 -9 516 -10 727
10 1 749 -2 469 3 728 4 501 5 905 -6 486 -7 889 -8 213 9 876 10 64
10 -1 590 -2 628 -3 998 -4 202 5 73 -6 154 -7 94 8 33 -9 640 -10 212
10 -1 749 -2 591 -3 700 4 357 5 738 6 596 7 488 -8 54 9 960 10 591
10 -1 988 2 768 3 578 4 998 5 850 -6 242 -7 70 -8 810 9 927 -10 103
10 -1 873 -2 958 -3 490 -4 582 -5 815 6 120 7 140 -8 558 -9 281 10 470
10 1 429 2 680 3 461 4 523 -5 650 -6 802 -7 26 8 251 9 15 -10 524
10 1 129 -2 124 3 740 4 619 -5 729 6 305 -7 273 8 435 9 35 10 112
10 1 274 -2 541 3 186 -4 634 -5 291 6 238 7 429 8 25 -9 839 10 183
10 1 356 2 507 3 953 -4 14 5 910 -6 133 -7 242 8 380 9 332 -10 240
10 1 453 -2 735 3 742 -4 905 5 707 -6 840 -7 511 8 620 9 561 -10 733
10 1 403 2 655 -3 724 4 863 5 413 -6 838 -7 433 8 719 -9 686 10 177
10 -1 135 -2 376 -3 374 -4 208 5 102 -6 276 -7 356 8 771 -9 655 -10 96
10 -1 328 2 595 3 227 4 169 -5 118 6 952 -7 524 8 789 9 180 10 997
10 1 740 2 490 -3 816 4 576 5 52 -6 842 7 403 -8 393 9 906 -10 314
10 1 635 -2 79 3 915 -4 634 5 711 -6 379 7 194 -8 154 9 813 -10 3
10 1 216 -2 150 -3 737 4 883 -5 882 -6 508 -7 621 8 135 9 878 -10 988
10 1 893 2 701 3 271 -4 592 5 799 6 113 7 852 8 189 -9 541 -10 395
10 -1 745 2 362 3 950 4 878 5 21 6 16 -7 132 8 338 9 781 -10 806
10 1 460 -2 257 -3 946 4 104 -5 373 -6 693 7 453 -8 125 9 74 -10 727
10 1 569 -2 589 3 794 4 671 -5 849 -6 554 -7 812 8 152 -9 632 -10 670
10 -1 640 2 830 -3 599 -4 1000 5 861 6 954 -7 219 8 882 9 611 -10 897
10 -1 397 -2 489 3 784 -4 469 -5 471 -6 521 -7 189 -8 371 -9 732 -10 291
10 -1 807 -2 842 -3 234 4 679 5 219 -6 141 7 702 -8 304 9 695 -10 218
10 1 999 2 631 -3 568 4 11 -5 664 -6 811 7 675 -8 932 -9 462 10 918
10 -1 603 2 186 3 145 -4 220 5 652 6 501 -7 49 -8 646 -9 496 10 642
10 -1 160 2 144 3 1000 4 386 -5 206 -6 642 7 858 -8 730 9 174 10 553
10 1 167 -2 24 -3 930 4 330 5 496 6 801 -7 633 -8 56 9 242 -10 683
10 -1 208 2 836 3 389 -4 213 -5 826 6 800 7 976 -8 716 -9 607 10 13
10 -1 880 2 580 3 863 -4 291 -5 402 6 847 7 368 -8 812 9 550 10 720
10 -1 223 2 90 -3 348 4 305 5 597 6 288 7 618 -8 38 9 174 -10 38
10 -1 384 2 999 3 30 -4 866 5 479 6 524 7 573 8 897 9 763 -10 493
10 1 535 -2 112 -3 466 4 752 5 109 -6 959 -7 392 -8 204 -9 736 10 434
10 -1 48 2 825 3 459 4 393 -5 920 6 677 7 63 8 815 -9 962 10 326
10 1 420 2 203 -3 431 -4 190 5 830 6 88 7 343 -8 696 9 632 -10 525
10 -1 949 -2 140 3 572 -4 180 -5 519 -6 13 -7 799 8 281 9 526 -10 377
10 1 173 -2 678 3 698 4 428 5 689 -6 410 7 549 -8 522 9 154 10 728
10 -1 372 -2 935 3 859 -4 353 -5 149 -6 917 7 224 8 32 9 290 10 11
10 1 766 2 407 3 62 4 78 5 277 6 503 7 815 8 935 9 615 10 48
10 1 892 2 69 -3 266 -4 243 -5 230 6 887 -7 371 -8 96 -9 633 10 207
10 1 165 -2 53 -3 465 4 108 5 462 6 177 -7 712 8 492 -9 834 10 253
10 1 194 2 224 -3 665 4 949 -5 540 6 139 -7 926 8 555 9 861 10 841
10 1 837 -2 159 3 999 4 266 5 615 -6 432 7 288 -8 340 -9 870 -10 948
10 -1 157 2 451 -3 91 -4 329 5 788 6 118 7 322 8 605 -9 807 -10 955
10 -1 263 -2 841 3 501 4 381 5 786 6 277 -7 118 -8 789 -9 970 -10 421
10 -1 736 2 333 3 720 -4 489 5 110 -6 389 -7 521 8 93 -9 1 10 548
10 -1 159 -2 263 3 236 -4 603 5 809 6 310 7 676 8 497 9 983 -10 917
10 1 835 2 248 -3 616 -4 77 5 893 6 165 -7 136 -8 422 9 115 -10 206
10 1 809 -2 345 -3 50 -4 208 -5 125 -6 297 -7 550 8 173 -9 38 -10 579
10 -1 623 2 903 3 472 -4 572 -5 866 -6 206 7 480 -8 580 -9 472 -10 541
10 -1 168 2 468 3 58 4 560 5 600 -6 153 -7 939 8 240 -9 149 10 458
10 1 592 -2 811 3 869 -4 548 -5 239 6 87 -7 23 8 53 -9 893 10 133
