1000
1 4 418
1 1 728
1 -4 236
1 5 400
1 7 275
1 -5 365
1 3 477
1 6 655
1 -5 920
1 -10 967
1 -4 181
1 -10 732
1 -6 859
1 10 776
1 -4 253
1 -4 629
1 10 35
1 -3 69
1 7 372
1 10 8
1 5 283
1 -6 297
1 -1 427
1 -5 934
1 7 660
1 -1 495
1 -10 20
1 4 398
1 -10 956
1 -10 805
1 4 636
1 -7 341
1 10 283
1 4 977
1 1 431
1 -6 886
1 5 999
1 8 918
1 -4 647
1 7 771
1 6 106
1 -8 439
1 -4 101
1 9 27
1 -6 637
1 3 25
1 4 370
1 3 652
1 -8 369
1 1 965
1 5 274
1 -7 146
1 -7 520
1 8 714
1 -10 400
1 -7 281
1 5 243
1 2 40
1 6 854
1 5 305
1 3 370
1 -9 127
1 -1 123
1 -10 997
1 -3 681
1 8 506
1 -5 809
1 -10 22
1 10 389
1 1 995
1 -3 770
1 1 540
1 2 175
1 -4 908
1 7 210
1 -10 978
1 -10 115
1 -1 539
1 7 419
1 4 406
1 -6 862
1 7 404
1 2 906
1 -3 184
1 8 727
1 -10 973
1 -4 220
1 -3 709
1 6 654
1 10 64
1 2 430
1 -9 819
1 5 375
1 10 278
1 10 555
1 -1 443
1 3 363
1 -1 456
1 2 266
1 8 881
1 9 428
1 8 678
1 1 368
1 -1 786
1 9 117
1 7 441
1 -10 593
1 -8 517
1 8 156
1 -3 725
1 -8 346
1 8 241
1 -5 659
1 1 952
1 9 823
1 10 653
1 3 94
1 -1 750
1 -1 397
1 -5 889
1 4 245
1 3 416
1 6 526
1 5 547
1 4 892
1 -10 413
1 8 691
1 -10 148
1 -1 608
1 10 169
1 2 517
1 2 367
1 -5 100
1 5 363
1 2 755
1 -7 855
1 7 961
1 10 911
1 4 933
1 5 37
1 3 266
1 8 862
1 7 427
1 2 490
1 4 107
1 -9 342
1 -10 843
1 7 215
1 8 180
1 6 697
1 -3 507
1 -2 281
1 10 761
1 9 209
1 2 175
1 -10 701
1 -9 943
1 -7 643
1 -10 824
1 -1 239
1 2 550
1 -3 507
1 3 823
1 -7 458
1 1 162
1 -2 683
1 -10 263
1 7 718
1 -9 865
1 -8 674
1 -1 318
1 -5 805
1 -10 37
1 -9 548
1 -7 906
1 -5 196
1 6 805
1 8 877
1 8 527
1 7 172
1 7 518
1 -9 328
1 7 221
1 -3 341
1 4 71
1 3 638
1 -3 870
1 -7 116
1 -9 216
1 6 415
1 6 519
1 1 69
1 8 664
1 2 182
1 2 696
1 1 704
1 -8 11
1 -6 555
1 -7 919
1 -5 377
1 -2 815
1 -4 466
1 3 683
1 -2 634
1 -1 530
1 3 765
1 1 487
1 2 428
1 -6 11
1 -5 256
1 6 719
1 2 867
1 6 5
1 -1 310
1 5 199
1 3 811
1 2 80
1 -5 672
1 1 638
1 -10 464
1 -2 267
1 9 980
1 -9 360
1 2 780
1 5 921
1 -3 354
1 10 165
1 6 286
1 -8 937
1 -2 977
1 5 391
1 7 751
1 -6 854
1 6 559
1 7 813
1 -1 673
1 -1 765
1 2 558
1 -3 678
1 -3 67
1 4 767
1 -1 5
1 -2 616
1 -8 624
1 -7 584
1 -2 636
1 -2 352
1 -8 909
1 7 796
1 -9 499
1 2 995
1 -8 437
1 -6 132
1 -2 643
1 2 45
1 1 67
1 5 805
1 1 130
1 -7 608
1 -2 91
1 8 282
1 1 770
1 -2 450
1 1 15
1 -7 506
1 -9 795
1 5 22
1 1 965
1 -6 172
1 -2 770
1 9 601
1 -6 265
1 -1 838
1 -8 997
1 -6 890
1 -1 558
1 -6 509
1 2 109
1 3 666
1 8 696
1 -7 37
1 -9 528
1 4 827
1 -5 548
1 1 284
1 -8 95
1 -7 991
1 5 906
1 6 749
1 -4 943
1 -7 521
1 6 554
1 -5 165
1 -1 143
1 2 705
1 -4 470
1 9 363
1 1 107
1 5 250
1 7 876
1 4 957
1 -6 551
1 -8 743
1 -2 593
1 -10 884
1 -8 860
1 -8 644
1 2 868
1 10 563
1 -8 463
1 1 318
1 2 443
1 9 994
1 1 701
1 8 170
1 7 195
1 -5 150
1 -9 47
1 -9 653
1 7 610
1 -2 381
1 3 301
1 6 345
1 -2 227
1 7 402
1 7 929
1 4 149
1 -6 75
1 -10 460
1 5 916
1 6 692
1 -7 857
1 9 383
1 6 247
1 9 654
1 2 368
1 -9 589
1 8 66
1 -5 687
1 -2 387
1 6 750
1 -5 180
1 -6 733
1 -4 578
1 5 982
1 -5 606
1 5 577
1 -7 634
1 7 944
1 -3 444
1 -1 8
1 6 869
1 -9 43
1 -9 415
1 8 82
1 10 589
1 -7 999
1 -8 227
1 10 10
1 -2 99
1 -6 963
1 1 926
1 2 677
1 5 600
1 6 727
1 8 321
1 -5 540
1 -2 437
1 -9 656
1 4 843
1 -2 567
1 -6 971
1 5 146
1 7 559
1 -8 531
1 -6 837
1 7 65
1 6 813
1 4 77
1 -8 740
1 4 722
1 7 112
1 -4 581
1 10 759
1 -6 430
1 -2 319
1 9 259
1 -8 712
1 -7 634
1 -6 66
1 -10 292
1 4 886
1 10 47
1 6 902
1 6 676
1 1 770
1 -2 325
1 4 684
1 -5 905
1 5 488
1 -8 446
1 -5 380
1 6 728
1 -8 337
1 1 154
1 3 929
1 -2 273
1 6 282
1 -1 615
1 1 779
1 7 880
1 -10 650
1 -1 46
1 -1 210
1 2 975
1 6 673
1 -7 457
1 -1 324
1 -10 699
1 2 213
1 -10 785
1 7 810
1 -5 469
1 -9 360
1 6 230
1 4 588
1 10 274
1 3 858
1 8 420
1 -10 62
1 5 681
1 10 185
1 -6 47
1 5 75
1 -6 364
1 3 988
1 -7 192
1 -7 824
1 -1 797
1 -6 906
1 7 565
1 -3 268
1 -6 224
1 7 215
1 2 276
1 -2 970
1 -2 348
1 -6 829
1 -5 291
1 -4 925
1 4 27
1 -10 515
1 4 94
1 3 527
1 7 523
1 -2 689
1 4 727
1 -10 249
1 7 618
1 -7 228
1 -5 610
1 6 345
1 3 981
1 9 324
1 -6 763
1 -10 259
1 -6 801
1 10 178
1 -8 511
1 2 223
1 4 284
1 8 504
1 2 475
1 -10 42
1 -8 973
1 -6 879
1 -7 467
1 -3 614
1 -3 521
1 -1 752
1 -4 763
1 7 926
1 -7 501
1 10 206
1 3 288
1 10 57
1 2 319
1 -9 300
1 -8 120
1 10 644
1 6 167
1 10 1
1 9 435
1 -1 693
1 10 119
1 2 490
1 10 287
1 -2 422
1 -10 2
1 1 974
1 2 918
1 1 310
1 -2 848
1 4 731
1 -3 724
1 7 4
1 6 680
1 -10 879
1 1 251
1 -7 626
1 -10 309
1 -10 185
1 5 292
1 9 621
1 3 52
1 -3 7
1 1 418
1 -8 780
1 8 712
1 2 781
1 2 406
1 7 30
1 -5 111
1 2 4
1 8 774
1 -3 403
1 -3 24
1 -3 281
1 7 472
1 7 199
1 8 146
1 1 213
1 -6 282
1 -7 674
1 7 802
1 4 490
1 6 475
1 4 724
1 5 292
1 -2 569
1 9 562
1 2 424
1 -7 416
1 2 607
1 5 699
1 1 755
1 1 705
1 -2 33
1 -4 630
1 -1 858
1 -9 485
1 -10 816
1 7 413
1 -3 30
1 1 578
1 -4 951
1 9 733
1 9 11
1 7 561
1 -7 24
1 -5 836
1 -5 685
1 -9 52
1 5 102
1 -1 870
1 -9 935
1 -8 503
1 -7 121
1 6 620
1 8 329
1 -9 695
1 -5 825
1 -1 62
1 -10 81
1 -7 3
1 -5 680
1 -7 505
1 3 90
1 9 596
1 -6 904
1 -1 818
1 -10 383
1 -4 479
1 5 88
1 7 607
1 8 886
1 6 21
1 -2 138
1 10 775
1 10 725
1 -4 438
1 -2 125
1 -9 487
1 3 870
1 -4 483
1 6 774
1 9 18
1 -7 197
1 -2 367
1 6 904
1 7 841
1 1 229
1 -9 874
1 -3 578
1 -9 86
1 -10 971
1 -4 243
1 -1 868
1 9 839
1 1 209
1 1 312
1 -8 976
1 -5 245
1 6 161
1 -7 99
1 -6 431
1 -1 9
1 5 226
1 4 147
1 9 127
1 -1 9
1 -3 44
1 9 782
1 4 75
1 5 592
1 2 818
1 1 356
1 -9 754
1 4 130
1 -1 589
1 -8 386
1 6 651
1 4 952
1 6 289
1 8 863
1 -2 296
1 -7 397
1 -1 936
1 -4 867
1 3 162
1 -5 961
1 -3 948
1 4 534
1 7 469
1 5 352
1 -8 968
1 10 506
1 4 762
1 2 468
1 3 288
1 9 213
1 -3 5
1 5 171
1 -8 232
1 -8 560
1 -8 275
1 -2 512
1 8 32
1 -10 588
1 1 499
1 3 770
1 -5 283
1 9 423
1 -1 905
1 -1 863
1 -8 715
1 -10 204
1 3 824
1 -4 357
1 4 833
1 -9 965
1 -5 936
1 -5 177
1 -6 520
1 -3 367
1 -8 465
1 7 241
1 1 572
1 -2 39
1 1 61
1 -6 917
1 -4 305
1 3 204
1 8 304
1 -2 807
1 -6 185
1 4 58
1 -2 391
1 -5 663
1 -2 398
1 6 747
1 7 9
1 -4 330
1 -6 149
1 -2 554
1 8 270
1 -5 74
1 6 629
1 -6 513
1 9 213
1 5 994
1 2 596
1 1 64
1 2 911
1 -5 549
1 -10 906
1 -1 312
1 -9 47
1 5 637
1 2 91
1 -4 161
1 2 304
1 -9 157
1 3 13
1 -5 27
1 7 513
1 -2 822
1 -6 266
1 -2 165
1 9 519
1 1 331
1 8 322
1 -5 648
1 6 260
1 -4 808
1 2 666
1 -4 7
1 -3 17
1 -10 869
1 -1 181
1 -8 740
1 9 649
1 1 80
1 -2 82
1 1 300
1 -7 45
1 10 78
1 2 804
1 -10 746
1 9 256
1 4 749
1 -6 72
1 10 236
1 4 817
1 -1 632
1 3 313
1 -6 908
1 6 518
1 -9 507
1 1 886
1 9 421
1 -9 715
1 -4 49
1 -2 261
1 -3 872
1 -9 672
1 -7 56
1 -9 617
1 -3 529
1 -1 54
1 2 313
1 2 755
1 2 540
1 -8 110
1 7 59
1 10 74
1 5 662
1 -7 705
1 -8 813
1 9 204
1 -5 910
1 10 705
1 9 68
1 -7 265
1 -1 882
1 -3 550
1 7 104
1 -8 813
1 -6 109
1 3 179
1 -3 738
1 -2 905
1 8 542
1 -3 38
1 -2 276
1 -7 608
1 6 991
1 -10 382
1 -4 705
1 -5 445
1 -3 46
1 4 639
1 5 314
1 -1 738
1 -7 369
1 7 897
1 -5 707
1 8 449
1 -2 412
1 -3 187
1 6 673
1 4 483
1 -4 134
1 5 650
1 4 282
1 8 963
1 -4 83
1 4 615
1 -1 479
1 -9 793
1 -4 46
1 -10 181
1 8 753
1 -2 13
1 1 973
1 -5 604
1 -4 721
1 6 873
1 -3 957
1 -10 957
1 -4 334
1 -10 943
1 -4 487
1 10 929
1 2 58
1 -5 702
1 -10 79
1 -6 792
1 8 553
1 3 269
1 -1 537
1 -7 915
1 -2 956
1 10 224
1 -4 840
1 10 736
1 -7 95
1 -7 912
1 9 425
1 2 372
1 -7 317
1 -9 333
1 -4 720
1 4 907
1 4 510
1 -7 697
1 -10 313
1 -3 47
1 -10 445
1 -9 751
1 -5 34
1 1 56
1 7 579
1 10 728
1 -10 994
1 -8 741
1 -7 946
1 6 834
1 5 395
1 -1 709
1 5 714
1 -4 580
1 1 383
1 -4 102
1 -2 362
1 -9 460
1 3 177
1 -10 814
1 6 73
1 5 450
1 -3 394
1 5 970
1 -9 944
1 9 575
1 -9 492
1 8 921
1 -9 556
1 -7 810
1 6 109
1 -7 666
1 -8 716
1 -2 526
1 5 311
1 2 256
1 -10 754
1 -2 551
1 1 448
1 -1 870
1 2 980
1 3 394
1 -4 288
1 -8 856
1 4 903
1 5 8
1 5 409
1 3 768
1 -10 480
1 6 387
1 -9 818
1 7 53
1 4 960
1 1 509
1 -6 455
1 -9 915
1 -4 712
1 -2 290
1 -3 299
1 -1 58
1 -7 200
1 3 62
1 2 160
1 -6 962
1 -4 827
1 9 856
1 -1 510
1 -10 769
1 -8 564
1 -7 329
1 3 577
1 6 617
1 6 492
1 9 232
1 -6 756
1 6 844
1 -10 535
1 10 7
1 -2 663
1 -1 93
1 -3 615
1 -9 71
1 4 192
1 4 206
1 2 852
1 -6 796
1 -2 672
1 -1 800
1 1 807
1 6 42
1 1 41
1 2 747
1 -5 841
1 -9 129
1 10 240
1 -5 589
1 -10 899
1 -1 34
1 4 677
1 -9 668
1 -10 269
1 6 779
1 -3 870
1 5 729
1 1 330
1 -2 129
1 -2 472
1 -10 748
1 1 47
1 -9 129
1 -8 830
1 -8 416
1 -5 46
1 1 433
1 8 740
1 -9 681
1 -2 182
1 2 494
1 -3 143
1 -2 852
1 -9 422
1 -1 753
1 5 205
1 -2 310
1 8 741
1 3 405
1 6 366
1 3 116
1 4 825
1 1 611
1 -9 532
1 8 955
1 -7 198
1 -10 692
1 -7 955
1 1 252
1 -1 418
1 -1 10
1 10 56
1 -7 637
1 7 590
1 -4 88
1 -2 470
1 9 198
1 -9 721
1 -2 708
1 -1 151
1 2 936
1 -4 835
1 4 414
1 5 962
1 7 739
