1000
1 -1 611
1 7 718
1 8 668
1 9 887
1 5 614
1 3 515
1 -3 78
1 -4 382
1 -3 618
1 -5 996
1 -7 158
1 6 856
1 -5 720
1 -2 10
1 10 650
1 1 760
1 10 157
1 -3 879
1 -6 671
1 7 141
1 4 694
1 -7 257
1 4 198
1 -1 601
1 -6 615
1 -9 607
1 -8 349
1 -2 201
1 -3 863
1 -3 687
1 9 235
1 -10 607
1 -2 826
1 3 652
1 8 951
1 4 899
1 1 940
1 -9 337
1 -7 886
1 10 559
1 3 913
1 5 510
1 5 59
1 -8 439
1 10 841
1 10 628
1 1 79
1 10 441
1 1 309
1 -8 199
1 4 511
1 10 387
1 -8 309
1 5 285
1 7 488
1 -8 89
1 -8 225
1 1 264
1 8 234
1 -9 44
1 -6 803
1 5 846
1 -9 569
1 4 368
1 2 862
1 -6 703
1 -9 149
1 -1 621
1 1 59
1 6 960
1 -4 691
1 -6 589
1 -3 464
1 -1 549
1 -8 69
1 -9 797
1 7 345
1 -4 368
1 9 732
1 -3 548
1 3 977
1 3 291
1 9 310
1 2 829
1 -4 181
1 4 663
1 9 514
1 -9 767
1 -8 603
1 6 568
1 -4 735
1 -8 186
1 10 965
1 -6 798
1 9 807
1 7 27
1 -7 314
1 5 747
1 4 742
1 -8 764
1 9 142
1 5 541
1 -8 755
1 -10 800
1 -3 249
1 5 116
1 -7 952
1 6 835
1 7 989
1 10 321
1 10 366
1 6 361
1 -3 585
1 2 643
1 -6 155
1 6 420
1 7 110
1 9 24
1 3 952
1 -5 516
1 2 297
1 1 432
1 -7 922
1 -4 473
1 -6 957
1 4 648
1 2 999
1 1 562
1 -4 412
1 7 618
1 9 529
1 5 881
1 -9 926
1 5 649
1 -4 794
1 3 123
1 4 389
1 -2 162
1 1 654
1 -1 317
1 -6 955
1 -9 182
1 -9 533
1 4 132
1 -10 264
1 1 170
1 -8 644
1 3 220
1 5 915
1 5 398
1 -6 10
1 8 944
1 -6 854
1 5 71
1 4 943
1 -6 840
1 2 469
1 9 547
1 -1 677
1 -10 759
1 -8 570
1 -5 754
1 1 588
1 5 226
1 4 330
1 -3 870
1 -10 626
1 -8 561
1 -8 395
1 7 25
1 -8 702
1 5 697
1 -9 567
1 10 6
1 -5 124
1 4 534
1 -9 855
1 -5 426
1 -1 932
1 1 71
1 10 468
1 -10 4
1 -3 621
1 2 641
1 -10 382
1 6 916
1 -7 609
1 -6 128
1 -7 824
1 7 47
1 1 843
1 6 50
1 5 195
1 -3 765
1 -9 582
1 6 41
1 -5 760
1 -3 117
1 -6 968
1 -6 644
1 -6 597
1 5 901
1 -5 228
1 -2 606
1 -9 478
1 2 257
1 -3 754
1 -4 568
1 8 241
1 -6 924
1 2 778
1 9 548
1 4 968
1 -8 364
1 6 402
1 -7 646
1 -3 721
1 8 409
1 -1 435
1 -4 786
1 5 268
1 10 47
1 -5 833
1 -4 689
1 -1 754
1 6 446
1 5 783
1 -10 113
1 1 30
1 5 621
1 -4 944
1 -2 506
1 -10 210
1 -1 552
1 -5 348
1 8 805
1 6 937
1 -9 402
1 -7 23
1 -6 236
1 -3 405
1 7 616
1 1 604
1 -1 651
1 7 559
1 -6 268
1 6 669
1 8 807
1 9 66
1 10 263
1 -3 746
1 -3 122
1 -10 135
1 -8 244
1 -5 130
1 -10 222
1 -6 696
1 1 139
1 1 36
1 8 31
1 10 100
1 2 890
1 -8 689
1 -6 780
1 -8 399
1 -3 935
1 6 256
1 8 137
1 8 926
1 -3 212
1 10 864
1 -5 922
1 2 496
1 -10 526
1 8 823
1 6 65
1 3 250
1 8 431
1 3 134
1 -3 489
1 4 654
1 8 523
1 -9 109
1 6 248
1 1 911
1 -9 660
1 4 666
1 -10 126
1 -6 644
1 -8 329
1 6 257
1 -3 637
1 -3 249
1 7 440
1 5 879
1 8 427
1 -4 949
1 7 329
1 2 187
1 4 168
1 -10 312
1 10 431
1 -4 8
1 -10 729
1 7 150
1 2 854
1 -2 876
1 7 765
1 -2 347
1 -8 784
1 7 126
1 -6 917
1 3 747
1 3 47
1 8 420
1 1 598
1 9 29
1 -9 434
1 -1 577
1 8 784
1 -1 247
1 10 38
1 -4 918
1 2 846
1 -3 139
1 -9 165
1 -5 669
1 6 827
1 -5 441
1 -5 847
1 1 314
1 -4 673
1 -1 361
1 5 725
1 -1 859
1 7 872
1 2 482
1 5 990
1 6 306
1 6 338
1 1 402
1 1 834
1 1 242
1 -7 29
1 7 583
1 4 642
1 -8 155
1 -10 655
1 -8 738
1 5 307
1 7 544
1 -4 953
1 7 23
1 2 865
1 -1 734
1 2 200
1 6 411
1 8 746
1 -10 413
1 -4 850
1 1 118
1 -5 895
1 -6 91
1 -2 797
1 7 338
1 3 714
1 -8 853
1 -1 492
1 -2 524
1 1 320
1 2 606
1 -5 853
1 3 539
1 -1 281
1 -3 376
1 5 881
1 4 490
1 -10 370
1 2 688
1 6 983
1 6 487
1 -1 67
1 8 241
1 -1 197
1 3 1
1 5 956
1 -5 932
1 -5 547
1 -10 423
1 2 332
1 1 132
1 4 250
1 -1 857
1 -9 721
1 1 243
1 -7 434
1 -10 915
1 -6 807
1 -5 64
1 -1 294
1 8 407
1 -6 278
1 7 953
1 4 908
1 -10 891
1 -2 544
1 -3 18
1 -7 259
1 2 255
1 3 404
1 -7 824
1 4 511
1 -5 966
1 2 601
1 -9 423
1 5 53
1 6 419
1 -6 202
1 -10 147
1 4 636
1 -5 21
1 -5 854
1 7 115
1 -10 985
1 -8 941
1 3 601
1 3 43
1 7 203
1 -5 384
1 -4 62
1 7 761
1 6 982
1 -9 359
1 -10 942
1 -7 761
1 -9 287
1 -1 172
1 -2 740
1 2 944
1 -1 667
1 10 158
1 -5 469
1 3 669
1 -8 787
1 -7 752
1 2 551
1 -9 798
1 -6 938
1 9 735
1 2 724
1 10 300
1 9 371
1 -8 201
1 -7 119
1 7 809
1 4 476
1 6 172
1 -10 665
1 7 312
1 -1 466
1 7 73
1 5 791
1 -6 347
1 1 426
1 2 881
1 -7 854
1 -1 171
1 -3 488
1 1 13
1 -1 600
1 -10 703
1 4 458
1 6 320
1 -6 495
1 -1 713
1 -8 490
1 -1 144
1 8 208
1 7 412
1 -3 87
1 -4 113
1 -9 90
1 -7 740
1 -3 604
1 9 165
1 6 583
1 4 63
1 -9 98
1 -2 750
1 9 586
1 -6 152
1 -5 317
1 6 427
1 -7 509
1 8 217
1 -5 775
1 6 353
1 5 868
1 1 353
1 5 786
1 9 515
1 3 305
1 6 715
1 1 292
1 -9 900
1 2 76
1 -10 600
1 10 767
1 -6 117
1 1 795
1 -4 839
1 8 955
1 -5 125
1 5 598
1 -5 466
1 4 420
1 10 856
1 -9 57
1 -7 916
1 1 152
1 7 802
1 -4 643
1 3 521
1 5 959
1 -1 234
1 -5 633
1 8 83
1 3 235
1 9 795
1 8 23
1 -8 468
1 -10 485
1 -3 414
1 10 72
1 -3 634
1 -10 675
1 -1 921
1 -2 863
1 -9 640
1 -5 474
1 9 961
1 9 854
1 -4 135
1 3 860
1 -5 887
1 -8 100
1 -2 677
1 4 722
1 8 823
1 2 246
1 4 225
1 -4 760
1 -2 913
1 -6 924
1 -9 182
1 6 308
1 -4 998
1 10 523
1 -1 210
1 -10 764
1 1 575
1 4 999
1 -3 127
1 -2 947
1 1 528
1 1 598
1 -6 552
1 1 565
1 8 979
1 5 242
1 7 126
1 -9 175
1 1 666
1 -8 114
1 3 419
1 -2 265
1 -10 397
1 -10 901
1 -8 153
1 -6 950
1 -6 438
1 6 560
1 -4 825
1 -7 687
1 -7 545
1 -10 83
1 -7 283
1 10 7
1 6 877
1 8 859
1 5 905
1 5 828
1 -9 861
1 3 513
1 -1 821
1 -5 676
1 -3 310
1 4 916
1 -3 528
1 2 140
1 -8 810
1 -9 7
1 5 245
1 -4 758
1 2 752
1 -6 851
1 3 217
1 10 303
1 -9 368
1 -9 738
1 -1 862
1 8 691
1 9 128
1 1 855
1 -9 135
1 -6 714
1 9 350
1 -2 149
1 8 834
1 -2 716
1 6 842
1 3 77
1 8 877
1 2 633
1 3 902
1 4 891
1 9 749
1 -4 789
1 4 420
1 -3 330
1 8 539
1 1 682
1 -6 279
1 -7 53
1 -1 936
1 1 276
1 -4 327
1 -9 156
1 6 35
1 -7 207
1 3 891
1 1 379
1 -4 782
1 5 905
1 -2 950
1 2 66
1 -1 513
1 8 973
1 -1 769
1 -8 518
1 1 716
1 10 263
1 7 610
1 -3 902
1 -7 126
1 -1 187
1 -8 183
1 8 918
1 8 313
1 -2 568
1 -8 598
1 9 180
1 -3 434
1 1 211
1 5 433
1 -10 225
1 2 616
1 -7 550
1 6 21
1 2 370
1 -8 297
1 -6 35
1 6 944
1 -1 800
1 9 660
1 7 955
1 10 809
1 1 586
1 8 99
1 10 25
1 3 770
1 6 704
1 -2 233
1 -10 240
1 8 803
1 -9 751
1 -9 659
1 6 320
1 3 751
1 -6 385
1 -8 294
1 -10 479
1 2 680
1 -1 181
1 9 286
1 -3 170
1 8 261
1 -4 714
1 6 978
1 -2 610
1 2 754
1 4 295
1 8 59
1 -7 659
1 5 95
1 -10 842
1 8 385
1 -9 97
1 -5 125
1 -10 510
1 -8 359
1 9 572
1 10 800
1 -5 166
1 -10 305
1 -1 875
1 9 608
1 -7 203
1 -7 929
1 -5 334
1 6 736
1 2 793
1 6 824
1 -3 618
1 -7 150
1 -6 253
1 7 807
1 9 935
1 4 684
1 -4 844
1 4 531
1 2 602
1 -9 37
1 -6 44
1 4 108
1 10 147
1 -3 315
1 5 901
1 -6 911
1 -8 214
1 1 838
1 10 999
1 -2 515
1 -6 128
1 -10 959
1 9 443
1 -6 291
1 -5 860
1 -9 746
1 1 7
1 2 199
1 -1 526
1 -8 947
1 -4 296
1 5 617
1 -6 422
1 6 855
1 -9 964
1 -5 450
1 4 871
1 -7 783
1 6 379
1 10 155
1 4 625
1 -7 909
1 -5 742
1 6 137
1 5 878
1 -3 464
1 -4 755
1 -9 429
1 10 292
1 4 845
1 -10 906
1 7 387
1 -3 483
1 4 916
1 -10 289
1 7 831
1 -4 650
1 10 972
1 -5 248
1 -7 382
1 -8 240
1 5 810
1 -8 723
1 -5 573
1 -9 876
1 -7 971
1 1 277
1 2 1000
1 -7 582
1 10 345
1 -3 33
1 1 64
1 -6 752
1 4 134
1 1 313
1 -6 941
1 -10 444
1 -5 785
1 -6 868
1 6 670
1 8 512
1 -10 498
1 1 489
1 2 338
1 -6 119
1 -2 202
1 1 333
1 -8 535
1 4 245
1 -8 941
1 -9 494
1 5 393
1 -2 857
1 9 532
1 3 756
1 -10 681
1 3 702
1 4 704
1 -8 457
1 -9 475
1 1 333
1 4 55
1 -10 594
1 -8 307
1 -9 896
1 -6 254
1 9 124
1 6 552
1 -1 364
1 8 726
1 9 889
1 7 212
1 4 362
1 -9 278
1 -10 702
1 -4 315
1 -7 501
1 -7 383
1 -6 165
1 6 197
1 -5 370
1 5 591
1 3 562
1 -1 185
1 -7 359
1 6 722
1 -7 334
1 4 197
1 4 953
1 -3 864
1 1 202
1 -2 345
1 7 920
1 7 446
1 4 180
1 10 270
1 3 654
1 -8 171
1 -3 768
1 -8 739
1 -3 487
1 -5 708
1 8 296
1 6 508
1 4 684
1 7 282
1 -7 984
1 -6 401
1 6 738
1 -7 901
1 10 103
1 6 57
1 9 810
1 6 294
1 9 680
1 -9 738
1 6 302
1 3 396
1 -6 444
1 -8 776
1 2 284
1 3 922
1 -4 191
1 -2 763
1 2 264
1 -9 739
1 -6 476
1 -10 859
1 -8 52
1 -2 734
1 1 268
1 -5 106
1 2 431
1 4 242
1 -7 827
1 -5 894
1 -1 917
1 -1 298
1 4 846
1 2 741
1 -3 463
1 6 272
1 3 627
1 -5 404
1 6 480
1 4 65
1 1 272
1 -1 958
1 3 528
1 4 346
1 -6 782
1 4 651
1 5 16
1 -8 966
1 -2 213
1 7 930
1 -2 947
1 -9 266
1 -4 683
1 6 493
1 -8 997
1 5 364
1 -7 952
1 -9 999
1 10 446
1 -1 553
1 2 594
1 5 829
1 -5 279
1 -10 569
1 -1 995
1 3 243
1 7 283
1 -1 913
1 2 145
1 8 645
1 -1 648
1 -9 81
1 -8 105
1 3 934
1 10 146
1 8 620
1 5 731
1 -8 293
1 6 224
1 4 32
1 -7 374
1 -5 602
1 6 199
1 10 433
1 -3 520
1 -5 884
1 -9 81
1 1 413
1 -7 20
1 2 736
1 -6 954
1 -8 986
1 3 978
1 10 883
1 -2 60
1 5 586
1 10 236
1 -4 501
1 -8 785
1 -10 289
1 8 517
1 -7 16
1 6 912
1 1 550
1 -4 668
1 -6 825
1 -8 900
1 5 69
1 -5 93
1 1 936
1 9 914
1 10 657
1 9 484
1 -5 756
1 2 767
1 7 134
1 5 696
1 -9 170
1 10 456
1 3 540
1 1 356
1 6 509
1 -7 704
1 1 715
1 5 724
1 -1 120
1 4 977
1 -5 512
1 4 432
1 -2 784
1 1 894
