1000
10 1 311 2 739 -3 491 4 93 5 21 -6 563 -7 820 8 228 -9 284 10 847
10 1 269 2 966 3 849 -4 820 -5 199 6 318 -7 643 -8 89 -9 688 -10 519
10 1 183 2 485 -3 92 -4 8 -5 587 -6 869 7 424 -8 614 -9 442 -10 166
10 1 313 -2 833 3 84 4 474 -5 532 -6 718 -7 149 8 69 -9 936 10 651
10 -1 283 2 365 -3 765 -4 650 5 927 -6 104 7 726 8 285 9 126 -10 958
10 1 298 -2 27 3 366 4 918 -5 753 -6 19 -7 296 -8 990 9 794 -10 883
10 1 301 2 916 -3 300 4 257 -5 614 6 340 7 373 8 466 9 374 -10 298
10 1 450 2 435 3 117 4 64 5 755 6 610 7 622 8 560 -9 597 10 330
10 1 126 -2 793 -3 668 4 490 5 248 -6 421 -7 38 8 432 -9 255 -10 851
10 1 511 2 33 3 261 -4 249 5 791 6 428 -7 146 -8 53 -9 579 10 584
10 -1 986 2 507 -3 96 -4 216 5 345 -6 673 -7 819 -8 835 -9 541 10 671
10 -1 347 -2 980 -3 77 -4 985 5 46 -6 921 7 786 -8 684 9 891 10 705
10 -1 583 -2 765 -3 950 -4 224 5 217 6 14 -7 119 -8 830 -9 899 10 564
10 1 900 2 166 -3 839 -4 938 -5 28 6 36 7 501 -8 623 9 43 -10 82
10 1 305 -2 848 3 88 -4 391 5 807 -6 398 7 777 -8 877 -9 98 10 118
10 -1 525 -2 426 -3 69 4 653 -5 953 -6 433 7 818 8 381 9 181 10 335
10 -1 881 -2 265 3 728 4 6 -5 124 6 499 -7 539 8 534 9 422 -10 366
10 1 786 2 885 3 693 4 625 -5 558 -6 802 -7 960 -8 628 -9 402 10 258
10 -1 678 -2 137 -3 85 4 692 5 293 -6 203 -7 692 8 79 -9 662 10 338
10 -1 335 2 308 3 619 4 537 5 821 -6 827 7 163 8 599 -9 677 10 779
10 1 177 -2 692 3 633 -4 874 -5 903 6 919 -7 721 8 318 -9 236 -10 551
10 -1 921 -2 519 -3 993 -4 291 -5 422 6 258 7 919 -8 710 -9 414 -10 639
10 1 160 2 470 -3 619 -4 933 5 774 -6 496 7 656 -8 914 9 153 10 71
10 -1 136 2 168 -3 810 -4 19 5 162 6 211 7 973 -8 84 9 278 10 900
10 -1 625 2 749 3 671 -4 976 5 900 6 574 -7 711 8 742 9 515 -10 158
10 1 865 -2 496 3 385 4 168 -5 528 -6 551 -7 883 -8 337 9 397 10 434
10 1 286 2 312 3 88 4 119 5 238 6 567 7 489 8 907 -9 750 -10 345
10 1 854 2 110 -3 635 -4 313 -5 615 6 841 7 262 -8 804 -9 641 -10 827
10 1 914 2 915 -3 905 4 675 5 620 -6 540 -7 979 -8 951 9 182 10 511
10 1 40 2 693 3 345 4 714 -5 120 6 74 7 639 -8 638 9 912 10 11
10 -1 715 2 219 -3 256 -4 836 -5 879 -6 648 -7 35 8 423 -9 999 10 773
10 -1 574 -2 808 3 722 -4 330 5 220 6 491 -7 955 -8 340 -9 973 -10 329
10 1 263 -2 524 3 31 -4 270 -5 692 6 628 -7 89 8 636 9 718 10 957
10 -1 685 2 912 -3 783 4 661 -5 9 -6 584 7 171 8 251 9 117 -10 304
10 1 929 2 678 3 921 4 775 5 693 6 270 7 608 -8 647 -9 754 -10 167
10 1 774 2 51 3 975 4 701 5 690 -6 722 -7 107 8 817 9 402 -10 616
10 -1 554 -2 371 -3 762 -4 859 5 777 6 186 7 367 8 304 9 373 10 962
10 -1 393 -2 549 3 968 4 196 -5 190 6 22 7 121 8 304 -9 961 -10 964
10 1 974 -2 820 -3 168 4 385 -5 360 -6 6 -7 715 8 459 9 762 -10 217
10 1 339 -2 612 3 917 4 494 5 998 6 186 7 615 -8 614 9 743 10 392
10 -1 237 2 637 3 138 4 620 -5 240 -6 758 -7 554 -8 175 -9 951 -10 265
10 -1 989 2 558 3 375 4 507 -5 849 6 76 7 163 8 565 9 612 10 552
10 -1 896 2 727 3 804 4 557 5 270 6 303 -7 904 -8 215 -9 779 -10 543
10 1 910 2 295 -3 47 4 355 -5 74 6 444 7 820 -8 808 9 291 10 867
10 1 839 2 207 3 96 4 910 5 979 -6 533 -7 67 8 536 -9 684 10 646
10 1 523 2 707 3 67 4 447 5 913 6 989 -7 526 -8 681 -9 137 10 594
10 1 617 2 161 3 787 -4 559 -5 793 -6 608 -7 987 8 538 -9 550 -10 254
10 -1 175 -2 668 3 595 4 268 -5 967 -6 166 -7 165 -8 981 -9 871 -10 723
10 1 547 -2 633 -3 276 -4 882 5 323 6 885 7 817 -8 653 9 181 -10 99
10 -1 34 2 48 3 898 4 229 5 382 -6 396 7 648 -8 972 -9 298 10 352
10 1 99 2 57 -3 5 -4 168 -5 701 6 572 7 999 -8 352 -9 900 10 1
10 -1 373 2 778 -3 587 4 502 -5 960 -6 567 7 402 8 89 -9 397 10 770
10 1 95 -2 103 3 131 -4 449 -5 777 -6 326 -7 686 -8 911 -9 919 10 818
10 -1 903 -2 522 3 728 -4 446 -5 900 6 590 7 947 -8 292 9 344 10 533
10 1 629 2 794 -3 237 -4 946 -5 451 -6 545 7 507 8 860 -9 782 -10 481
10 -1 202 2 342 -3 157 -4 555 -5 792 6 994 -7 952 -8 760 -9 357 10 761
10 -1 261 2 905 3 867 4 471 -5 136 6 3 7 790 -8 159 -9 837 -10 859
10 -1 589 2 281 3 685 4 37 -5 114 6 231 -7 818 8 558 9 179 10 6
10 1 526 2 226 3 514 -4 335 -5 272 -6 592 7 725 -8 676 9 632 -10 271
10 1 59 -2 923 3 899 -4 71 5 730 6 52 -7 751 -8 376 9 965 10 866
10 1 743 -2 721 -3 526 -4 940 5 175 6 36 7 646 -8 546 -9 876 -10 376
10 -1 253 -2 277 3 274 -4 707 -5 903 -6 805 7 162 8 958 9 709 -10 678
10 1 667 2 628 3 576 4 554 5 831 -6 32 7 518 -8 691 9 663 10 286
10 -1 848 2 788 3 120 -4 597 -5 277 -6 7 7 409 -8 614 9 754 -10 616
10 -1 975 2 870 -3 988 4 169 5 342 6 955 7 194 -8 965 -9 131 10 834
10 -1 593 -2 841 -3 374 -4 936 5 825 -6 497 -7 267 8 115 -9 767 -10 924
10 -1 714 -2 88 -3 384 4 617 -5 626 6 163 -7 521 8 693 -9 494 10 34
10 -1 226 2 409 3 196 -4 733 -5 309 -6 279 -7 447 8 713 9 755 10 798
10 1 765 2 544 -3 342 -4 779 5 130 -6 53 -7 430 -8 255 -9 449 -10 408
10 1 398 2 142 -3 417 -4 786 5 736 -6 543 -7 377 8 815 9 152 -10 639
10 1 65 -2 688 3 927 -4 640 5 785 6 442 -7 277 -8 171 9 112 10 945
10 -1 993 -2 570 -3 944 4 650 -5 266 -6 176 7 896 -8 260 -9 268 -10 351
10 1 585 2 438 -3 577 4 243 5 102 -6 882 -7 420 8 996 -9 448 -10 535
10 -1 591 2 690 -3 528 4 293 -5 897 -6 695 7 452 8 303 -9 268 -10 775
10 -1 63 -2 803 -3 383 -4 146 5 239 -6 613 7 265 -8 871 -9 296 -10 517
10 1 602 -2 228 -3 914 -4 810 -5 768 6 910 -7 451 8 207 -9 104 -10 607
10 1 65 -2 986 3 153 -4 408 -5 376 6 81 7 480 -8 166 -9 766 -10 89
10 -1 521 2 570 -3 687 -4 513 -5 191 6 765 -7 419 8 857 -9 476 10 954
10 1 232 -2 195 -3 133 4 318 5 946 6 614 -7 159 8 922 -9 710 -10 945
10 1 41 -2 523 -3 175 -4 100 -5 749 6 642 7 625 8 544 -9 95 10 140
10 1 632 2 182 -3 898 4 50 -5 324 -6 480 -7 153 8 513 -9 298 -10 983
10 -1 60 2 548 -3 683 -4 811 5 859 -6 68 -7 663 8 752 -9 806 10 496
10 -1 479 -2 569 -3 331 4 531 5 691 6 405 -7 885 -8 502 9 279 10 429
10 1 551 -2 876 -3 108 4 750 -5 269 6 593 -7 121 8 886 9 688 10 747
10 -1 908 2 414 3 236 4 579 5 767 6 171 7 274 8 774 -9 219 -10 83
10 1 436 -2 466 -3 534 -4 1000 5 73 -6 455 -7 644 -8 720 -9 305 -10 198
10 -1 194 -2 227 3 884 -4 330 -5 147 -6 505 7 829 -8 241 -9 25 10 612
10 1 544 2 638 -3 480 -4 535 5 732 -6 236 7 997 8 193 -9 203 10 949
10 1 119 -2 817 -3 129 4 815 5 991 6 353 -7 280 8 340 -9 861 10 902
10 -1 308 2 437 3 310 4 887 5 243 6 267 -7 402 -8 200 9 324 10 869
10 -1 584 2 848 -3 468 -4 369 5 740 -6 751 -7 965 -8 498 -9 70 -10 409
10 1 797 2 19 -3 547 -4 336 5 623 -6 226 -7 371 -8 560 9 824 10 395
10 1 147 -2 205 3 742 -4 97 5 276 -6 759 -7 192 8 841 9 108 10 519
10 1 905 -2 85 3 214 -4 445 5 707 6 380 7 711 -8 29 -9 594 -10 993
10 -1 226 -2 183 -3 647 -4 537 5 752 6 967 -7 278 -8 579 9 117 10 804
10 1 889 -2 244 3 978 -4 985 5 487 -6 656 -7 898 -8 104 -9 133 -10 682
10 -1 137 2 223 3 404 4 390 -5 989 -6 772 7 59 -8 449 9 59 -10 790
10 -1 507 -2 179 3 920 -4 160 -5 800 -6 961 -7 971 -8 522 -9 783 -10 642
10 -1 818 2 683 3 104 4 459 5 359 -6 51 -7 915 8 541 -9 539 -10 761
10 1 777 -2 542 -3 629 4 973 5 891 -6 539 7 136 8 602 -9 299 10 828
10 -1 657 2 524 -3 492 -4 446 -5 983 6 123 7 840 8 244 -9 599 10 132
10 -1 534 2 312 -3 299 4 609 5 648 6 578 7 514 8 712 9 250 -10 233
10 1 704 2 776 -3 131 4 389 -5 697 -6 980 7 500 -8 268 9 508 -10 377
10 1 216 2 522 3 869 -4 79 5 26 6 44 7 739 -8 298 -9 722 10 651
10 1 502 2 443 3 959 -4 261 -5 966 6 691 7 784 -8 888 9 837 10 545
10 1 326 2 194 3 198 4 491 5 324 -6 288 -7 510 8 444 -9 745 10 969
10 -1 197 2 132 -3 510 4 529 -5 902 -6 705 -7 145 -8 540 9 208 -10 81
10 -1 692 2 864 -3 191 4 104 -5 988 -6 980 -7 533 8 677 -9 647 -10 948
10 -1 258 -2 21 3 694 4 591 5 443 6 759 7 595 -8 836 9 431 10 67
10 -1 134 2 606 3 872 4 917 -5 58 6 787 7 702 8 13 -9 336 10 265
10 -1 577 2 940 -3 834 4 156 -5 73 -6 50 -7 722 8 741 -9 267 -10 181
10 1 247 -2 481 -3 496 4 599 5 431 -6 410 7 188 -8 838 -9 560 -10 354
10 1 551 2 178 -3 160 -4 829 5 799 6 867 7 734 8 516 -9 807 -10 318
10 1 544 -2 331 3 958 -4 628 5 451 6 577 7 681 -8 321 9 966 10 581
10 1 619 -2 22 3 616 -4 768 -5 554 6 552 7 831 -8 343 -9 519 -10 953
10 1 567 2 766 3 60 4 650 -5 1000 -6 8 -7 977 -8 571 9 314 10 644
10 -1 101 2 671 3 783 4 622 5 15 -6 786 7 277 8 180 9 292 10 201
10 1 56 2 157 -3 786 -4 693 5 569 -6 427 -7 46 8 543 -9 899 -10 830
10 1 844 -2 304 -3 103 -4 473 -5 594 6 54 -7 14 8 267 -9 988 10 674
10 -1 695 -2 242 -3 334 -4 281 5 111 6 387 -7 103 8 303 -9 506 -10 943
10 -1 590 -2 920 -3 502 -4 372 5 457 6 323 7 128 -8 352 9 778 -10 462
10 -1 748 -2 537 3 64 4 289 -5 700 -6 63 7 875 8 117 9 899 -10 548
10 1 207 -2 404 3 226 4 314 5 187 6 511 7 548 8 380 -9 603 -10 644
10 1 923 2 235 -3 452 -4 797 -5 524 -6 77 -7 133 -8 92 -9 330 10 171
10 -1 669 -2 425 -3 506 -4 93 5 832 -6 711 7 313 -8 729 9 571 10 720
10 -1 310 -2 596 3 15 4 741 5 925 -6 361 7 977 8 838 -9 183 10 105
10 1 721 -2 634 3 613 -4 408 -5 768 6 27 7 69 8 597 -9 325 10 423
10 1 165 -2 380 3 644 4 725 5 735 6 567 7 83 -8 513 -9 302 10 161
10 1 481 -2 482 3 546 -4 659 5 390 6 779 7 742 8 21 9 656 10 748
10 1 948 2 849 3 311 4 956 -5 178 6 784 -7 41 -8 616 -9 81 10 522
10 -1 879 2 612 -3 308 4 151 -5 722 6 116 7 352 8 658 9 805 -10 660
10 1 529 -2 718 3 29 -4 226 -5 599 6 381 -7 460 -8 125 -9 906 -10 578
10 -1 228 2 436 3 910 4 142 5 218 6 587 7 81 8 57 -9 792 10 450
10 -1 913 2 243 -3 806 -4 384 -5 383 -6 374 7 2 8 271 -9 117 10 480
10 -1 870 -2 330 -3 880 -4 976 -5 157 6 265 -7 197 -8 60 9 741 10 687
10 1 27 2 605 -3 565 -4 951 -5 859 6 853 7 733 8 983 -9 121 10 808
10 1 655 -2 519 -3 218 4 381 5 443 6 80 -7 708 -8 9 9 348 -10 955
10 1 129 2 114 -3 95 4 675 -5 102 6 402 7 145 -8 649 9 848 10 945
10 1 277 -2 846 3 62 4 328 5 969 -6 748 7 973 -8 29 -9 168 -10 535
10 1 758 -2 371 3 342 4 29 5 144 6 720 -7 940 -8 467 -9 384 -10 750
10 -1 655 2 790 -3 908 -4 705 5 474 -6 373 -7 634 -8 533 -9 78 10 141
10 -1 334 2 798 3 316 -4 47 5 98 6 530 -7 751 8 781 -9 231 -10 948
10 1 490 2 712 3 443 4 225 -5 597 -6 631 7 102 -8 832 9 556 10 884
10 1 865 2 95 3 412 4 681 -5 440 6 464 -7 529 -8 874 9 873 -10 490
10 1 113 -2 448 -3 137 -4 449 5 718 -6 130 7 813 -8 810 -9 969 -10 48
10 -1 305 2 28 3 390 4 361 -5 557 6 322 7 855 8 926 -9 540 -10 589
10 1 664 -2 23 3 540 4 952 5 120 6 193 7 902 -8 153 -9 956 -10 480
10 -1 349 -2 91 -3 465 -4 91 -5 599 -6 733 -7 109 -8 764 -9 964 -10 484
10 -1 560 2 18 3 154 4 796 -5 493 -6 613 7 681 8 349 9 388 -10 70
10 1 347 2 546 -3 888 4 152 5 889 -6 899 7 362 -8 615 -9 908 10 221
10 -1 460 2 291 3 2 4 423 5 776 -6 265 -7 763 -8 853 9 391 -10 756
10 -1 602 2 257 -3 839 -4 125 -5 7 -6 662 7 69 -8 266 -9 324 -10 897
10 -1 867 -2 680 -3 235 -4 717 -5 893 6 959 -7 467 -8 663 9 609 10 27
10 -1 94 -2 799 3 496 4 575 5 841 6 764 7 828 -8 906 9 751 10 108
10 1 415 -2 36 3 295 4 729 -5 305 -6 579 -7 184 -8 633 9 428 -10 505
10 -1 687 -2 517 -3 1 4 640 -5 435 6 443 7 725 -8 754 9 124 10 187
10 -1 462 2 474 -3 165 -4 431 5 986 -6 525 7 160 8 131 -9 954 10 189
10 1 762 -2 493 -3 911 4 704 -5 546 -6 427 7 441 -8 94 9 305 -10 502
10 -1 245 2 632 -3 181 -4 803 5 221 -6 707 -7 484 -8 692 -9 887 -10 918
10 1 236 -2 442 -3 247 4 273 -5 934 -6 721 7 895 -8 576 -9 686 -10 871
10 1 858 2 158 -3 403 -4 733 5 946 6 844 -7 843 -8 132 9 101 10 662
10 1 266 2 483 3 586 4 757 -5 659 6 4 7 98 -8 511 -9 814 -10 965
10 -1 347 2 297 -3 139 -4 633 -5 209 -6 816 -7 708 8 435 9 550 10 454
10 -1 510 -2 276 3 507 -4 214 5 812 6 263 -7 567 8 37 9 284 10 681
10 1 219 -2 713 -3 606 -4 772 5 870 6 859 7 927 8 672 -9 292 10 301
10 1 603 2 469 -3 668 4 703 5 557 -6 427 -7 410 -8 908 -9 737 10 520
10 1 856 -2 926 3 65 4 588 5 562 6 414 -7 898 8 87 9 474 10 826
10 -1 344 2 42 3 85 -4 167 -5 270 6 121 -7 590 -8 263 -9 549 -10 663
10 1 203 2 378 3 587 -4 867 5 183 -6 509 7 768 -8 512 -9 656 -10 335
10 -1 76 2 240 -3 254 -4 585 -5 69 6 901 7 386 8 65 -9 733 10 517
10 1 920 -2 57 3 52 4 259 5 257 6 92 -7 351 8 849 9 258 10 610
10 1 172 -2 705 3 440 4 582 5 273 -6 297 7 504 -8 422 -9 808 10 313
10 -1 6 2 235 3 236 4 962 -5 199 -6 466 -7 335 8 655 9 365 10 936
10 1 268 -2 164 -3 755 -4 398 -5 861 6 425 7 193 -8 248 -9 327 -10 844
10 -1 807 2 939 3 987 4 349 5 128 -6 485 7 310 8 865 -9 982 -10 375
10 1 291 -2 475 3 330 4 740 5 255 -6 950 7 123 8 320 9 181 10 611
10 1 736 -2 287 3 939 4 557 -5 794 6 468 -7 532 8 757 -9 948 -10 499
10 -1 227 2 613 -3 475 4 27 5 82 -6 111 7 841 8 220 -9 155 10 233
10 -1 135 2 89 3 465 4 460 5 655 -6 784 7 600 8 55 9 672 10 334
10 1 828 -2 796 -3 987 4 784 5 579 -6 966 -7 868 -8 992 9 542 10 220
10 1 863 2 304 3 594 -4 197 -5 323 6 833 7 9 8 162 9 941 -10 481
10 1 724 2 727 3 785 4 987 5 85 -6 757 -7 95 8 665 9 399 10 366
10 -1 679 -2 318 3 975 4 469 -5 670 -6 414 7 433 8 147 9 305 -10 515
10 -1 820 -2 84 3 421 -4 696 -5 924 6 856 -7 493 -8 736 -9 508 10 243
10 -1 843 2 826 3 390 4 136 5 272 6 112 7 492 -8 862 9 990 10 865
10 1 740 -2 56 3 790 -4 890 5 30 -6 518 7 507 8 99 9 922 -10 15
10 -1 845 -2 195 3 395 4 628 5 554 6 127 -7 246 -8 785 9 529 10 830
10 -1 377 -2 432 3 242 4 208 5 238 -6 414 7 896 -8 68 9 789 10 747
10 -1 608 2 470 3 888 4 213 -5 941 6 869 7 764 -8 320 9 914 10 699
10 1 296 -2 153 -3 120 4 957 5 292 6 416 -7 664 -8 515 -9 216 -10 755
10 1 651 2 482 -3 867 4 882 5 810 6 286 -7 899 -8 720 -9 834 -10 541
10 1 436 -2 37 3 591 -4 750 5 7 -6 30 7 189 8 77 9 21 -10 707
10 -1 538 2 194 3 618 -4 716 5 755 6 833 7 693 8 522 -9 501 10 236
10 1 862 -2 518 3 56 4 478 5 847 -6 843 -7 197 -8 195 -9 128 -10 114
10 1 869 2 797 3 547 -4 711 -5 955 6 247 -7 313 8 354 9 28 10 3
10 -1 402 2 231 -3 557 4 334 5 31 6 244 -7 66 8 463 9 899 -10 365
10 -1 546 -2 448 3 807 4 862 -5 74 -6 191 -7 688 8 430 -9 293 -10 874
10 -1 564 -2 30 3 658 -4 990 5 502 6 908 -7 758 -8 176 9 876 10 701
10 -1 341 2 305 -3 26 -4 751 5 356 6 430 7 852 -8 596 -9 866 -10 505
10 1 563 -2 801 3 287 4 620 -5 678 -6 435 7 613 -8 580 9 743 -10 294
10 1 682 2 73 -3 132 -4 923 5 403 -6 474 7 167 8 59 9 796 10 758
10 -1 996 2 147 -3 457 -4 215 5 552 -6 650 -7 187 8 126 -9 986 10 429
10 -1 598 -2 156 -3 288 -4 998 5 650 6 571 7 474 8 264 9 726 10 596
10 -1 988 -2 314 -3 327 4 35 -5 581 6 30 -7 408 8 90 -9 43 10 871
10 1 549 -2 2 -3 739 4 64 5 940 -6 883 7 59 -8 578 9 84 -10 444
10 1 804 2 453 -3 843 -4 105 -5 158 6 670 -7 788 -8 490 9 705 -10 623
10 1 191 2 552 -3 281 -4 115 5 837 6 650 -7 609 -8 504 9 343 -10 182
10 1 655 2 937 -3 929 -4 984 5 707 -6 707 7 67 -8 822 -9 206 -10 925
10 1 757 -2 929 -3 166 4 250 -5 641 6 118 -7 108 8 741 -9 763 -10 68
10 1 548 -2 197 -3 257 4 311 -5 612 -6 378 -7 731 -8 276 -9 603 10 143
10 -1 212 2 321 3 561 4 152 -5 703 6 940 7 704 -8 865 -9 15 -10 661
10 1 693 -2 262 3 58 4 453 -5 578 -6 36 7 821 -8 147 9 176 -10 733
10 -1 50 -2 44 -3 758 -4 669 -5 906 -6 633 7 413 -8 364 -9 947 -10 333
10 -1 20 2 677 3 294 4 984 -5 931 -6 569 -7 27 -8 347 9 102 -10 803
10 -1 140 2 300 -3 793 -4 992 5 272 -6 968 -7 639 8 97 -9 370 10 75
10 -1 678 2 929 -3 686 4 19 5 691 -6 228 -7 417 8 822 -9 180 10 481
10 -1 545 2 463 -3 367 -4 764 5 827 6 741 -7 581 -8 142 -9 570 10 744
10 -1 548 -2 543 3 553 -4 936 5 319 6 382 -7 633 -8 23 -9 913 10 135
10 -1 533 -2 826 3 684 -4 102 -5 986 6 533 -7 899 -8 989 -9 312 -10 842
10 1 239 2 845 -3 201 -4 839 5 38 6 204 -7 192 8 238 -9 985 10 51
10 1 82 2 861 3 443 4 729 5 904 6 861 7 100 -8 936 -9 688 10 555
10 1 622 -2 829 3 643 4 629 -5 155 6 175 -7 254 8 115 9 541 10 687
10 -1 401 2 671 -3 895 4 502 5 285 -6 320 7 360 8 221 -9 445 -10 419
10 1 142 2 255 -3 564 -4 614 -5 678 6 675 -7 463 -8 125 9 541 10 867
10 -1 113 2 787 -3 644 -4 359 -5 565 6 757 7 954 -8 236 -9 825 -10 450
10 -1 697 2 229 3 194 4 784 -5 121 6 14 -7 759 8 762 -9 36 -10 362
10 1 548 2 95 -3 963 -4 908 -5 125 -6 813 7 800 8 832 -9 242 10 332
10 1 645 -2 160 3 902 -4 949 -5 897 -6 332 7 367 -8 974 9 714 10 301
10 1 514 -2 722 3 206 4 372 -5 903 6 283 -7 736 8 312 9 453 10 433
10 -1 556 2 301 -3 789 -4 938 -5 324 -6 2 7 309 8 565 9 400 -10 928
10 1 766 2 867 -3 172 -4 845 5 232 -6 898 7 547 8 494 9 439 10 304
10 -1 39 -2 577 -3 733 4 373 5 443 -6 318 -7 590 8 980 -9 578 10 207
10 1 976 -2 405 -3 769 -4 613 5 466 6 681 -7 786 -8 77 -9 824 -10 103
10 -1 446 2 434 -3 275 4 395 5 766 6 883 -7 960 -8 603 -9 108 10 837
10 -1 939 -2 919 -3 963 4 223 -5 653 6 16 -7 184 8 356 9 522 10 237
10 -1 319 2 144 -3 917 4 505 -5 101 6 161 -7 176 -8 539 9 833 10 405
10 1 961 -2 778 3 155 4 991 -5 624 6 157 7 791 -8 170 -9 910 -10 249
10 1 557 2 66 -3 654 4 445 -5 430 -6 257 7 537 8 976 -9 920 -10 557
10 -1 373 -2 939 3 478 -4 363 -5 784 6 375 -7 203 -8 631 9 690 -10 887
10 -1 943 -2 164 -3 432 4 9 5 313 -6 751 7 718 8 285 -9 923 10 673
10 -1 640 -2 419 -3 44 -4 919 -5 201 6 733 -7 855 8 678 9 990 10 31
10 -1 93 -2 378 3 454 -4 286 5 757 6 579 7 121 8 501 -9 969 -10 472
10 -1 190 -2 774 -3 874 -4 549 -5 356 6 943 7 574 8 198 -9 74 10 374
10 1 196 2 566 3 270 4 194 -5 746 -6 604 -7 133 -8 865 9 244 -10 827
10 -1 773 2 256 3 702 -4 602 5 245 -6 500 -7 516 8 126 -9 899 10 734
10 -1 605 -2 717 -3 193 4 397 -5 610 -6 619 -7 403 -8 309 -9 364 -10 163
10 -1 77 2 370 -3 325 -4 630 5 608 -6 363 -7 289 8 884 9 841 10 689
10 -1 955 -2 352 -3 398 4 503 -5 486 -6 202 -7 678 8 219 -9 749 -10 721
10 -1 677 2 652 3 563 4 114 -5 405 6 105 7 804 -8 882 -9 435 -10 799
10 -1 109 2 608 -3 324 4 144 5 10 -6 205 -7 903 -8 379 -9 982 -10 725
10 1 593 2 296 -3 643 -4 372 -5 972 6 933 7 617 8 415 -9 883 10 777
10 -1 929 -2 518 -3 172 4 366 -5 713 6 594 7 416 -8 269 9 491 -10 428
10 1 38 2 222 3 594 -4 606 -5 980 -6 155 7 320 -8 208 9 456 -10 609
10 1 540 -2 644 3 870 4 773 -5 563 -6 928 7 55 -8 429 9 23 10 599
10 -1 46 2 114 3 503 4 325 -5 708 -6 154 7 868 8 966 -9 858 10 127
10 -1 824 2 217 -3 990 -4 33 -5 953 6 475 -7 402 -8 543 9 440 -10 980
10 -1 680 -2 731 3 897 4 924 5 839 -6 925 7 151 8 411 9 317 -10 366
10 -1 170 -2 439 -3 933 4 775 5 389 6 491 -7 506 8 951 -9 83 -10 910
10 1 338 -2 201 -3 572 -4 949 -5 723 -6 73 7 130 -8 505 -9 812 10 332
10 -1 782 -2 306 3 314 4 598 -5 148 -6 256 -7 920 8 526 9 912 -10 163
10 1 38 2 939 -3 289 -4 177 5 6 -6 757 -7 916 -8 642 9 358 -10 955
10 1 82 -2 489 -3 55 4 624 5 495 6 59 7 705 8 66 9 482 10 225
10 -1 937 -2 349 -3 435 4 765 -5 952 6 450 7 98 8 624 9 629 10 754
10 -1 916 2 403 -3 594 4 94 5 366 6 48 7 931 8 286 -9 553 -10 163
10 1 167 2 869 -3 753 -4 470 5 870 6 206 7 264 8 438 -9 155 -10 426
10 1 79 -2 773 3 711 4 547 5 573 6 343 7 990 -8 811 -9 769 -10 823
10 -1 421 -2 251 3 125 4 639 -5 381 -6 642 7 933 8 456 9 587 -10 726
10 -1 238 2 919 3 489 -4 172 -5 31 -6 873 -7 73 8 894 9 62 -10 575
10 -1 571 -2 418 3 986 4 142 5 77 -6 29 7 42 -8 422 -9 551 10 370
10 -1 394 -2 312 -3 901 4 785 -5 283 6 170 -7 891 -8 262 9 403 -10 207
10 -1 401 2 54 3 26 -4 933 5 102 -6 937 7 605 8 309 -9 140 -10 928
10 -1 350 -2 70 -3 379 -4 259 5 117 -6 711 -7 658 8 401 -9 964 10 672
10 1 776 -2 909 3 293 -4 25 -5 796 -6 45 -7 791 8 747 -9 862 10 73
10 -1 85 -2 76 -3 333 4 287 5 542 -6 841 7 680 8 195 9 476 10 182
10 1 853 2 432 -3 918 -4 853 -5 245 6 116 7 790 -8 704 9 173 10 355
10 1 934 2 709 3 722 4 734 -5 287 6 570 7 142 -8 888 -9 483 -10 971
10 1 159 2 838 3 78 4 989 5 784 6 350 -7 461 8 557 9 569 10 704
10 -1 938 2 278 -3 261 -4 471 5 328 6 647 -7 662 -8 223 9 969 10 945
10 -1 857 -2 399 -3 309 4 605 5 17 6 463 7 725 8 854 -9 687 -10 507
10 1 562 2 370 3 412 -4 603 -5 809 -6 403 7 880 -8 894 9 276 10 635
10 1 459 2 728 -3 370 -4 872 5 326 6 241 -7 532 8 48 -9 948 10 468
10 1 172 -2 921 -3 778 -4 704 5 159 6 450 -7 822 -8 217 9 910 10 744
10 1 770 -2 45 -3 635 4 968 5 537 6 394 7 197 -8 270 -9 822 10 627
10 1 308 2 13 -3 772 4 928 5 66 -6 528 7 285 -8 1 -9 220 -10 482
10 1 313 -2 97 -3 54 4 395 5 212 -6 757 7 937 -8 379 -9 864 -10 837
10 1 384 -2 240 -3 447 4 829 -5 816 6 913 7 471 -8 384 9 580 -10 307
10 -1 170 -2 533 -3 135 -4 254 -5 34 6 95 -7 26 -8 909 9 908 -10 798
10 1 337 -2 209 3 113 4 495 5 737 -6 640 -7 576 8 809 -9 428 -10 680
10 1 70 -2 728 -3 147 -4 308 5 827 -6 401 7 6 8 50 9 499 -10 519
10 1 577 2 659 3 696 4 214 5 458 -6 356 7 97 8 383 -9 983 -10 532
10 1 28 2 351 -3 990 -4 484 5 549 6 975 -7 766 -8 92 -9 930 -10 730
10 1 283 2 464 3 804 -4 223 5 514 -6 476 -7 823 8 898 9 591 -10 25
10 -1 872 -2 594 3 74 -4 547 5 760 -6 955 -7 173 -8 735 9 809 10 363
10 1 806 -2 888 3 249 -4 923 5 169 6 701 7 87 8 336 -9 427 10 193
10 -1 260 2 102 3 567 -4 965 5 538 -6 835 7 601 -8 655 -9 358 -10 113
10 1 928 -2 270 3 13 4 137 -5 128 -6 217 -7 799 -8 273 9 128 10 666
10 1 925 -2 708 -3 660 -4 662 -5 933 6 236 -7 665 8 513 9 738 -10 999
10 -1 534 -2 999 3 628 -4 34 -5 577 6 433 7 70 8 851 9 878 -10 744
10 -1 915 -2 281 3 514 -4 499 -5 95 6 19 -7 974 -8 677 -9 9 -10 471
10 1 558 -2 579 3 894 -4 122 5 73 -6 576 7 266 8 531 -9 722 10 646
10 -1 924 -2 312 -3 452 -4 134 -5 362 -6 362 7 900 -8 607 9 968 10 751
10 -1 382 2 84 -3 394 -4 758 -5 651 6 43 7 403 -8 120 -9 692 -10 885
10 -1 259 2 695 3 746 -4 855 5 259 -6 53 7 349 -8 396 -9 195 -10 554
10 1 745 2 949 -3 919 -4 330 -5 264 6 216 -7 272 -8 618 9 162 -10 522
10 -1 295 -2 52 3 154 4 925 5 321 -6 77 -7 159 -8 572 9 834 -10 525
10 -1 212 2 75 3 635 4 147 5 858 -6 357 7 439 -8 910 9 313 -10 246
10 -1 817 -2 47 -3 774 -4 631 -5 498 -6 403 7 909 -8 103 9 974 10 756
10 1 133 2 560 -3 907 4 695 5 135 6 728 -7 863 -8 648 -9 334 10 853
10 1 844 2 554 3 425 -4 464 -5 184 6 281 7 147 -8 813 9 488 10 991
10 1 762 -2 5 -3 279 4 484 5 887 -6 840 -7 284 -8 11 -9 365 -10 125
10 1 135 2 298 3 377 4 503 -5 8 6 176 7 280 -8 491 -9 744 10 914
10 -1 965 -2 879 3 134 -4 399 -5 113 -6 851 7 503 -8 10 -9 159 -10 409
10 -1 908 2 111 -3 342 4 544 -5 190 -6 251 7 895 -8 685 -9 908 -10 336
10 1 387 -2 23 -3 738 -4 255 -5 331 -6 638 7 698 -8 148 9 416 -10 462
10 -1 390 2 910 3 457 4 690 -5 940 6 69 7 834 8 430 9 727 -10 982
10 -1 767 -2 148 -3 995 -4 599 -5 357 6 571 7 862 8 924 9 4 10 319
10 -1 686 -2 823 3 877 4 795 5 732 6 871 -7 581 8 192 9 708 -10 269
10 1 922 2 504 3 593 4 655 -5 897 6 798 -7 510 -8 927 -9 319 10 689
10 -1 693 -2 916 3 15 -4 703 -5 446 6 871 7 156 -8 974 9 991 10 536
10 -1 490 -2 435 -3 708 -4 952 5 488 -6 14 -7 38 8 533 -9 158 -10 508
10 1 885 2 473 3 199 4 48 5 703 -6 458 -7 388 8 271 9 451 -10 78
10 1 292 -2 991 -3 378 -4 651 5 241 6 155 -7 87 -8 721 -9 155 10 665
10 1 652 2 82 -3 13 -4 518 5 843 -6 954 7 235 -8 26 -9 813 10 963
10 -1 353 -2 438 3 927 -4 647 -5 446 6 318 7 699 8 374 -9 80 10 38
10 1 561 -2 323 -3 613 4 884 5 292 -6 294 7 799 -8 829 -9 302 -10 707
10 -1 141 2 548 3 6 -4 203 5 351 -6 795 -7 821 -8 527 -9 807 10 505
10 -1 390 2 532 -3 479 -4 940 -5 2 -6 751 -7 271 -8 278 -9 815 10 895
10 1 399 -2 661 3 446 -4 169 5 541 6 746 -7 915 8 476 -9 860 10 459
10 -1 844 -2 942 3 858 -4 267 5 207 -6 588 7 422 8 715 9 233 10 40
10 1 408 -2 621 3 349 -4 106 5 878 -6 714 -7 331 8 748 9 527 10 328
10 -1 639 2 763 -3 394 -4 647 5 782 6 772 -7 876 -8 798 9 792 10 677
10 1 939 -2 621 -3 773 4 199 5 198 -6 702 -7 141 8 461 -9 458 -10 536
10 -1 28 2 306 -3 32 4 658 -5 290 6 168 7 600 -8 767 -9 800 -10 743
10 1 930 2 822 3 643 4 893 5 953 6 847 7 650 8 261 -9 613 -10 101
10 1 737 -2 749 3 216 -4 408 5 602 6 132 7 830 -8 95 -9 697 -10 998
10 1 218 -2 499 -3 199 4 139 -5 222 6 359 -7 155 8 801 -9 266 -10 784
10 1 762 2 467 3 461 -4 312 5 320 -6 436 -7 482 8 141 9 420 -10 248
10 -1 974 2 832 -3 912 4 824 5 945 6 161 7 228 -8 336 9 331 -10 369
10 1 378 -2 416 3 282 4 187 -5 889 -6 644 -7 596 -8 2 9 436 10 115
10 -1 21 -2 312 3 974 -4 584 -5 589 6 934 7 97 8 964 -9 489 10 174
10 -1 155 2 444 -3 550 -4 746 5 853 -6 997 -7 216 8 103 9 784 10 229
10 1 845 -2 188 3 261 -4 936 -5 579 -6 681 -7 108 -8 957 -9 295 -10 114
10 -1 866 2 409 -3 741 -4 417 -5 821 6 31 -7 839 8 420 -9 504 -10 708
10 1 240 2 795 -3 283 -4 101 5 379 -6 569 7 299 -8 950 9 895 10 335
10 -1 710 -2 420 -3 901 4 560 5 703 -6 110 -7 312 8 349 9 119 -10 256
10 1 351 2 810 3 800 -4 312 5 39 -6 159 7 556 8 497 -9 401 -10 647
10 1 213 -2 314 -3 556 4 373 5 379 -6 198 7 490 -8 771 9 874 10 551
10 1 270 2 330 3 667 -4 475 -5 941 6 654 -7 132 8 830 -9 357 10 554
10 1 724 2 641 -3 829 4 351 5 187 6 513 -7 702 8 646 -9 665 -10 961
10 -1 289 -2 172 -3 903 4 566 -5 115 -6 145 7 193 -8 589 9 333 10 643
10 1 722 2 458 -3 277 4 143 -5 870 6 654 -7 817 8 128 9 408 -10 724
10 1 546 2 518 -3 195 4 791 5 156 -6 288 7 63 -8 73 9 285 10 93
10 -1 809 -2 75 -3 424 4 493 5 976 6 733 7 763 -8 407 9 605 -10 991
10 -1 811 -2 570 3 388 -4 206 -5 969 -6 406 7 26 8 495 9 727 10 5
10 1 27 -2 689 3 38 -4 671 5 731 -6 669 7 533 -8 302 9 630 -10 631
10 1 180 2 994 3 435 -4 197 5 449 -6 284 -7 595 8 198 -9 835 10 900
10 -1 502 -2 621 3 450 -4 907 5 16 -6 95 -7 149 8 734 -9 170 10 31
10 1 480 -2 254 3 56 4 852 -5 919 -6 651 -7 355 -8 998 9 765 10 431
10 1 722 2 725 -3 343 4 417 -5 508 -6 965 7 531 -8 505 -9 547 10 750
10 1 338 -2 43 -3 66 4 399 5 703 6 123 -7 286 -8 270 9 601 -10 584
10 1 148 2 966 3 267 -4 656 5 160 6 365 7 14 8 465 -9 971 -10 602
10 1 289 -2 406 -3 354 -4 60 5 604 6 286 7 34 -8 292 9 27 10 552
10 1 464 -2 617 3 722 -4 228 -5 481 -6 872 -7 378 -8 840 -9 402 10 955
10 -1 984 2 913 -3 414 -4 691 5 21 -6 312 -7 390 8 848 -9 170 -10 619
10 -1 903 -2 893 -3 637 4 68 5 647 6 643 7 256 -8 643 9 619 10 863
10 -1 516 -2 890 3 555 4 649 -5 100 6 612 7 29 -8 990 9 602 10 254
10 1 41 -2 313 3 791 4 734 -5 870 6 423 -7 67 8 193 9 691 -10 724
10 -1 162 -2 541 3 375 4 991 -5 850 -6 203 7 781 8 275 -9 962 -10 115
10 1 895 -2 27 -3 470 -4 978 -5 751 6 896 7 454 -8 837 -9 433 -10 476
10 -1 126 2 352 -3 877 4 638 5 55 -6 965 7 466 8 669 -9 803 -10 148
10 1 391 2 228 -3 486 -4 466 5 909 6 713 -7 50 8 61 -9 215 -10 96
10 -1 293 -2 665 3 338 -4 961 5 971 -6 20 -7 94 8 631 9 54 10 705
10 -1 645 2 248 3 308 -4 841 -5 703 -6 19 7 223 -8 61 -9 968 -10 98
10 1 73 2 827 -3 291 -4 810 5 120 -6 220 7 51 8 416 -9 845 10 129
10 -1 504 2 48 3 675 -4 375 -5 201 -6 907 -7 638 -8 875 9 143 -10 965
10 1 499 -2 378 -3 350 -4 881 -5 518 -6 476 -7 86 8 965 9 189 -10 943
10 1 652 -2 14 -3 527 -4 170 -5 449 -6 354 7 453 8 71 -9 743 10 922
10 1 458 -2 208 3 890 -4 532 -5 404 6 442 -7 984 -8 102 -9 418 10 721
10 1 619 -2 962 -3 86 4 309 5 817 6 651 -7 142 8 653 -9 637 -10 130
10 1 487 2 2 -3 761 -4 77 5 294 6 80 7 596 8 895 -9 165 10 584
10 1 533 2 100 3 923 -4 847 5 324 6 74 -7 933 -8 501 -9 26 10 824
10 1 752 2 152 3 931 -4 824 -5 826 6 879 -7 483 8 544 9 800 10 184
10 -1 542 -2 482 -3 672 4 482 -5 319 -6 840 -7 643 -8 52 9 627 10 564
10 -1 796 2 611 -3 210 -4 356 5 480 6 170 -7 680 8 345 -9 402 -10 293
10 -1 786 2 884 3 922 -4 981 5 417 -6 298 -7 674 8 291 -9 813 -10 66
10 1 136 2 544 3 911 -4 134 5 863 6 934 7 850 8 524 -9 280 10 517
10 -1 547 2 751 -3 279 -4 345 -5 848 -6 644 -7 828 -8 728 9 822 -10 102
10 -1 565 -2 669 3 212 -4 34 -5 510 -6 230 -7 624 8 773 -9 467 -10 959
10 -1 4 -2 478 -3 512 -4 493 5 168 -6 204 -7 593 -8 398 -9 446 10 258
10 1 716 2 565 3 480 4 737 -5 145 -6 18 7 306 -8 150 -9 405 -10 152
10 1 712 -2 370 3 737 -4 368 5 988 -6 67 -7 976 8 91 9 477 10 865
10 1 21 2 24 3 833 4 298 5 827 6 505 7 451 -8 317 -9 677 10 930
10 -1 519 2 212 -3 336 4 891 5 729 6 640 7 842 -8 15 -9 719 -10 851
10 1 789 -2 446 3 639 -4 54 -5 22 6 181 7 264 8 347 9 846 -10 389
10 1 385 -2 335 3 656 4 28 -5 549 -6 62 -7 34 8 999 9 648 -10 722
10 -1 7 -2 639 -3 855 -4 533 -5 118 6 851 -7 995 -8 813 -9 366 10 400
10 -1 647 2 786 3 811 4 558 5 431 6 88 -7 695 -8 10 -9 762 10 504
10 1 812 2 956 3 145 -4 227 -5 199 -6 584 7 895 -8 232 -9 751 10 144
10 1 407 2 908 3 984 -4 422 5 64 6 729 -7 289 -8 849 -9 280 -10 34
10 -1 451 -2 929 3 259 4 301 5 668 -6 547 7 559 8 99 -9 247 10 95
10 1 727 -2 872 -3 444 -4 845 -5 99 6 197 7 729 -8 733 -9 190 -10 519
10 1 913 2 239 3 34 -4 158 -5 999 -6 669 -7 663 -8 493 -9 599 -10 313
10 1 715 2 988 3 130 -4 268 -5 15 6 719 -7 996 8 179 9 38 10 449
10 1 627 -2 901 -3 170 4 301 -5 39 -6 267 -7 90 8 971 9 497 -10 109
10 -1 582 -2 533 3 32 -4 915 -5 373 -6 427 -7 699 -8 253 -9 340 10 850
10 -1 638 2 554 -3 697 4 150 5 406 6 910 7 31 -8 555 9 727 10 430
10 1 668 -2 423 3 293 -4 905 -5 356 6 52 7 677 8 710 9 615 -10 606
10 1 837 2 408 3 868 4 567 5 37 -6 78 7 651 8 145 -9 1000 -10 43
10 1 683 2 725 3 507 4 433 -5 575 6 904 7 242 8 168 -9 570 10 554
10 -1 996 2 567 3 627 4 496 -5 974 -6 35 7 550 -8 81 -9 971 10 519
10 -1 40 -2 454 -3 604 4 473 5 748 -6 528 7 668 -8 716 -9 13 -10 685
10 -1 283 2 482 3 537 -4 117 5 58 6 148 7 356 -8 760 9 785 10 591
10 -1 916 2 84 3 557 -4 679 5 244 6 677 7 487 -8 735 -9 941 -10 646
10 1 8 -2 227 -3 824 4 65 5 163 6 991 -7 490 8 972 9 54 -10 769
10 1 966 2 260 3 62 -4 463 5 492 -6 518 -7 720 8 195 -9 879 10 776
10 1 788 -2 811 3 164 -4 2 -5 171 6 916 -7 370 -8 25 -9 480 10 774
10 1 1 2 708 3 312 -4 397 5 853 6 472 7 155 8 511 9 31 -10 154
10 -1 290 2 615 3 675 4 670 -5 186 -6 813 7 783 8 787 9 79 -10 600
10 1 668 -2 712 -3 11 -4 183 -5 478 -6 375 7 684 8 96 -9 338 10 768
10 1 161 2 801 -3 114 -4 96 5 544 6 882 -7 108 -8 604 9 211 10 113
10 -1 964 2 183 -3 25 4 877 5 576 -6 415 -7 773 -8 272 -9 487 -10 893
10 -1 703 -2 357 3 911 -4 569 -5 749 -6 613 7 268 -8 723 9 867 -10 158
10 -1 596 -2 22 3 854 -4 321 5 639 -6 290 -7 887 8 590 -9 772 10 757
10 1 884 -2 205 3 486 -4 167 -5 338 -6 428 7 665 8 273 9 551 10 208
10 -1 325 2 834 3 623 4 165 5 223 6 38 7 174 8 137 -9 261 10 658
10 1 832 2 975 -3 349 -4 773 5 900 -6 57 -7 42 8 163 9 529 -10 216
10 -1 239 2 853 -3 577 4 747 5 609 -6 9 -7 592 -8 322 -9 842 10 248
10 -1 854 2 587 -3 596 -4 613 5 9 6 771 7 912 8 740 9 89 10 795
10 1 130 -2 341 3 525 4 326 -5 596 6 205 7 483 -8 253 9 137 10 560
10 1 24 2 231 3 47 4 373 -5 510 6 797 7 55 8 907 9 474 -10 988
10 -1 883 -2 400 3 337 4 965 -5 637 -6 202 7 252 8 352 -9 861 10 730
10 1 917 -2 707 -3 494 4 415 5 933 -6 170 7 302 8 705 9 879 10 946
10 -1 520 2 214 3 252 4 813 5 626 6 237 -7 635 -8 191 -9 208 10 862
10 -1 82 2 24 3 73 -4 660 -5 117 6 304 7 869 8 205 9 123 -10 72
10 1 18 -2 824 3 264 4 578 -5 594 6 964 -7 773 8 244 -9 68 -10 430
10 -1 778 2 293 -3 855 -4 494 -5 592 6 389 7 37 8 567 9 150 -10 449
10 -1 703 2 485 -3 234 4 730 5 873 -6 678 -7 722 -8 854 9 624 10 743
10 -1 253 2 866 -3 527 -4 802 -5 529 -6 726 7 764 -8 426 -9 505 -10 261
10 1 66 -2 798 -3 651 4 35 5 177 -6 662 -7 779 8 902 -9 625 10 102
10 -1 691 2 575 3 898 4 819 -5 432 6 59 -7 828 8 975 9 584 -10 531
10 1 639 -2 198 -3 941 4 697 -5 62 -6 596 7 307 -8 371 9 713 10 526
10 -1 449 2 965 -3 428 4 279 5 848 -6 737 7 557 -8 53 9 627 10 737
10 -1 544 -2 48 3 958 4 343 -5 193 -6 932 7 470 8 277 -9 558 -10 229
10 1 376 -2 449 -3 737 4 536 -5 337 6 334 -7 686 -8 488 -9 782 10 649
10 -1 829 -2 245 -3 490 -4 802 5 13 -6 291 7 702 -8 202 9 586 10 240
10 -1 494 2 466 3 144 4 998 -5 569 6 65 7 711 -8 123 9 473 -10 837
10 1 280 -2 59 3 71 -4 45 5 181 -6 204 -7 716 8 711 9 231 -10 649
10 1 687 2 352 3 840 -4 190 5 101 6 420 -7 361 8 362 9 992 -10 427
10 1 233 2 730 3 268 -4 856 5 436 6 134 -7 213 -8 525 9 463 -10 896
10 1 121 2 807 3 835 4 401 5 691 -6 573 -7 750 -8 506 9 859 10 464
10 -1 578 -2 161 3 477 -4 746 5 817 -6 900 7 703 -8 561 -9 448 -10 996
10 1 845 2 778 -3 634 -4 250 -5 844 6 410 -7 384 8 780 -9 276 -10 516
10 1 521 -2 279 -3 689 -4 482 5 241 6 265 7 499 8 660 9 220 -10 258
10 1 590 2 591 -3 460 4 168 5 671 6 609 7 375 -8 949 -9 355 -10 488
10 -1 231 -2 304 -3 945 4 23 5 920 -6 946 7 649 -8 311 -9 470 10 361
10 -1 214 2 183 3 604 -4 108 -5 560 6 421 -7 582 -8 879 -9 305 -10 581
10 -1 77 -2 230 -3 458 4 7 -5 875 -6 29 7 266 8 659 -9 514 10 754
10 1 301 2 989 -3 894 4 981 -5 818 -6 385 -7 493 -8 493 9 899 -10 341
10 1 219 -2 62 3 720 4 107 5 337 -6 588 -7 849 -8 887 -9 279 -10 628
10 -1 263 2 814 3 789 4 744 5 750 6 766 -7 558 -8 993 9 827 -10 393
10 1 199 2 366 3 44 -4 733 5 358 -6 848 -7 608 -8 680 9 483 10 485
10 -1 861 -2 96 -3 38 -4 228 -5 860 6 198 7 129 8 483 -9 14 -10 749
10 1 581 -2 628 -3 855 -4 25 5 183 -6 172 -7 608 8 160 9 925 10 619
10 -1 8 2 886 3 843 -4 94 -5 766 6 784 7 666 -8 607 9 532 -10 693
10 -1 815 -2 864 3 686 4 34 5 747 6 601 -7 779 8 952 9 371 -10 832
10 1 40 -2 558 3 412 4 217 5 694 6 437 7 485 -8 251 9 664 -10 56
10 -1 969 -2 109 -3 33 -4 805 5 981 6 568 -7 551 -8 945 -9 895 -10 141
10 1 709 -2 192 -3 149 4 479 -5 696 -6 9 -7 137 -8 943 -9 865 10 740
10 -1 21 -2 492 3 638 4 44 5 315 -6 25 -7 203 8 591 9 633 -10 386
10 -1 157 -2 70 -3 207 4 56 -5 994 -6 504 -7 887 8 776 9 582 -10 648
10 1 868 2 181 -3 324 -4 298 -5 847 -6 942 7 261 -8 780 -9 391 -10 961
10 1 157 2 735 -3 183 -4 756 -5 346 -6 942 -7 832 -8 215 -9 106 -10 846
10 -1 697 2 458 3 381 -4 866 -5 194 6 298 7 355 8 856 9 437 -10 211
10 1 284 2 105 3 120 -4 340 -5 396 -6 570 -7 949 8 536 9 136 10 868
10 1 674 -2 123 -3 295 4 317 5 175 -6 320 7 840 -8 672 9 118 10 736
10 -1 351 -2 491 3 861 -4 415 5 473 -6 364 -7 795 8 498 -9 176 10 762
10 1 375 -2 75 3 977 -4 506 -5 757 6 15 -7 247 8 71 9 667 -10 599
10 1 102 2 71 -3 931 4 403 5 436 6 748 -7 663 8 585 9 792 10 369
10 1 252 -2 621 3 986 4 349 -5 457 6 485 7 707 -8 223 -9 817 10 833
10 -1 632 2 898 -3 305 4 293 -5 918 -6 320 7 104 8 762 9 322 -10 962
10 -1 204 -2 736 -3 92 4 607 -5 926 -6 163 -7 945 8 45 -9 848 -10 883
10 1 513 2 180 -3 915 -4 948 -5 635 6 893 7 899 -8 649 9 444 -10 718
10 -1 818 2 736 -3 674 4 570 -5 860 6 902 -7 842 -8 394 -9 758 10 802
10 -1 130 -2 724 3 695 -4 508 5 173 6 637 7 180 -8 133 9 703 -10 482
10 -1 56 -2 511 -3 96 -4 941 5 883 -6 860 -7 193 -8 124 9 876 10 428
10 -1 592 2 616 -3 257 -4 646 5 120 -6 767 7 376 8 495 -9 981 10 73
10 -1 935 -2 939 3 370 -4 410 -5 134 6 755 -7 493 -8 798 9 555 10 43
10 1 872 2 532 -3 923 -4 787 5 533 -6 957 7 376 -8 85 -9 438 -10 826
10 -1 525 2 316 -3 91 -4 469 -5 522 -6 428 -7 195 8 28 -9 321 -10 108
10 1 22 2 257 -3 758 -4 261 -5 327 6 11 7 206 -8 957 -9 564 -10 475
10 -1 846 2 457 -3 801 -4 708 -5 262 6 137 -7 996 -8 955 -9 272 -10 784
10 1 525 2 412 -3 326 4 729 -5 550 -6 520 7 44 8 24 -9 89 10 787
10 1 434 -2 473 3 521 4 746 5 287 6 835 7 277 8 457 -9 212 -10 5
10 1 367 -2 52 3 924 -4 903 -5 815 -6 414 7 746 -8 347 -9 242 -10 425
10 1 615 2 779 3 147 -4 608 5 414 -6 773 7 5 -8 49 -9 819 10 77
10 1 824 2 804 3 346 4 77 -5 27 -6 510 7 997 8 762 9 232 10 568
10 -1 508 -2 126 -3 185 4 720 5 152 -6 521 -7 107 8 288 9 906 10 737
10 -1 284 -2 982 3 710 -4 433 5 162 -6 533 -7 145 8 223 -9 608 -10 17
10 -1 632 -2 834 -3 425 4 397 5 247 6 734 7 341 -8 454 -9 37 -10 108
10 -1 477 -2 992 -3 203 4 587 5 487 -6 888 7 636 -8 91 -9 304 10 884
10 1 280 2 441 -3 22 -4 838 5 364 6 252 -7 48 -8 31 -9 16 -10 821
10 1 317 2 282 3 796 4 348 -5 708 -6 164 7 350 -8 635 9 212 -10 381
10 -1 658 -2 468 -3 841 4 467 5 29 6 283 7 445 8 368 -9 812 -10 381
10 1 111 -2 562 3 921 4 765 -5 470 -6 996 7 467 -8 796 -9 668 10 562
10 -1 670 2 722 -3 109 4 323 -5 564 -6 135 7 105 -8 335 9 523 10 755
10 -1 564 2 183 3 419 -4 909 -5 505 -6 420 7 947 8 591 9 488 -10 954
10 -1 505 -2 56 -3 470 4 504 5 349 6 99 7 951 -8 887 9 81 10 66
10 -1 960 2 189 -3 936 4 845 -5 413 6 272 7 670 -8 755 9 257 10 62
10 1 462 -2 573 3 634 -4 129 5 212 6 443 -7 417 8 923 9 272 -10 37
10 1 919 -2 637 3 779 -4 604 5 943 6 644 7 801 8 342 9 987 10 732
10 -1 946 -2 166 3 208 -4 61 5 10 -6 905 7 240 8 212 9 169 -10 429
10 -1 485 -2 133 -3 314 4 416 5 687 6 295 7 146 -8 794 -9 622 -10 352
10 -1 330 -2 132 3 938 -4 128 -5 40 6 714 -7 791 -8 608 -9 52 -10 732
10 -1 439 -2 336 3 157 4 132 -5 27 -6 732 -7 29 8 679 -9 714 -10 590
10 -1 68 -2 691 3 953 -4 875 5 823 6 139 -7 853 8 611 -9 725 -10 592
10 1 336 2 236 3 831 4 493 -5 142 6 684 7 163 8 636 -9 801 -10 210
10 1 70 -2 259 3 57 -4 409 5 280 6 933 7 9 -8 198 -9 433 -10 151
10 -1 327 2 653 -3 704 4 137 -5 460 -6 111 -7 159 -8 338 9 727 10 178
10 -1 498 2 6 3 509 -4 335 5 175 6 107 7 737 -8 1000 9 725 -10 957
10 -1 238 2 150 3 961 4 402 5 149 -6 478 -7 165 8 509 9 370 -10 494
10 1 592 -2 593 -3 88 -4 775 -5 447 -6 498 7 318 -8 969 -9 863 -10 46
10 1 691 -2 709 3 990 -4 850 5 789 -6 564 7 561 -8 344 -9 997 -10 423
10 1 816 -2 828 -3 118 4 442 -5 931 6 190 7 856 -8 277 9 249 10 49
10 1 555 2 420 -3 199 4 165 -5 450 -6 202 -7 926 8 913 9 753 -10 579
10 -1 421 2 275 -3 241 -4 316 -5 52 6 183 7 858 -8 604 9 239 10 936
10 -1 188 2 256 -3 689 -4 555 -5 446 -6 22 7 838 8 335 9 688 -10 662
10 -1 630 -2 574 -3 179 -4 433 5 78 -6 688 -7 537 8 636 -9 95 10 932
10 -1 747 -2 952 3 107 4 380 -5 751 -6 903 -7 504 8 85 9 166 10 27
10 -1 728 -2 398 3 835 4 844 5 288 6 683 7 720 8 377 9 562 -10 139
10 -1 169 -2 357 3 849 4 608 -5 254 6 679 -7 603 8 227 -9 243 -10 544
10 -1 21 2 862 -3 11 4 370 5 684 6 6 7 842 -8 710 -9 651 10 542
10 1 848 2 194 -3 251 -4 294 -5 95 -6 351 7 219 8 419 9 3 10 743
10 -1 807 -2 437 -3 303 -4 50 5 661 6 229 7 508 8 221 -9 483 -10 98
10 1 525 2 156 3 131 4 404 -5 744 6 708 -7 112 8 400 9 983 -10 282
10 1 412 -2 399 -3 676 -4 308 -5 338 6 210 -7 780 -8 422 9 726 10 369
10 1 92 -2 558 -3 347 -4 400 -5 536 -6 308 -7 1 -8 255 -9 497 -10 206
10 1 906 -2 476 -3 266 -4 110 5 340 6 940 7 728 -8 74 9 121 10 316
10 -1 589 2 563 -3 363 4 837 5 978 6 135 -7 642 8 993 9 966 10 570
10 1 114 2 471 3 445 4 376 -5 386 6 263 -7 758 -8 92 -9 784 -10 495
10 -1 407 2 733 -3 87 -4 681 -5 528 6 592 7 263 -8 896 -9 945 -10 773
10 -1 311 2 195 3 758 4 303 5 985 -6 389 -7 296 8 996 9 673 -10 294
10 -1 647 -2 569 -3 435 -4 889 5 103 -6 437 7 472 -8 463 9 244 -10 696
10 -1 430 -2 899 -3 889 4 207 -5 619 -6 824 7 918 -8 89 9 220 -10 243
10 1 351 2 996 3 321 4 1 -5 973 6 651 7 897 8 465 -9 434 -10 862
10 1 458 -2 653 3 460 -4 812 -5 495 -6 712 7 97 8 880 9 737 10 439
10 -1 910 -2 768 -3 802 -4 717 -5 262 -6 604 7 408 -8 714 9 482 10 661
10 1 463 2 502 3 113 4 11 -5 429 -6 538 -7 769 8 835 9 463 10 880
10 -1 76 2 460 3 765 4 866 5 611 -6 120 7 983 -8 525 9 888 10 839
10 1 65 -2 256 3 518 -4 667 -5 459 -6 795 7 340 -8 593 -9 683 10 405
10 -1 781 -2 125 -3 120 -4 274 -5 104 -6 75 7 207 -8 960 9 186 10 993
10 -1 228 2 21 -3 279 4 260 -5 857 6 701 7 76 -8 295 -9 848 -10 920
10 1 723 -2 995 -3 374 4 91 5 518 6 392 -7 541 8 70 9 994 -10 700
10 1 282 -2 393 3 530 4 548 5 587 -6 869 7 588 8 792 9 474 10 912
10 1 288 2 877 -3 978 -4 928 5 628 6 210 7 774 -8 744 -9 53 10 206
10 1 181 -2 159 -3 804 -4 825 5 76 6 654 -7 983 8 629 -9 463 -10 712
10 1 985 2 598 3 765 -4 942 5 497 -6 176 7 876 -8 864 9 637 10 929
10 -1 316 2 544 3 29 4 679 -5 523 6 544 -7 91 -8 599 9 699 10 76
10 1 25 -2 254 -3 3 -4 658 5 835 -6 566 -7 576 8 736 9 734 -10 659
10 1 257 -2 746 -3 758 4 836 5 768 6 965 7 5 8 638 -9 381 10 315
10 -1 207 -2 881 -3 285 4 941 -5 898 -6 21 -7 713 8 570 9 568 10 950
10 -1 262 2 592 3 1 -4 670 5 752 -6 31 7 678 8 619 -9 927 10 277
10 -1 680 -2 18 -3 959 -4 628 -5 868 -6 837 7 837 8 299 9 412 10 540
10 -1 241 -2 719 3 142 -4 482 5 496 6 916 -7 43 -8 577 9 721 -10 845
10 -1 676 -2 612 3 150 -4 676 5 80 6 299 -7 3 8 176 -9 602 10 188
10 1 570 -2 836 3 364 -4 864 5 678 6 745 -7 201 8 281 -9 797 -10 405
10 1 616 2 995 -3 700 -4 112 5 112 6 391 -7 986 8 544 9 944 10 654
10 -1 501 -2 228 -3 529 -4 561 5 564 -6 5 7 318 -8 263 9 352 10 377
10 -1 951 -2 357 -3 997 -4 341 -5 481 -6 835 -7 35 8 209 -9 250 10 463
10 -1 106 2 507 -3 20 4 808 5 101 -6 516 -7 329 -8 125 9 120 10 564
10 -1 352 -2 991 -3 525 -4 973 -5 546 6 206 -7 210 8 673 9 451 10 869
10 -1 974 -2 493 -3 968 -4 756 5 145 -6 290 -7 768 8 818 -9 762 -10 245
10 -1 613 2 186 3 304 -4 916 -5 538 6 385 7 440 -8 235 -9 992 -10 257
10 1 248 2 509 -3 368 4 759 5 885 6 458 7 601 8 672 -9 59 -10 107
10 -1 719 -2 419 -3 389 -4 601 -5 292 -6 799 -7 263 -8 176 -9 671 10 494
10 -1 310 2 238 -3 137 -4 268 5 502 -6 811 -7 938 8 646 9 82 -10 412
10 -1 138 -2 867 -3 935 4 625 -5 339 -6 898 -7 921 -8 12 -9 395 10 308
10 1 584 -2 739 3 618 4 753 5 149 6 502 -7 693 -8 302 -9 325 10 791
10 1 727 2 339 3 885 4 584 -5 185 6 795 -7 768 -8 277 9 323 -10 672
10 1 429 2 31 -3 492 4 46 5 14 -6 735 7 877 -8 317 -9 363 10 1000
10 -1 80 2 733 3 388 4 916 -5 267 -6 81 -7 313 8 972 -9 237 -10 915
10 1 924 2 56 -3 760 -4 47 -5 361 6 154 -7 249 -8 104 -9 745 10 776
10 -1 873 2 391 -3 820 4 269 5 525 6 155 -7 624 -8 218 -9 174 -10 990
10 -1 644 2 368 -3 397 -4 55 5 679 -6 572 -7 566 -8 28 -9 683 10 824
10 -1 246 -2 578 -3 532 4 408 5 22 6 17 7 977 8 261 9 672 -10 917
10 1 935 2 358 -3 107 -4 247 5 664 -6 6 7 279 -8 398 9 459 -10 753
10 -1 590 -2 420 -3 179 4 908 5 832 6 210 -7 106 8 568 -9 979 10 504
10 1 402 2 369 -3 705 -4 81 -5 175 6 109 7 614 -8 979 -9 757 -10 306
10 1 639 -2 928 3 545 -4 913 -5 154 -6 419 7 801 8 457 -9 380 10 215
10 -1 101 2 486 -3 179 -4 666 -5 155 6 378 -7 336 -8 685 -9 497 -10 634
10 -1 112 -2 483 3 112 4 532 -5 148 6 596 7 478 8 745 9 529 10 519
10 -1 361 -2 381 -3 986 -4 389 -5 815 6 277 7 15 -8 378 9 821 10 614
10 1 449 2 437 -3 494 4 3 5 710 -6 662 7 459 -8 378 9 302 10 517
10 1 562 2 90 -3 663 -4 1 5 27 -6 498 7 284 -8 330 -9 607 -10 816
10 1 534 -2 195 3 569 -4 846 5 781 -6 154 -7 878 -8 109 -9 37 10 391
10 1 46 2 527 -3 740 -4 900 5 147 -6 350 -7 4 8 308 9 488 -10 279
10 1 985 -2 565 -3 926 -4 665 -5 914 6 474 7 42 -8 762 -9 504 10 709
10 1 116 2 83 -3 102 -4 105 5 452 6 707 -7 751 -8 557 9 422 -10 294
10 1 928 2 676 -3 465 4 58 5 959 6 730 7 505 8 964 -9 228 -10 204
10 1 391 2 771 3 508 4 445 5 728 -6 920 -7 389 -8 202 9 906 10 193
10 1 839 2 25 3 708 -4 921 -5 164 -6 298 -7 89 8 588 -9 315 10 307
10 1 112 -2 530 -3 288 4 609 5 963 6 347 -7 4 -8 380 9 676 -10 87
10 -1 576 -2 727 3 649 4 113 5 93 -6 513 -7 883 8 989 -9 319 10 96
10 1 245 -2 389 -3 269 4 468 -5 128 6 315 -7 346 -8 190 -9 120 -10 846
10 1 646 2 399 3 411 4 967 -5 840 -6 414 7 391 -8 143 -9 355 -10 635
10 -1 212 2 130 3 243 -4 515 5 587 -6 930 -7 438 -8 522 -9 380 10 165
10 1 883 2 349 -3 138 -4 120 5 6 6 410 -7 642 -8 223 9 238 -10 414
10 1 385 2 847 3 164 -4 120 -5 757 -6 39 7 678 -8 746 9 424 -10 910
10 -1 880 -2 514 3 84 4 959 -5 679 6 552 -7 620 8 841 9 925 10 23
10 -1 419 2 555 3 964 -4 382 5 577 6 711 7 140 8 724 9 950 -10 578
10 1 740 -2 938 -3 637 4 17 -5 545 6 246 7 641 -8 401 -9 317 -10 824
10 1 101 2 464 3 164 4 29 5 481 -6 953 7 272 -8 394 -9 545 -10 11
10 1 36 2 75 3 825 4 416 5 984 -6 994 -7 974 -8 657 9 651 -10 116
10 -1 12 2 608 -3 69 -4 376 5 945 6 608 7 252 -8 800 9 421 -10 183
10 1 457 -2 854 -3 945 -4 844 5 620 -6 908 -7 92 -8 423 9 694 10 759
10 1 812 2 158 -3 491 -4 603 5 537 6 64 -7 854 8 935 9 662 -10 136
10 1 942 -2 921 -3 681 -4 112 5 551 6 274 -7 441 -8 728 9 61 10 90
10 1 242 -2 592 3 385 4 127 5 838 6 184 -7 710 8 40 -9 78 -10 405
10 1 903 2 740 -3 517 4 505 5 43 -6 517 7 344 -8 114 9 934 10 140
10 -1 716 -2 548 -3 948 4 320 -5 849 6 128 7 972 8 686 -9 433 10 79
10 1 690 -2 739 -3 952 4 475 5 20 -6 835 -7 810 -8 346 9 225 10 497
10 -1 42 -2 414 3 227 4 10 -5 831 6 275 7 522 -8 651 -9 704 -10 488
10 1 207 2 58 -3 180 4 635 -5 745 -6 799 -7 893 -8 445 -9 640 10 538
10 1 678 2 84 3 272 -4 479 5 287 6 919 7 164 -8 486 -9 667 -10 914
10 -1 993 -2 827 -3 970 4 113 -5 562 -6 491 7 899 -8 744 -9 499 10 513
10 1 976 -2 319 3 427 4 769 -5 212 -6 767 -7 597 8 247 9 486 -10 802
10 -1 582 -2 337 -3 211 4 645 5 389 -6 304 -7 9 -8 784 9 725 10 304
10 -1 183 -2 359 3 908 4 717 5 21 -6 896 7 970 8 490 -9 469 10 745
10 -1 213 -2 269 3 282 -4 953 -5 955 6 723 -7 377 8 521 -9 37 10 368
10 1 678 2 706 -3 683 -4 448 5 585 -6 109 -7 173 8 663 -9 359 -10 345
10 1 145 2 722 -3 670 -4 204 5 868 -6 464 7 763 -8 967 9 286 -10 489
10 1 632 -2 873 -3 692 -4 955 5 904 -6 243 7 123 8 236 -9 836 -10 214
10 1 623 -2 327 -3 441 4 554 5 251 6 750 7 466 -8 29 9 951 -10 995
10 1 942 -2 458 -3 488 -4 557 -5 663 -6 574 7 618 -8 223 -9 427 -10 504
10 -1 302 -2 988 -3 515 -4 620 5 582 -6 427 -7 638 8 813 -9 824 10 610
10 1 280 2 929 3 385 4 443 -5 2 -6 837 -7 762 8 217 -9 964 -10 95
10 -1 54 -2 906 -3 121 -4 228 5 487 -6 140 7 618 -8 26 -9 194 10 355
10 -1 309 2 774 3 701 -4 417 -5 380 -6 602 -7 456 8 720 9 991 10 842
10 -1 183 2 838 -3 552 -4 925 -5 232 6 160 7 273 -8 847 -9 273 10 175
10 1 58 2 739 -3 71 4 150 5 294 6 775 -7 995 -8 111 9 752 -10 763
10 -1 211 -2 921 3 417 4 12 5 938 -6 514 -7 231 -8 662 9 799 10 934
10 -1 875 2 725 -3 440 4 629 -5 41 -6 599 7 836 8 344 -9 984 10 94
10 -1 588 -2 666 3 660 4 746 -5 378 -6 812 7 780 8 749 -9 463 -10 242
10 -1 633 -2 954 -3 572 -4 436 -5 804 -6 128 -7 499 8 791 9 509 10 255
10 -1 702 -2 472 -3 824 4 405 -5 718 6 681 7 627 -8 854 -9 514 10 295
10 -1 806 2 298 3 839 -4 45 5 70 6 812 -7 569 8 219 9 65 10 199
10 1 735 2 806 3 894 4 35 5 870 6 518 -7 627 -8 298 9 707 10 494
10 1 311 2 927 3 972 -4 352 -5 685 6 299 -7 566 8 136 9 877 10 752
10 1 798 2 254 -3 782 -4 24 -5 886 -6 177 -7 58 -8 489 -9 702 -10 228
10 -1 588 -2 71 -3 33 -4 588 5 457 -6 480 -7 969 -8 946 9 853 -10 736
10 -1 127 -2 388 -3 873 -4 171 5 520 6 722 -7 422 8 445 -9 905 10 908
10 -1 929 2 786 -3 150 -4 660 -5 466 6 400 -7 397 -8 756 9 868 10 868
10 -1 843 -2 861 3 208 -4 277 5 184 -6 612 -7 239 -8 761 -9 768 10 290
10 1 553 2 472 3 545 4 242 -5 161 -6 164 7 495 -8 254 -9 735 -10 57
10 1 380 2 704 -3 255 -4 762 -5 504 6 884 7 169 -8 114 -9 783 -10 136
10 -1 492 2 421 -3 759 -4 253 -5 619 6 219 7 104 -8 153 -9 480 10 252
10 -1 792 2 72 -3 867 4 772 5 294 6 454 7 20 8 442 -9 365 -10 629
10 1 946 -2 777 3 345 -4 992 -5 443 6 385 -7 693 8 696 9 74 -10 945
10 -1 779 -2 833 3 463 4 156 5 396 6 227 -7 424 8 45 -9 286 10 128
10 -1 913 -2 576 -3 582 -4 853 5 541 6 701 7 854 -8 143 -9 81 10 825
10 -1 737 -2 915 3 855 4 999 -5 758 -6 205 7 684 8 351 9 238 10 556
10 1 717 -2 123 -3 935 4 399 -5 586 -6 455 7 346 8 737 -9 678 10 754
10 -1 104 -2 601 -3 272 -4 963 -5 54 6 476 -7 836 -8 416 9 94 -10 532
10 1 72 2 638 3 717 -4 689 5 271 6 117 7 491 8 594 9 699 -10 656
10 1 227 -2 59 -3 810 4 281 -5 550 6 259 -7 157 8 483 -9 108 10 846
10 1 806 2 964 -3 186 -4 782 -5 450 -6 379 7 6 8 777 9 769 10 607
10 1 219 2 562 3 854 4 834 5 308 -6 486 -7 940 -8 591 9 430 10 744
10 1 193 -2 244 3 765 -4 241 -5 839 6 169 -7 677 8 165 9 702 -10 489
10 1 671 2 500 -3 460 4 973 5 452 6 262 7 243 8 242 9 929 10 772
10 1 790 2 490 -3 192 4 574 -5 620 6 704 -7 941 8 622 -9 493 10 852
10 1 943 2 285 3 116 -4 264 5 128 6 748 7 451 8 512 9 456 -10 359
10 -1 729 2 849 3 35 -4 103 5 503 -6 991 7 492 -8 176 9 675 10 920
10 1 13 -2 589 3 854 -4 294 5 783 6 9 7 374 8 905 -9 774 10 433
10 1 638 -2 374 -3 193 -4 660 5 950 6 136 -7 834 -8 205 9 696 10 71
10 1 646 -2 645 -3 220 4 520 -5 316 -6 703 7 594 -8 919 9 300 10 372
10 1 442 -2 215 -3 957 4 684 5 991 6 190 -7 5 -8 947 -9 240 10 606
10 1 544 2 905 -3 964 -4 951 -5 460 -6 588 -7 766 -8 62 9 849 -10 590
10 -1 446 2 750 3 894 4 432 -5 989 6 312 7 950 8 208 9 622 -10 359
10 -1 722 -2 882 3 100 4 92 -5 178 6 948 7 599 -8 51 -9 867 -10 83
10 1 813 -2 3 -3 90 4 314 -5 79 -6 739 -7 238 8 236 9 387 -10 617
10 -1 555 -2 680 3 707 4 707 5 786 6 365 7 961 8 949 9 958 10 357
10 1 710 -2 398 -3 95 4 723 -5 319 -6 52 -7 427 8 201 9 906 -10 93
10 -1 745 -2 769 -3 260 -4 250 5 52 6 6 7 321 -8 338 -9 627 10 912
10 -1 151 -2 731 -3 38 4 94 5 89 -6 470 7 82 -8 702 -9 658 10 954
10 1 1 2 227 -3 579 4 11 -5 513 -6 121 7 801 8 293 -9 726 10 651
10 1 776 2 687 -3 952 -4 722 -5 933 -6 168 7 365 8 735 -9 185 -10 295
10 -1 58 2 95 -3 933 4 11 -5 804 -6 132 7 582 8 428 -9 185 10 450
10 -1 216 -2 236 -3 946 -4 807 -5 391 6 142 7 518 -8 909 9 52 -10 675
10 1 222 2 568 -3 62 -4 689 5 230 -6 664 7 285 8 795 9 719 -10 888
10 1 11 2 636 -3 912 -4 448 -5 167 6 343 -7 806 -8 206 -9 443 -10 227
10 -1 904 -2 144 3 391 -4 554 -5 191 -6 777 -7 869 -8 43 9 793 10 574
10 1 978 2 443 3 342 4 426 -5 608 -6 534 7 979 -8 776 9 925 10 634
10 -1 618 2 484 -3 479 4 981 -5 16 -6 766 7 427 -8 314 9 936 10 940
10 -1 63 2 440 3 556 4 229 5 398 6 362 7 196 -8 155 -9 89 -10 426
10 1 797 2 37 3 649 -4 884 -5 641 6 992 -7 433 8 722 9 380 10 202
10 -1 828 -2 520 3 132 -4 639 -5 164 -6 41 -7 394 -8 679 9 664 -10 720
10 -1 486 -2 788 -3 495 4 992 5 586 6 449 -7 763 -8 771 -9 240 -10 473
10 -1 13 -2 488 -3 404 -4 972 5 695 -6 478 7 978 -8 673 9 120 -10 902
10 -1 571 2 196 -3 995 -4 144 5 645 -6 843 7 335 8 16 9 174 -10 400
10 1 902 -2 18 3 83 4 587 -5 616 6 371 7 669 -8 554 -9 57 10 757
10 -1 23 2 641 -3 265 4 454 5 325 6 484 -7 376 8 533 -9 994 -10 669
10 1 487 2 206 3 881 4 447 -5 941 -6 277 7 391 -8 337 9 893 10 434
10 1 659 2 506 3 451 4 389 -5 999 6 561 7 138 8 194 9 171 -10 703
10 1 813 -2 888 -3 93 4 987 -5 878 -6 49 -7 584 -8 130 9 336 -10 965
10 1 755 2 891 -3 644 4 675 5 808 6 80 -7 763 8 289 -9 970 -10 697
10 -1 667 -2 863 3 388 4 837 -5 919 6 290 -7 316 -8 984 9 268 10 634
10 1 893 2 688 -3 213 4 891 -5 491 6 384 7 334 -8 298 9 538 10 338
10 -1 736 2 590 -3 142 4 606 5 586 6 591 7 338 -8 518 -9 664 -10 97
10 1 22 -2 992 -3 132 4 379 5 223 -6 688 7 149 -8 938 9 109 -10 513
10 1 447 2 208 3 900 4 785 5 24 -6 893 -7 180 -8 631 9 174 10 169
10 -1 266 -2 277 -3 224 4 265 5 812 6 790 -7 847 8 891 -9 672 -10 225
10 1 107 2 812 -3 299 -4 308 -5 394 -6 954 -7 510 8 331 -9 489 -10 150
10 1 13 -2 237 -3 581 4 176 -5 949 6 90 -7 783 8 259 -9 669 10 973
10 -1 294 -2 475 -3 226 4 916 -5 765 6 904 7 407 -8 432 9 97 -10 293
10 1 999 2 824 3 592 4 725 -5 686 -6 225 -7 854 -8 425 -9 139 10 756
10 1 143 2 902 -3 304 4 598 -5 246 6 93 7 625 8 398 -9 136 -10 984
10 1 131 -2 533 -3 486 -4 330 5 690 6 412 7 41 8 723 -9 667 10 759
10 1 704 2 753 3 643 4 155 -5 279 6 821 -7 395 8 360 -9 238 10 240
10 1 984 -2 694 3 82 -4 790 -5 328 -6 781 7 402 -8 458 9 345 10 704
10 -1 721 2 857 -3 372 -4 601 -5 260 -6 610 -7 237 -8 368 9 126 10 726
10 1 736 2 885 -3 161 4 224 -5 267 -6 788 7 632 -8 865 9 868 10 835
10 1 662 -2 889 3 671 -4 607 -5 626 -6 141 -7 142 -8 280 9 67 10 103
10 1 708 -2 581 -3 392 -4 465 5 267 -6 438 7 657 8 986 -9 418 -10 912
10 1 911 -2 340 3 165 -4 914 -5 913 6 221 -7 996 8 203 9 962 10 420
10 1 499 2 527 -3 574 -4 220 -5 252 6 378 -7 375 -8 121 -9 21 -10 482
10 1 292 2 881 -3 294 4 264 -5 189 -6 604 7 917 -8 646 -9 20 -10 271
10 -1 264 2 450 -3 708 -4 576 5 316 6 259 7 621 -8 22 -9 130 -10 181
10 -1 551 2 118 -3 214 4 480 5 782 6 587 7 456 -8 157 -9 72 10 440
10 1 111 2 441 3 923 -4 850 5 89 -6 906 -7 141 8 78 9 565 -10 870
10 -1 596 2 587 -3 351 -4 662 -5 568 6 625 7 38 8 236 9 453 -10 573
10 -1 265 2 586 3 471 4 541 -5 495 -6 469 -7 634 8 980 9 287 10 93
10 -1 434 2 484 3 707 -4 183 -5 815 6 428 7 175 -8 989 -9 741 10 110
10 -1 92 -2 302 -3 968 4 444 5 341 6 748 -7 52 -8 684 9 685 -10 8
10 1 16 2 839 -3 668 4 448 -5 360 -6 541 7 391 -8 461 9 621 -10 511
10 -1 987 -2 704 -3 927 4 137 5 687 -6 996 -7 66 -8 722 -9 212 10 504
10 -1 239 2 205 3 868 4 207 5 675 6 860 7 899 -8 999 9 149 10 842
10 -1 326 -2 144 -3 328 -4 464 5 699 6 376 7 342 -8 12 9 148 -10 668
10 -1 976 -2 262 3 363 -4 685 -5 10 -6 417 7 240 8 201 9 986 -10 709
10 -1 53 2 655 -3 619 4 419 5 37 -6 653 7 192 -8 737 -9 293 -10 757
10 -1 453 2 382 -3 478 -4 522 -5 18 -6 52 -7 594 -8 497 -9 776 10 378
10 -1 324 2 531 -3 618 4 426 -5 827 6 554 -7 965 8 625 -9 576 10 969
10 1 209 2 429 3 887 -4 717 5 62 6 168 -7 651 -8 858 9 661 10 713
10 -1 861 -2 398 -3 384 -4 482 -5 115 -6 595 7 398 -8 397 9 122 -10 734
10 -1 643 2 681 3 914 -4 61 -5 785 -6 2 -7 438 8 284 9 159 10 775
10 1 706 -2 764 3 949 -4 825 -5 943 -6 990 7 6 -8 118 9 694 -10 626
10 -1 671 2 721 3 963 -4 890 -5 292 6 618 -7 639 8 953 -9 779 -10 137
10 -1 366 -2 990 3 18 -4 840 -5 866 6 704 -7 88 -8 851 9 838 -10 298
10 1 411 2 360 -3 789 4 965 5 570 6 11 7 17 8 252 -9 777 10 397
10 1 95 -2 92 3 146 4 227 -5 373 6 192 -7 950 -8 821 -9 125 -10 660
10 1 228 2 511 3 442 4 371 -5 506 6 227 -7 966 8 936 -9 542 10 81
10 -1 74 2 128 -3 853 4 399 5 279 -6 728 7 825 8 151 9 65 10 322
10 1 857 -2 390 -3 441 4 636 -5 871 -6 402 -7 91 8 255 9 310 10 114
10 -1 263 2 802 3 251 -4 993 -5 444 -6 244 7 720 8 347 -9 210 10 328
10 1 564 2 77 -3 667 4 650 5 47 -6 893 7 247 8 186 9 244 -10 414
10 -1 705 -2 320 3 166 -4 333 5 452 -6 750 7 965 -8 202 9 245 10 811
10 -1 982 -2 723 -3 184 -4 305 -5 798 -6 907 -7 108 8 112 9 16 10 720
10 1 830 -2 621 3 403 4 856 5 940 -6 486 -7 84 8 257 9 329 10 660
10 -1 874 -2 163 -3 2 4 428 -5 230 -6 411 -7 619 8 421 9 150 -10 802
10 -1 826 -2 166 3 513 -4 746 5 1 -6 429 -7 573 8 282 -9 447 -10 790
10 1 416 2 224 3 79 4 272 -5 995 -6 571 7 953 -8 977 9 588 -10 657
10 1 745 -2 122 -3 827 4 949 5 797 -6 81 7 876 8 22 9 860 10 101
10 1 346 2 697 3 930 -4 990 -5 204 6 635 7 328 8 594 9 669 10 511
10 1 976 -2 253 -3 66 4 455 -5 397 -6 615 -7 511 8 962 -9 286 -10 533
10 1 42 -2 105 -3 452 -4 295 -5 45 -6 844 -7 881 8 725 9 132 -10 314
10 1 787 2 158 3 277 4 645 5 892 -6 210 -7 85 -8 602 9 322 10 523
10 -1 318 -2 351 -3 727 -4 312 -5 720 -6 704 7 208 8 444 -9 76 -10 314
10 -1 430 -2 684 3 204 -4 802 -5 419 6 833 -7 901 -8 947 9 371 -10 405
10 -1 966 -2 292 3 335 4 9 -5 479 6 195 7 426 -8 224 -9 372 10 666
10 -1 308 2 184 3 64 -4 679 -5 640 -6 842 7 50 -8 966 9 390 10 789
10 -1 395 2 101 3 351 4 380 -5 219 6 494 -7 593 8 47 -9 343 -10 679
10 -1 231 2 878 3 174 -4 367 5 789 -6 582 -7 561 -8 816 -9 655 -10 177
10 -1 397 -2 324 -3 538 -4 120 5 573 -6 5 7 914 -8 793 9 424 -10 943
10 1 176 2 576 -3 286 -4 310 5 934 6 163 -7 712 8 942 9 766 -10 952
10 -1 911 2 476 3 558 4 94 -5 587 6 910 7 455 8 753 9 968 10 501
10 -1 964 2 760 -3 318 4 14 5 184 -6 80 -7 19 8 164 9 663 -10 545
10 -1 314 -2 88 -3 826 4 464 5 627 -6 393 -7 429 -8 523 9 14 -10 176
10 1 453 -2 880 3 117 -4 809 5 449 -6 947 7 333 8 645 -9 762 -10 558
10 -1 497 -2 490 3 884 -4 996 5 375 -6 428 7 931 -8 689 9 606 -10 825
10 1 237 2 657 3 549 -4 326 -5 372 -6 92 7 500 -8 523 9 981 -10 710
10 1 243 -2 103 -3 967 4 234 5 549 -6 947 -7 672 8 61 -9 760 10 48
10 1 702 2 230 -3 593 -4 933 5 567 6 933 -7 597 -8 322 -9 253 10 441
10 -1 542 2 300 3 961 -4 219 -5 642 -6 638 7 614 8 217 -9 632 10 118
10 1 624 -2 106 -3 417 4 164 -5 241 -6 131 -7 966 -8 880 9 605 -10 550
10 1 159 2 449 3 644 4 699 5 363 6 937 -7 689 -8 470 -9 240 -10 678
10 -1 810 -2 254 3 577 4 883 -5 859 6 954 7 478 -8 121 9 596 -10 861
10 -1 338 -2 538 3 366 -4 950 -5 941 -6 936 7 674 8 126 9 194 10 406
10 1 264 2 717 -3 477 4 945 5 305 -6 265 7 472 8 777 -9 165 -10 193
10 1 349 2 737 3 257 -4 654 5 909 6 471 -7 980 8 360 9 35 -10 977
10 1 280 2 537 3 244 -4 837 -5 397 -6 177 7 325 8 44 -9 676 -10 723
10 1 595 2 268 3 360 -4 952 -5 97 -6 534 7 759 8 939 -9 273 -10 767
10 -1 535 2 578 3 32 -4 469 5 951 -6 118 7 797 -8 692 -9 877 10 227
10 -1 700 2 123 -3 384 4 450 5 45 -6 451 7 120 8 427 9 184 10 467
10 1 513 -2 486 -3 245 -4 939 -5 790 -6 537 -7 649 -8 880 -9 116 10 957
10 1 409 2 527 3 625 4 282 -5 977 6 864 -7 407 -8 935 -9 752 -10 992
10 1 580 -2 334 -3 192 -4 829 -5 137 -6 49 7 998 8 413 -9 977 10 496
10 1 281 -2 452 -3 367 -4 344 -5 665 6 652 -7 365 8 610 -9 328 10 990
10 -1 54 -2 284 3 348 4 756 5 663 6 496 -7 142 -8 621 -9 439 10 794
10 1 901 -2 496 3 325 -4 514 -5 175 6 82 -7 854 -8 49 -9 604 -10 493
10 -1 686 -2 194 3 525 -4 298 5 291 6 63 -7 516 8 405 9 447 -10 881
10 1 943 -2 485 -3 761 4 328 5 581 6 748 7 962 8 613 -9 841 -10 66
10 1 788 2 130 3 760 4 314 -5 435 -6 189 -7 84 -8 373 -9 639 -10 683
10 1 310 2 36 3 543 -4 948 5 385 -6 755 7 109 -8 936 9 116 -10 244
10 -1 638 -2 278 -3 296 -4 608 -5 31 -6 768 7 860 8 868 -9 523 10 454
10 -1 571 2 930 3 874 4 840 -5 638 6 401 -7 108 8 511 -9 440 -10 441
10 1 939 2 986 3 68 4 74 5 747 -6 397 7 172 -8 863 -9 513 10 596
10 -1 161 2 605 -3 374 -4 559 -5 855 6 225 7 277 8 154 -9 46 10 67
10 -1 843 2 475 3 243 -4 516 5 854 6 540 7 216 8 900 -9 23 10 432
10 1 729 2 426 3 170 4 370 -5 823 -6 774 7 575 -8 119 -9 105 10 953
10 -1 472 2 728 -3 452 4 243 -5 664 -6 923 -7 977 -8 112 -9 188 10 489
10 -1 130 -2 417 -3 360 -4 696 5 16 -6 464 -7 306 8 267 9 911 10 314
10 -1 567 2 560 3 918 -4 317 5 527 6 402 -7 942 -8 437 -9 240 10 359
10 -1 405 2 780 3 433 4 994 -5 119 6 488 7 305 8 875 9 874 10 736
10 -1 1000 2 300 3 620 -4 187 -5 735 6 759 -7 351 -8 641 -9 908 10 836
10 -1 786 2 448 -3 10 4 363 5 523 6 553 7 519 -8 299 -9 875 10 330
10 -1 787 -2 501 -3 27 -4 705 -5 704 -6 417 -7 383 -8 55 -9 1 10 65
10 1 91 -2 584 3 477 4 422 5 83 6 820 7 80 8 407 9 856 -10 794
10 -1 879 -2 819 3 278 -4 779 5 347 -6 805 -7 645 8 485 9 767 10 87
10 -1 940 2 168 -3 822 4 555 -5 387 6 311 -7 340 -8 437 -9 91 10 932
10 1 699 2 43 -3 637 4 166 -5 792 -6 579 -7 341 -8 467 9 102 -10 614
10 -1 736 -2 602 -3 968 4 723 -5 785 6 935 7 764 -8 90 9 416 10 489
10 -1 358 -2 848 3 921 -4 911 5 339 6 582 -7 45 -8 202 -9 171 -10 280
10 -1 745 2 241 3 758 4 676 5 263 6 66 -7 217 -8 116 -9 559 10 873
10 -1 711 -2 60 3 452 -4 748 -5 568 -6 237 7 797 8 321 9 370 -10 790
10 1 698 -2 472 -3 537 -4 734 -5 53 -6 812 -7 51 -8 907 -9 15 10 732
10 -1 18 2 651 3 563 -4 250 -5 611 6 831 7 942 8 30 -9 210 -10 225
10 1 779 -2 736 3 401 4 441 5 975 -6 594 7 299 -8 840 -9 710 -10 416
10 -1 75 2 926 3 99 -4 818 5 355 -6 500 -7 733 -8 433 -9 27 -10 794
10 -1 643 -2 926 -3 411 -4 344 5 828 6 748 7 983 -8 817 -9 276 -10 809
10 -1 678 -2 608 -3 240 4 993 5 694 6 811 -7 11 -8 323 -9 94 -10 531
10 -1 752 2 605 -3 531 -4 282 5 391 6 564 -7 304 8 296 -9 258 -10 595
10 -1 76 -2 139 -3 755 -4 522 5 42 -6 965 -7 25 -8 361 9 904 10 213
10 -1 470 -2 693 -3 83 4 756 -5 222 -6 914 -7 15 8 945 -9 236 10 668
10 1 902 2 138 3 760 4 826 5 195 -6 605 7 682 -8 906 -9 268 10 614
10 1 618 -2 61 -3 931 -4 820 5 777 6 500 -7 139 -8 284 -9 409 10 757
10 1 957 -2 419 3 813 -4 759 5 149 6 598 -7 803 8 144 -9 305 10 312
10 -1 973 -2 528 -3 104 4 402 -5 485 6 52 -7 915 -8 621 -9 464 -10 878
10 1 97 2 413 3 78 4 79 -5 878 -6 491 7 20 8 11 -9 993 -10 254
10 1 125 -2 120 -3 397 -4 794 -5 565 6 781 -7 429 8 256 9 529 10 640
10 1 129 2 856 3 649 -4 242 -5 198 6 756 7 617 8 904 9 498 -10 290
10 -1 454 -2 835 -3 550 -4 510 5 67 -6 694 7 921 8 268 -9 60 10 312
10 1 160 2 161 -3 96 -4 508 5 854 -6 77 7 175 8 136 9 773 10 293
10 1 455 2 481 -3 262 -4 256 5 542 6 863 -7 927 -8 42 -9 954 10 384
10 -1 845 -2 478 3 605 4 10 -5 432 -6 102 -7 982 -8 627 9 934 10 639
10 -1 931 -2 368 3 748 4 62 -5 926 -6 621 7 699 -8 129 -9 517 -10 704
10 -1 276 -2 51 -3 223 -4 459 -5 470 -6 285 -7 127 -8 591 9 483 10 230
10 1 811 -2 60 -3 727 4 65 5 354 6 267 -7 219 8 567 9 270 10 729
10 1 286 -2 238 3 812 4 376 5 942 6 984 -7 683 -8 348 9 206 10 816
10 1 409 -2 890 3 428 -4 55 5 464 6 995 7 100 -8 723 9 633 -10 503
10 -1 193 -2 133 3 102 -4 957 5 956 6 722 7 582 8 257 -9 722 -10 959
10 -1 704 -2 427 3 425 4 402 -5 558 6 493 7 630 8 40 -9 779 10 77
10 -1 338 2 997 3 3 4 300 5 653 6 163 -7 371 8 806 -9 330 10 736
10 -1 564 -2 331 3 130 4 337 5 167 -6 116 -7 857 8 220 -9 535 10 954
10 -1 909 2 133 -3 113 4 220 5 123 6 582 -7 269 8 454 -9 899 -10 195
10 1 244 -2 556 -3 605 4 709 5 318 6 80 7 839 -8 333 -9 845 10 619
10 -1 785 2 802 3 641 4 874 5 685 6 471 7 819 8 76 9 209 -10 624
10 1 69 -2 720 3 347 4 695 5 535 -6 422 -7 890 8 718 -9 594 10 982
10 -1 934 -2 403 -3 291 4 698 -5 35 -6 79 -7 136 -8 657 -9 1 -10 955
10 1 914 -2 281 -3 383 4 285 5 967 -6 87 7 367 8 92 9 951 10 658
10 1 442 2 192 -3 732 -4 843 5 823 6 70 -7 536 -8 79 -9 365 10 363
10 -1 812 2 223 3 438 4 945 -5 336 6 612 7 172 -8 87 -9 962 10 830
10 -1 49 2 672 3 895 -4 322 -5 84 -6 75 7 57 -8 167 -9 309 10 164
10 -1 412 -2 103 3 9 4 1 -5 905 -6 492 -7 850 8 661 -9 448 -10 962
10 1 463 -2 120 -3 195 4 700 -5 50 -6 131 -7 478 8 245 9 513 10 580
10 -1 305 2 138 -3 664 -4 270 -5 889 6 111 -7 443 8 55 9 104 10 929
10 -1 985 2 380 -3 731 4 47 -5 588 6 812 -7 222 8 578 -9 211 10 271
10 -1 521 -2 370 -3 63 -4 262 -5 901 -6 708 -7 575 8 81 -9 30 10 440
10 1 72 -2 594 -3 72 4 312 5 237 -6 861 -7 386 -8 56 -9 269 -10 53
10 1 885 -2 930 3 815 4 799 -5 977 6 889 -7 446 8 80 9 776 -10 234
10 1 779 -2 586 -3 510 -4 999 5 526 6 230 7 972 -8 915 9 726 -10 18
10 -1 393 2 15 -3 672 4 588 -5 869 -6 220 7 297 8 207 -9 321 -10 586
10 1 277 -2 455 -3 770 -4 39 -5 351 6 163 7 546 -8 314 -9 536 10 19
10 1 616 -2 88 -3 242 4 295 5 480 -6 643 7 149 -8 122 9 139 10 976
10 1 114 -2 200 3 611 4 216 -5 896 6 12 7 812 -8 535 -9 207 -10 200
10 -1 688 2 323 3 584 4 874 -5 885 6 337 -7 891 -8 883 9 782 10 57
10 -1 366 -2 727 3 787 4 622 -5 830 6 478 -7 999 8 227 -9 893 -10 173
10 -1 980 -2 723 -3 489 4 469 5 567 -6 769 -7 153 8 616 -9 35 -10 356
10 -1 801 -2 426 -3 59 4 991 -5 852 6 329 -7 14 -8 631 9 480 10 736
10 -1 481 2 261 -3 904 -4 422 5 910 -6 965 -7 719 -8 553 9 398 -10 925
10 -1 754 2 764 3 334 4 864 -5 889 -6 809 -7 671 -8 486 -9 19 10 251
10 -1 504 2 742 3 476 4 992 5 886 6 434 -7 280 8 523 -9 167 -10 539
10 1 917 -2 902 -3 361 4 531 5 910 -6 774 -7 806 8 372 9 885 -10 71
10 -1 317 2 355 3 800 -4 901 -5 140 6 592 7 569 8 244 -9 50 10 569
10 -1 374 2 688 -3 896 4 245 -5 570 6 688 7 430 8 263 9 234 -10 404
10 -1 510 2 326 3 466 -4 820 5 269 6 66 7 712 -8 897 -9 518 10 162
10 -1 981 -2 478 3 267 -4 775 5 701 6 689 -7 9 -8 197 9 490 10 428
10 1 12 2 763 -3 684 4 164 5 805 6 522 -7 126 -8 51 9 138 -10 77
10 1 816 2 544 3 235 4 469 -5 867 -6 127 -7 291 8 732 -9 966 -10 645
10 1 540 -2 1000 -3 844 -4 548 5 388 -6 467 -7 603 -8 592 9 866 -10 167
10 1 346 2 813 3 20 -4 406 -5 424 -6 517 -7 849 -8 116 -9 188 10 738
10 -1 249 2 128 -3 498 -4 223 5 47 6 510 7 943 8 85 -9 386 -10 764
10 1 238 2 513 3 181 4 869 5 832 6 334 -7 292 -8 207 -9 13 10 214
10 1 793 -2 126 3 359 -4 964 -5 777 -6 594 -7 304 8 321 -9 4 -10 476
10 1 247 -2 777 3 390 -4 582 5 352 6 823 -7 695 8 251 9 331 -10 250
10 1 436 2 210 3 654 4 316 5 854 -6 47 -7 330 -8 251 -9 248 -10 249
10 1 993 2 175 3 399 -4 284 -5 510 6 788 -7 825 8 813 -9 29 10 878
10 -1 151 2 720 -3 711 -4 852 5 727 6 328 -7 57 -8 242 9 636 -10 209
10 -1 294 -2 254 3 111 4 53 -5 701 -6 624 -7 431 8 123 9 260 -10 27
10 -1 470 -2 760 -3 702 -4 344 5 101 -6 213 7 88 -8 602 -9 443 -10 14
10 -1 798 2 64 -3 752 -4 53 5 444 6 244 7 267 8 361 -9 683 10 321
10 1 341 -2 531 3 438 4 302 -5 113 -6 669 7 736 -8 947 -9 822 -10 68
10 -1 658 2 319 3 905 -4 430 5 807 -6 264 -7 883 8 423 9 657 -10 473
10 -1 901 -2 920 -3 777 4 893 -5 882 -6 257 -7 664 8 553 9 980 -10 881
10 1 908 -2 272 3 572 -4 984 -5 432 6 954 7 448 8 615 -9 366 10 198
10 1 75 2 898 3 776 4 808 -5 160 -6 893 7 564 8 218 -9 972 -10 278
10 -1 60 -2 373 3 682 -4 954 5 149 -6 279 7 334 -8 307 9 573 -10 351
10 -1 510 -2 891 3 470 4 888 -5 140 -6 420 -7 65 -8 333 9 857 10 14
10 -1 604 2 963 3 917 4 809 -5 281 -6 34 -7 105 8 975 -9 934 -10 391
10 1 45 2 360 3 738 -4 295 5 795 -6 581 -7 459 -8 746 9 114 10 599
10 1 440 2 843 3 229 -4 291 -5 440 6 824 -7 697 8 425 -9 698 -10 862
10 1 736 -2 982 3 180 -4 1 -5 628 6 620 -7 40 8 771 9 490 -10 472
10 1 744 -2 377 3 328 -4 79 -5 633 6 324 -7 116 8 71 9 464 10 659
10 -1 915 2 18 3 80 -4 477 -5 777 -6 998 -7 610 8 601 -9 137 -10 747
10 1 516 -2 412 -3 450 4 944 -5 472 -6 731 -7 444 8 508 -9 55 -10 772
10 1 193 2 299 3 548 4 267 -5 644 -6 783 7 670 -8 11 -9 177 10 477
10 1 909 -2 625 3 14 4 881 5 389 -6 802 7 192 8 94 9 805 -10 69
10 1 853 -2 113 -3 63 -4 187 -5 743 6 505 -7 77 8 901 -9 403 -10 431
10 1 21 2 227 3 723 4 409 5 828 -6 558 7 791 -8 956 -9 973 -10 898
10 -1 461 -2 631 -3 648 -4 774 -5 548 6 20 7 179 -8 839 -9 812 10 618
10 1 806 2 667 -3 552 -4 578 5 32 6 907 -7 490 8 566 -9 805 -10 726
10 -1 457 2 33 -3 357 -4 788 -5 939 6 640 -7 22 8 374 -9 70 10 545
10 1 265 -2 677 -3 405 -4 510 -5 803 6 87 -7 304 8 883 9 736 10 583
10 1 598 -2 704 -3 243 4 302 -5 213 6 901 7 676 -8 372 9 723 10 547
10 -1 73 2 93 -3 734 -4 303 -5 231 -6 426 -7 22 8 543 9 71 -10 576
10 1 633 -2 9 -3 104 4 881 -5 463 -6 767 7 274 8 519 -9 731 -10 383
10 1 527 -2 241 -3 586 4 683 -5 807 -6 836 7 660 -8 838 -9 231 -10 673
10 1 636 -2 9 -3 665 -4 850 -5 681 -6 674 7 33 8 732 9 267 -10 25
10 -1 834 2 163 -3 673 4 122 -5 654 6 82 -7 944 8 202 -9 913 -10 977
10 -1 58 -2 144 3 414 -4 8 5 557 -6 167 7 268 8 797 9 843 10 858
10 -1 984 2 575 3 880 -4 839 5 512 -6 879 7 83 8 924 -9 959 -10 419
10 -1 776 2 239 3 671 -4 857 -5 332 6 692 7 9 -8 767 -9 46 -10 225
10 1 694 -2 42 3 469 4 442 5 149 6 667 -7 454 8 339 -9 971 10 331
10 1 587 2 38 3 812 4 836 5 861 -6 523 7 160 8 777 -9 726 -10 423
10 -1 178 2 790 3 257 4 526 -5 407 6 247 7 330 8 899 -9 674 -10 664
10 -1 654 -2 265 3 532 4 51 5 559 -6 728 -7 342 8 909 -9 646 10 195
10 -1 834 -2 172 3 736 4 560 -5 23 6 431 -7 589 8 683 -9 380 -10 704
10 1 658 -2 536 -3 739 -4 462 5 479 6 846 7 822 8 649 9 25 10 491
10 -1 912 2 832 -3 571 -4 404 -5 664 6 708 7 824 -8 156 9 170 -10 721
10 -1 816 -2 984 3 636 4 512 5 579 -6 380 -7 890 -8 400 -9 655 10 231
10 1 701 -2 62 -3 202 -4 960 5 277 -6 434 7 897 -8 799 9 624 -10 278
10 1 126 2 438 3 923 -4 402 5 961 6 833 7 63 8 853 -9 935 -10 69
10 -1 777 2 11 -3 981 -4 405 -5 135 -6 681 -7 216 -8 223 -9 174 -10 548
10 1 35 2 980 -3 303 -4 216 5 615 6 544 -7 950 8 660 9 466 10 935
10 1 732 -2 737 -3 406 -4 40 5 942 6 522 -7 742 -8 456 -9 84 10 893
10 -1 706 2 891 3 604 4 225 -5 156 6 960 7 82 8 1 -9 112 -10 83
10 -1 176 2 817 3 788 -4 581 5 257 -6 624 -7 161 8 514 -9 121 -10 489
10 1 877 -2 576 -3 873 -4 183 5 338 6 398 7 156 -8 698 -9 136 -10 971
10 -1 621 -2 484 -3 524 -4 902 -5 228 -6 337 -7 531 -8 790 -9 670 -10 541
10 -1 42 2 357 3 369 -4 124 -5 103 6 496 -7 103 -8 347 9 523 -10 896
10 -1 340 -2 475 -3 773 -4 583 -5 265 -6 136 7 989 8 293 -9 23 10 79
10 1 360 2 496 3 636 -4 975 -5 666 6 452 7 376 -8 262 -9 108 -10 837
10 -1 856 -2 811 3 879 -4 873 5 869 6 636 -7 535 -8 653 9 859 10 119
10 -1 977 -2 895 -3 801 -4 998 5 455 6 117 7 315 -8 256 -9 889 10 995
10 -1 338 -2 704 -3 432 -4 633 -5 788 -6 463 -7 984 8 218 -9 866 -10 925
10 1 642 -2 70 -3 177 -4 796 -5 90 -6 906 7 847 8 998 -9 367 -10 548
10 -1 155 -2 481 -3 518 -4 900 5 236 -6 510 -7 306 -8 537 -9 949 -10 602
10 -1 226 -2 421 -3 411 4 419 5 514 6 893 -7 32 -8 290 -9 495 10 829
10 1 864 -2 941 -3 818 -4 460 -5 834 6 258 7 153 8 757 -9 550 10 71
10 1 205 -2 125 3 353 -4 92 5 45 6 67 7 802 -8 261 9 342 -10 934
10 -1 419 -2 644 3 470 -4 487 5 517 -6 982 7 465 -8 370 9 705 10 455
10 1 723 -2 53 3 228 -4 223 5 706 -6 419 -7 757 -8 67 -9 793 -10 482
10 -1 407 -2 813 -3 710 4 74 -5 798 -6 715 -7 553 8 488 9 509 -10 89
10 1 258 2 652 3 429 -4 885 5 607 6 629 -7 391 -8 392 -9 818 10 833
10 -1 886 -2 592 3 275 -4 539 5 820 -6 706 7 628 8 155 9 286 10 615
10 -1 86 2 788 3 971 4 451 5 29 -6 904 -7 951 -8 980 9 545 -10 136
10 -1 393 -2 41 3 929 4 320 5 693 6 444 -7 772 8 176 9 631 10 416
10 -1 729 2 574 -3 695 -4 149 5 993 6 149 7 62 -8 670 -9 86 10 298
10 -1 161 2 288 3 825 4 145 -5 58 -6 201 -7 900 8 5 9 126 -10 200
10 1 680 2 436 3 92 -4 903 -5 783 -6 158 7 455 8 836 -9 194 -10 544
10 -1 426 2 848 3 962 4 777 5 521 -6 427 -7 40 -8 502 -9 681 10 331
10 -1 951 -2 141 -3 283 4 414 5 730 6 182 -7 991 8 42 -9 771 10 712
10 -1 914 -2 945 3 158 4 811 5 539 -6 21 -7 715 8 244 -9 795 -10 923
10 1 616 2 158 -3 53 4 492 5 834 -6 611 7 835 8 920 -9 213 10 358
10 1 466 -2 271 3 691 4 597 -5 571 6 635 7 308 -8 813 -9 546 10 130
10 -1 544 -2 730 3 64 -4 863 -5 741 -6 911 -7 296 8 190 9 986 10 418
10 1 90 2 596 -3 824 4 738 -5 485 6 994 -7 715 8 303 -9 933 -10 478
10 1 67 -2 322 3 24 -4 262 5 463 6 121 -7 878 -8 129 -9 40 -10 727
10 -1 857 2 123 -3 633 -4 995 5 277 6 173 -7 137 8 760 -9 67 10 871
10 -1 797 2 883 3 484 4 494 -5 863 -6 371 7 978 8 418 -9 606 -10 184
10 -1 948 -2 222 3 31 -4 521 5 677 6 374 -7 62 8 53 -9 228 -10 793
10 -1 924 2 891 3 169 -4 151 5 308 6 90 7 789 -8 978 9 707 10 868
10 1 567 -2 394 3 319 4 250 -5 143 -6 132 7 414 8 322 -9 73 10 99
10 1 847 2 938 3 103 -4 475 -5 881 -6 254 -7 991 8 576 9 633 10 897
10 1 70 -2 650 3 709 4 92 5 859 -6 514 -7 34 -8 827 9 603 10 667
10 -1 42 2 898 -3 170 -4 684 -5 277 6 602 7 986 8 348 9 616 10 284
10 1 608 -2 135 -3 341 -4 52 5 481 6 343 -7 219 -8 633 -9 827 10 797
10 -1 579 -2 575 3 403 4 499 5 528 6 780 -7 244 8 616 -9 850 10 222
10 1 920 2 312 3 911 4 49 5 633 -6 113 7 959 -8 207 9 207 -10 529
10 1 374 2 82 -3 864 4 914 -5 327 6 778 -7 679 -8 715 9 486 -10 947
10 1 166 -2 135 -3 610 4 38 5 291 -6 986 7 360 -8 879 9 363 -10 212
10 1 771 -2 516 3 283 -4 349 5 603 -6 428 -7 709 -8 165 9 126 -10 943
10 -1 591 -2 631 3 827 -4 654 5 41 6 1 -7 368 8 231 -9 628 10 765
10 -1 733 -2 41 -3 398 -4 164 -5 928 6 223 7 814 -8 961 -9 251 -10 189
10 1 49 2 347 3 619 4 267 5 33 6 480 -7 822 -8 79 9 27 -10 341
10 1 646 2 92 3 443 4 219 5 694 -6 224 7 148 8 231 -9 728 -10 582
10 -1 268 -2 892 -3 165 -4 762 5 623 -6 235 7 671 -8 691 9 514 -10 896
10 1 38 -2 240 -3 934 -4 93 -5 837 6 540 7 688 8 690 9 38 -10 579
10 -1 470 -2 591 3 442 -4 857 5 458 -6 201 -7 166 -8 596 -9 273 -10 681
10 -1 244 2 975 3 687 4 209 5 92 -6 14 7 946 8 506 9 194 10 934
10 1 711 -2 83 -3 581 -4 703 -5 345 -6 833 7 384 -8 45 -9 450 -10 25
10 1 283 2 157 3 946 -4 192 -5 492 -6 361 -7 633 8 122 9 736 -10 79
10 -1 674 2 498 3 444 4 261 5 848 6 509 7 622 -8 183 -9 654 10 174
