1000
10 -1 760 -2 815 3 861 -4 795 5 665 6 923 7 116 -8 481 9 390 10 588
10 1 14 2 418 -3 187 -4 164 5 143 -6 130 7 2 8 215 9 984 10 894
10 1 297 -2 985 3 553 4 187 5 990 -6 306 7 370 -8 170 9 271 10 340
10 -1 838 2 611 -3 68 -4 364 -5 493 -6 190 -7 484 8 59 -9 999 10 973
10 -1 866 -2 19 -3 375 -4 593 5 464 6 725 7 639 8 122 9 952 -10 353
10 -1 915 -2 795 -3 111 -4 881 -5 38 -6 969 7 214 -8 526 -9 941 10 349
10 -1 947 2 320 -3 314 4 818 5 642 6 739 -7 496 8 738 9 83 -10 33
10 1 759 -2 847 -3 467 -4 150 5 939 6 821 -7 343 8 134 9 646 -10 110
10 1 445 -2 153 3 866 -4 302 5 465 6 1000 -7 984 -8 706 -9 491 -10 299
10 -1 414 2 116 -3 842 4 643 -5 889 -6 185 7 504 -8 528 -9 65 -10 712
10 1 778 -2 373 -3 856 -4 272 -5 980 -6 666 7 595 8 486 -9 334 -10 475
10 -1 837 -2 357 -3 660 -4 756 -5 359 6 891 -7 1000 -8 980 -9 531 10 543
10 1 204 -2 960 -3 290 4 737 -5 176 -6 310 -7 738 8 201 9 601 -10 640
10 1 225 2 647 3 483 4 170 5 914 6 114 -7 992 8 495 9 562 10 426
10 -1 360 -2 679 3 605 4 244 -5 1 -6 416 -7 877 -8 888 9 706 -10 988
10 1 564 -2 98 -3 559 -4 974 -5 982 -6 839 7 430 -8 833 -9 479 10 161
10 -1 578 -2 981 3 992 4 624 5 360 6 392 7 334 8 334 -9 440 -10 232
10 -1 299 -2 996 -3 394 4 611 -5 759 -6 509 -7 426 8 327 -9 504 -10 147
10 -1 25 2 676 -3 252 -4 41 5 847 -6 14 -7 546 -8 250 -9 801 10 252
10 -1 275 2 739 -3 301 -4 623 -5 531 6 17 7 308 -8 547 -9 629 -10 749
10 1 476 -2 370 3 38 4 259 -5 703 6 910 7 15 -8 798 -9 610 -10 880
10 -1 488 -2 699 3 921 -4 477 5 311 6 712 -7 597 -8 664 -9 933 -10 147
10 1 490 -2 997 -3 551 4 436 5 71 6 274 7 811 8 680 9 342 -10 71
10 -1 719 -2 51 3 863 4 225 5 730 6 300 -7 154 8 626 9 424 10 69
10 1 45 2 677 -3 764 4 287 5 585 6 761 -7 900 8 11 -9 94 -10 702
10 -1 502 -2 962 -3 937 4 142 -5 155 -6 933 7 270 8 565 9 261 -10 530
10 1 828 2 885 -3 465 -4 184 5 731 6 671 -7 88 8 94 9 519 -10 245
10 -1 898 -2 492 -3 111 4 556 -5 55 6 968 -7 698 8 768 9 86 -10 841
10 1 144 -2 363 3 297 -4 953 -5 816 -6 388 7 741 -8 664 -9 824 -10 985
10 -1 530 2 607 3 758 4 406 5 100 6 34 7 208 8 41 -9 911 -10 678
10 -1 1 -2 482 -3 912 -4 332 -5 473 6 197 7 670 8 73 -9 890 -10 890
10 -1 156 -2 113 -3 839 4 769 -5 689 6 34 -7 918 8 353 -9 324 10 705
10 1 690 -2 484 3 121 -4 299 -5 691 6 747 7 35 8 732 9 589 10 673
10 1 633 -2 934 -3 697 -4 189 -5 371 -6 69 -7 168 8 180 9 964 10 662
10 -1 744 -2 7 -3 63 -4 798 -5 174 6 35 -7 963 8 734 9 243 -10 95
10 -1 56 2 660 3 510 -4 801 5 50 -6 854 -7 457 -8 656 9 897 10 973
10 1 184 -2 193 3 87 -4 810 5 89 6 613 7 878 8 640 9 452 -10 499
10 -1 586 -2 535 3 744 4 935 -5 706 -6 913 7 568 8 143 -9 495 10 799
10 -1 840 -2 321 3 133 4 483 5 714 6 818 -7 991 8 283 9 505 10 50
10 1 816 -2 904 -3 907 4 74 -5 788 -6 389 7 918 -8 670 9 589 10 453
10 1 837 2 746 3 719 -4 275 5 832 -6 576 7 329 8 314 9 141 -10 510
10 -1 293 2 66 3 29 4 52 5 847 -6 447 -7 973 8 237 -9 129 -10 207
10 -1 367 2 168 3 745 4 275 5 646 6 457 -7 814 -8 122 -9 325 -10 937
10 1 473 -2 176 -3 50 4 546 -5 993 -6 611 7 107 8 834 -9 702 10 213
10 1 34 2 494 -3 403 -4 221 5 284 6 311 -7 783 8 376 -9 829 10 834
10 1 633 -2 411 -3 147 4 852 5 502 -6 39 7 174 -8 102 -9 922 10 816
10 -1 489 -2 884 3 820 4 386 5 107 6 833 -7 23 -8 695 9 625 -10 526
10 -1 514 -2 559 -3 461 4 550 5 818 -6 372 7 696 8 291 -9 80 10 90
10 -1 626 -2 315 3 282 4 74 5 772 6 687 -7 919 -8 705 9 495 10 918
10 1 245 -2 999 -3 403 4 688 -5 388 6 769 7 933 -8 396 -9 112 -10 255
10 1 218 -2 313 -3 817 4 919 5 79 -6 785 7 231 8 584 -9 427 10 436
10 -1 542 2 310 -3 288 4 620 -5 192 -6 32 7 119 -8 577 9 445 10 334
10 1 662 -2 747 3 63 -4 142 5 327 6 871 -7 661 -8 949 9 915 -10 861
10 1 2 2 689 3 115 4 344 5 377 6 589 -7 754 -8 836 9 731 10 375
10 1 834 2 201 3 332 -4 178 -5 913 6 252 -7 965 -8 385 9 121 -10 136
10 1 508 -2 986 -3 968 4 503 -5 17 6 829 -7 363 8 941 -9 392 10 298
10 -1 658 2 590 3 304 -4 346 5 532 -6 52 7 431 8 278 9 150 -10 991
10 1 567 -2 443 3 555 -4 877 5 95 -6 365 7 831 8 6 9 370 10 22
10 -1 576 -2 980 -3 889 4 55 5 199 -6 13 -7 532 8 980 -9 613 -10 521
10 1 55 2 403 -3 881 4 221 5 432 -6 832 -7 938 -8 16 9 914 -10 152
10 -1 800 2 433 3 379 4 404 -5 196 -6 143 -7 373 -8 3 9 788 10 777
10 -1 79 2 704 -3 37 -4 907 5 202 6 766 -7 984 -8 614 -9 140 -10 243
10 1 943 -2 961 3 15 4 832 -5 88 -6 135 -7 343 8 156 -9 531 10 291
10 1 109 -2 384 -3 378 -4 561 -5 990 6 989 7 270 8 559 9 750 -10 137
10 1 493 2 9 3 790 4 429 5 517 6 812 -7 58 8 40 -9 906 -10 796
10 1 572 -2 451 -3 106 4 947 -5 583 -6 731 -7 387 -8 868 9 606 10 661
10 -1 57 2 542 -3 101 -4 838 -5 850 -6 142 -7 360 8 507 9 580 10 581
10 -1 44 2 760 3 120 -4 907 5 384 -6 270 -7 496 8 759 9 269 -10 850
10 1 641 -2 398 3 644 4 719 -5 607 -6 938 7 609 8 580 9 924 -10 575
10 1 10 -2 45 -3 691 4 27 -5 121 -6 739 -7 627 8 550 9 723 10 737
10 1 44 2 733 -3 312 4 980 -5 124 -6 773 -7 265 -8 306 -9 2 -10 529
10 -1 477 -2 160 3 967 -4 323 5 469 6 154 -7 82 -8 449 -9 180 10 143
10 -1 174 -2 958 -3 935 4 149 -5 275 -6 515 7 569 8 679 9 430 -10 856
10 -1 301 2 201 -3 436 -4 867 -5 499 6 980 7 707 8 345 9 106 -10 865
10 1 52 -2 177 -3 742 -4 103 -5 879 -6 904 7 320 8 300 -9 421 -10 65
10 1 309 2 185 3 967 4 810 -5 107 -6 427 7 232 -8 28 -9 668 10 698
10 -1 956 -2 969 3 478 -4 106 5 788 6 118 7 86 -8 448 9 279 -10 565
10 -1 997 -2 41 3 904 4 391 5 941 6 334 7 143 -8 55 -9 314 -10 567
10 -1 291 2 763 -3 468 -4 414 5 138 6 469 7 456 8 137 9 172 10 737
10 -1 264 -2 878 3 822 -4 108 -5 595 -6 643 -7 715 8 556 9 212 10 345
10 -1 655 -2 896 -3 620 -4 60 -5 137 -6 302 -7 380 8 297 9 776 10 2
10 -1 967 2 320 -3 678 -4 431 -5 349 -6 729 7 164 -8 668 9 552 -10 791
10 -1 858 -2 45 3 549 4 491 5 755 6 174 7 874 8 682 -9 667 10 395
10 -1 661 2 662 -3 943 4 210 5 596 6 762 -7 446 -8 229 9 382 -10 804
10 1 914 -2 544 3 151 -4 59 -5 15 6 785 7 109 8 470 -9 921 -10 489
10 -1 535 2 26 -3 855 4 21 -5 515 6 992 7 714 -8 206 9 547 -10 909
10 1 177 2 406 3 35 -4 60 -5 193 -6 401 7 791 8 916 -9 706 10 223
10 1 413 -2 151 -3 984 4 281 -5 538 6 711 -7 782 8 892 9 940 -10 813
10 -1 844 -2 751 3 208 -4 597 -5 734 6 197 7 375 8 726 -9 372 10 643
10 -1 187 2 558 3 723 -4 971 5 761 6 718 -7 981 -8 744 9 500 10 377
10 1 60 -2 776 -3 272 -4 908 -5 623 -6 175 -7 437 -8 843 9 236 -10 302
10 1 837 2 796 -3 225 4 682 -5 97 6 748 -7 418 8 329 -9 878 10 317
10 1 950 2 783 3 42 -4 526 -5 222 -6 312 7 435 -8 631 -9 587 10 994
10 1 903 -2 852 3 605 -4 75 -5 299 -6 99 7 355 -8 91 -9 892 10 365
10 1 473 -2 101 -3 336 4 703 -5 718 6 610 7 911 -8 317 -9 471 -10 526
10 1 867 -2 423 3 630 -4 957 -5 127 6 65 -7 331 8 314 -9 432 10 180
10 1 457 2 752 -3 43 4 604 5 70 6 302 -7 292 -8 673 9 36 -10 468
10 -1 166 -2 541 -3 862 -4 635 -5 868 6 182 -7 486 -8 870 9 114 -10 907
10 -1 380 -2 966 3 400 -4 878 -5 271 6 149 -7 366 -8 186 9 422 10 955
10 -1 324 -2 200 3 448 -4 122 -5 388 6 199 7 675 -8 250 -9 897 10 923
10 1 798 -2 102 -3 345 -4 167 5 47 6 512 7 280 -8 539 9 47 10 339
10 -1 227 -2 467 3 34 4 778 5 112 -6 123 7 921 8 650 9 791 -10 802
10 -1 262 -2 174 -3 314 4 401 5 247 -6 859 7 786 -8 482 9 872 10 747
10 1 393 2 290 -3 38 -4 4 -5 151 6 760 7 947 8 328 -9 247 -10 7
10 1 607 -2 535 -3 362 -4 275 5 876 -6 464 7 703 8 607 9 234 10 578
10 -1 92 2 243 3 393 4 289 5 212 6 122 -7 228 -8 645 -9 708 -10 81
10 1 604 -2 820 3 693 -4 582 -5 968 6 310 7 574 8 620 9 672 -10 389
10 -1 859 -2 873 -3 137 4 457 5 760 6 626 7 936 -8 186 -9 560 10 204
10 -1 734 2 284 -3 847 -4 82 -5 320 6 640 7 22 8 967 -9 826 -10 453
10 -1 69 -2 405 -3 154 -4 684 -5 962 6 790 -7 628 8 207 -9 339 10 377
10 -1 632 2 948 -3 725 4 580 5 290 6 428 -7 492 8 784 -9 493 -10 454
10 1 243 -2 728 3 980 4 87 5 796 -6 668 -7 553 8 881 9 15 -10 715
10 1 982 2 823 3 849 4 863 -5 452 6 969 7 775 8 342 -9 545 -10 732
10 1 994 2 506 -3 869 -4 51 -5 10 -6 44 7 195 -8 285 -9 236 10 455
10 1 583 -2 918 -3 239 -4 425 -5 222 -6 447 7 323 8 811 9 244 -10 294
10 1 965 -2 784 3 301 4 645 -5 260 6 545 -7 45 8 684 9 104 -10 308
10 1 556 2 325 -3 970 4 45 -5 917 -6 393 7 118 -8 855 -9 755 10 831
10 1 7 -2 315 -3 143 4 373 -5 285 6 448 -7 987 8 465 -9 318 -10 102
10 -1 534 2 251 -3 113 4 598 5 657 -6 537 7 690 -8 534 -9 207 10 728
10 1 25 2 633 -3 424 4 984 -5 346 6 919 -7 928 -8 265 9 233 -10 495
10 -1 71 -2 88 -3 731 -4 48 -5 959 6 681 7 52 8 436 9 214 -10 241
10 1 794 -2 186 3 457 -4 588 5 456 6 887 -7 495 8 908 -9 305 10 474
10 -1 685 -2 858 3 76 -4 675 -5 931 -6 698 7 762 -8 381 -9 805 10 871
10 1 391 -2 382 -3 432 -4 857 5 612 6 770 7 351 8 98 9 932 -10 771
10 -1 688 2 439 3 379 4 405 5 578 6 388 -7 973 8 357 9 423 -10 286
10 -1 505 -2 175 3 906 4 776 -5 336 6 90 -7 368 -8 92 -9 152 -10 516
10 -1 783 2 485 3 970 -4 450 -5 953 6 809 7 109 -8 774 9 526 10 725
10 -1 717 -2 789 3 868 4 886 -5 966 -6 704 7 718 8 682 9 708 -10 295
10 1 625 -2 728 3 142 -4 295 -5 755 -6 330 -7 323 -8 36 -9 674 -10 483
10 1 269 2 817 3 86 4 614 -5 663 6 874 -7 138 -8 899 -9 38 -10 616
10 -1 330 -2 126 3 603 4 509 5 926 6 358 -7 132 8 783 9 397 10 135
10 -1 778 2 221 -3 714 4 280 5 103 6 603 7 596 -8 517 -9 310 10 236
10 1 562 -2 623 -3 932 -4 19 5 644 -6 646 -7 138 8 397 9 426 10 368
10 -1 672 -2 502 -3 836 4 335 -5 488 -6 123 7 966 8 198 -9 958 10 337
10 -1 681 -2 82 -3 280 -4 77 5 79 6 73 7 75 8 914 -9 448 -10 392
10 1 614 -2 196 3 87 -4 273 5 749 -6 927 -7 226 -8 980 9 605 10 13
10 1 452 2 50 3 693 -4 804 -5 508 -6 505 7 463 8 692 -9 178 10 809
10 1 654 2 578 -3 843 4 844 5 486 6 551 7 624 -8 877 9 718 10 386
10 -1 117 2 784 3 728 4 482 -5 278 6 373 -7 603 8 242 9 957 10 904
10 1 128 -2 641 -3 17 -4 954 -5 210 6 227 7 559 -8 957 9 147 -10 939
10 -1 178 -2 550 3 708 -4 270 5 371 -6 189 -7 742 8 502 9 826 -10 57
10 1 994 -2 261 3 997 4 930 -5 993 6 125 7 262 -8 274 9 877 -10 969
10 1 675 -2 799 3 476 4 554 5 265 -6 656 7 725 -8 968 9 47 -10 349
10 -1 234 -2 114 3 730 -4 752 -5 706 6 350 -7 723 -8 398 9 613 -10 853
10 -1 845 2 437 -3 974 4 929 5 372 -6 439 -7 572 -8 201 9 989 -10 794
10 1 266 2 996 3 198 4 171 -5 635 6 134 -7 744 -8 649 -9 121 -10 292
10 -1 935 -2 447 3 819 4 133 5 997 -6 809 7 516 8 273 -9 167 -10 361
10 -1 848 -2 623 3 285 -4 82 -5 165 -6 838 7 704 -8 117 -9 181 10 554
10 -1 523 2 18 -3 511 4 657 -5 337 6 245 -7 567 8 306 9 483 10 417
10 -1 900 -2 909 3 576 -4 250 5 187 6 720 7 267 -8 503 -9 734 10 181
10 -1 981 2 888 3 179 -4 605 5 2 -6 960 7 871 -8 639 9 135 -10 261
10 1 923 2 735 -3 946 -4 667 5 66 6 802 -7 198 -8 512 -9 77 10 741
10 -1 727 2 958 3 92 4 84 -5 439 -6 232 7 955 -8 441 -9 71 -10 871
10 -1 316 -2 252 -3 9 4 30 -5 354 6 460 -7 230 -8 87 -9 255 -10 817
10 -1 402 2 187 -3 823 -4 592 5 942 6 504 7 970 -8 656 -9 560 -10 145
10 -1 990 -2 272 -3 700 -4 195 5 385 6 800 -7 592 -8 900 9 13 -10 321
10 1 143 -2 427 3 346 -4 872 5 251 -6 970 -7 136 8 672 -9 692 10 831
10 1 729 -2 440 3 687 4 282 -5 156 -6 214 7 720 -8 771 -9 864 10 530
10 -1 401 2 175 -3 967 -4 905 -5 84 6 177 7 84 8 43 -9 612 -10 464
10 -1 526 -2 408 -3 930 4 830 -5 751 6 171 7 390 -8 767 9 770 10 149
10 1 207 -2 142 -3 872 -4 961 -5 64 -6 874 7 133 -8 967 9 909 -10 252
10 1 747 -2 722 3 248 -4 809 -5 516 6 226 7 949 8 744 -9 545 10 919
10 -1 551 -2 540 3 33 4 609 -5 504 -6 59 -7 630 -8 501 -9 926 10 801
10 1 743 2 737 3 203 4 503 -5 879 6 161 7 202 -8 854 9 415 -10 26
10 -1 182 2 661 3 727 -4 716 -5 167 -6 674 7 801 8 471 -9 255 -10 729
10 1 782 2 146 3 706 4 651 -5 216 -6 445 -7 156 8 838 -9 659 -10 11
10 -1 282 -2 573 -3 600 4 58 -5 301 -6 740 7 120 8 560 -9 483 -10 221
10 1 47 -2 193 3 516 4 909 -5 776 6 22 7 84 8 366 -9 430 -10 124
10 1 440 -2 57 3 30 -4 382 5 945 -6 363 -7 365 8 562 9 830 -10 161
10 -1 961 2 637 3 525 -4 263 -5 464 -6 635 -7 1000 -8 706 -9 521 -10 831
10 -1 520 2 781 -3 965 4 827 -5 198 -6 655 7 309 -8 926 -9 377 -10 610
10 -1 809 -2 546 -3 570 -4 357 5 722 -6 675 -7 379 8 46 9 286 -10 652
10 -1 865 2 826 -3 201 4 155 5 445 6 329 -7 746 8 479 -9 215 10 374
10 1 566 2 543 -3 882 -4 339 5 585 -6 958 7 201 -8 78 -9 711 -10 859
10 1 100 -2 169 3 540 -4 655 5 863 -6 519 7 359 8 36 9 34 10 482
10 1 415 -2 128 -3 591 4 701 5 596 -6 944 7 200 8 390 -9 992 10 470
10 -1 776 2 991 3 854 -4 699 5 741 -6 410 7 194 -8 750 -9 441 -10 531
10 -1 324 -2 791 3 142 4 604 -5 119 6 591 7 635 8 638 9 423 10 751
10 -1 110 -2 580 -3 30 -4 964 -5 740 -6 266 -7 111 8 567 -9 295 -10 313
10 1 957 2 584 -3 97 -4 186 -5 580 -6 288 -7 779 8 556 -9 923 10 397
10 1 478 2 730 3 427 -4 913 5 304 -6 80 7 756 8 363 -9 369 -10 81
10 1 200 -2 374 3 937 4 679 -5 179 6 792 -7 968 -8 37 9 374 10 114
10 1 917 -2 137 3 139 4 754 -5 457 6 837 7 55 8 783 -9 260 10 745
10 -1 568 2 603 3 547 4 146 5 658 6 307 -7 897 8 508 9 187 -10 983
10 -1 267 2 817 -3 545 -4 717 -5 883 6 172 7 246 8 561 -9 535 10 46
10 -1 186 2 577 3 401 4 318 5 222 6 409 7 925 -8 559 -9 565 10 60
10 -1 860 2 824 -3 515 4 694 5 225 -6 218 -7 642 -8 899 -9 324 -10 584
10 1 432 2 489 3 206 -4 128 5 816 -6 937 7 817 8 869 -9 821 -10 339
10 1 377 2 926 -3 333 4 582 5 297 6 429 7 921 8 301 -9 698 -10 459
10 -1 602 2 846 -3 229 4 188 5 898 6 901 -7 319 8 290 9 799 -10 676
10 1 17 2 238 3 323 4 134 -5 699 6 578 7 730 -8 261 9 733 10 219
10 1 269 2 125 3 977 -4 367 5 340 6 937 -7 324 8 899 -9 968 -10 84
10 -1 193 2 573 3 963 4 486 -5 407 -6 397 -7 346 8 562 -9 236 10 477
10 1 788 -2 320 3 755 4 603 5 480 6 901 -7 96 -8 393 9 66 10 332
10 -1 938 -2 29 3 457 4 457 5 194 6 748 7 808 -8 404 -9 824 10 519
10 1 915 -2 517 -3 136 4 665 -5 12 -6 957 -7 579 -8 338 -9 1000 -10 520
10 1 846 -2 323 3 405 4 738 5 580 -6 883 7 455 8 143 9 359 -10 779
10 1 508 2 755 3 81 -4 712 5 961 -6 705 -7 581 -8 805 9 567 -10 739
10 1 845 2 915 -3 48 -4 896 5 10 -6 181 -7 604 -8 105 9 202 10 557
10 -1 154 2 683 3 830 4 496 5 307 6 41 7 110 8 486 -9 716 10 191
10 1 991 -2 674 -3 34 -4 743 -5 872 -6 102 7 338 8 746 9 924 -10 116
10 -1 209 2 951 -3 699 4 225 -5 855 -6 92 -7 15 8 627 -9 997 -10 611
10 -1 889 -2 948 -3 471 4 36 -5 91 -6 596 -7 179 -8 900 -9 747 10 925
10 -1 513 -2 802 -3 23 -4 710 5 185 -6 835 -7 323 -8 938 -9 572 10 930
10 1 989 -2 440 -3 110 4 76 -5 681 -6 32 7 677 -8 487 9 323 10 511
10 1 816 -2 758 3 828 -4 961 5 361 6 56 7 432 8 158 -9 85 -10 631
10 -1 658 -2 890 3 750 4 970 5 117 6 425 7 462 -8 867 9 396 10 746
10 1 945 -2 799 3 89 -4 195 -5 252 6 804 7 393 8 452 9 551 -10 807
10 -1 689 2 263 3 911 -4 457 5 618 6 619 -7 158 8 882 -9 305 10 734
10 -1 113 2 180 -3 830 -4 605 -5 713 6 519 -7 104 -8 74 9 740 10 638
10 1 305 2 374 -3 877 4 834 -5 176 6 636 7 311 8 308 9 708 10 46
10 1 480 2 678 -3 765 -4 65 5 258 -6 217 -7 983 -8 799 -9 885 -10 100
10 -1 824 2 976 -3 145 -4 543 5 559 6 124 -7 304 8 698 -9 283 10 857
10 -1 601 -2 371 -3 246 4 398 5 30 -6 616 7 867 8 291 -9 341 10 453
10 1 209 -2 632 -3 435 4 633 -5 554 -6 983 7 846 -8 226 -9 414 -10 900
10 1 243 -2 835 3 220 4 389 5 394 -6 100 -7 455 8 858 -9 558 -10 519
10 1 603 -2 556 3 885 4 666 -5 1000 -6 100 7 607 8 372 9 135 10 545
10 -1 408 -2 642 3 384 4 220 5 269 -6 549 7 152 -8 204 9 267 10 125
10 1 912 2 690 3 658 4 367 -5 757 6 944 -7 969 -8 27 -9 728 -10 3
10 1 930 2 364 -3 116 -4 181 -5 762 -6 426 -7 119 8 496 -9 682 10 211
10 1 265 2 655 3 840 4 254 5 211 6 502 7 576 8 290 9 888 10 754
10 -1 309 2 105 3 37 4 744 -5 32 -6 461 7 531 -8 462 -9 764 -10 978
10 1 774 2 975 3 237 4 213 5 157 6 910 -7 691 -8 214 9 737 -10 109
10 -1 371 -2 913 3 842 4 267 5 844 -6 288 -7 239 8 554 -9 655 -10 241
10 -1 801 2 193 3 9 4 450 -5 651 -6 49 -7 856 -8 946 9 617 10 683
10 1 548 -2 932 -3 754 -4 629 5 557 6 743 7 568 8 333 9 652 10 738
10 1 625 2 924 3 485 4 118 5 673 6 816 7 217 8 799 9 280 -10 970
10 -1 585 2 184 -3 200 4 297 5 955 6 295 -7 537 8 955 9 871 10 678
10 1 239 2 659 -3 425 -4 926 -5 441 6 293 7 451 -8 232 9 423 10 488
10 1 599 2 931 -3 706 4 905 -5 752 -6 577 7 93 8 28 -9 800 10 355
10 -1 695 2 677 3 181 4 110 5 793 6 551 7 880 -8 447 -9 627 10 506
10 1 226 -2 866 3 717 -4 782 5 293 6 766 7 568 8 797 9 143 -10 393
10 -1 809 2 75 3 38 4 223 -5 122 -6 936 -7 361 8 235 -9 67 10 745
10 1 27 2 44 -3 196 4 437 5 244 6 114 -7 402 8 319 -9 194 -10 88
10 -1 819 2 809 -3 684 -4 201 5 381 -6 661 7 311 -8 298 -9 712 10 238
10 -1 915 -2 634 3 101 4 857 -5 354 -6 99 -7 811 -8 856 9 917 -10 977
10 -1 929 2 294 -3 635 -4 19 -5 517 6 993 -7 25 8 641 -9 817 10 214
10 -1 739 2 65 -3 677 4 113 5 112 -6 639 -7 39 -8 859 9 786 10 249
10 1 226 -2 565 -3 965 -4 419 -5 873 -6 36 7 733 8 780 9 216 10 240
10 -1 60 2 858 -3 84 -4 857 5 116 -6 86 7 651 -8 144 -9 755 -10 564
10 -1 720 -2 464 3 902 -4 527 5 180 6 963 7 277 -8 509 9 780 10 759
10 -1 367 2 728 -3 935 4 256 5 794 6 335 7 86 8 855 9 430 -10 541
10 1 75 2 117 3 639 -4 266 5 935 6 612 7 279 8 130 -9 892 10 325
10 -1 376 -2 889 -3 937 4 217 -5 727 -6 396 -7 676 -8 627 -9 956 -10 154
10 -1 458 2 324 3 377 -4 840 5 546 6 466 7 527 -8 696 -9 678 -10 786
10 1 703 2 259 3 514 -4 647 -5 353 6 246 -7 937 8 580 -9 389 -10 509
10 1 95 -2 643 3 107 -4 792 5 84 6 531 7 451 -8 244 9 134 10 322
10 1 953 -2 409 3 308 4 333 -5 470 6 164 -7 452 -8 339 9 149 -10 325
10 -1 721 -2 321 3 704 4 685 -5 490 -6 108 -7 706 -8 722 -9 740 10 172
10 -1 328 2 706 3 914 4 173 -5 888 -6 421 -7 940 -8 437 9 75 -10 817
10 -1 55 2 863 3 911 4 417 5 462 -6 978 7 246 -8 858 -9 749 10 158
10 1 275 -2 880 -3 527 -4 6 -5 712 -6 361 7 217 -8 789 9 771 10 710
10 -1 788 2 925 -3 778 4 730 5 839 6 554 7 91 -8 144 -9 734 -10 222
10 -1 352 2 697 3 640 4 875 -5 244 6 989 -7 885 8 627 -9 725 10 723
10 -1 534 2 16 3 456 -4 231 -5 811 -6 593 -7 226 -8 337 -9 60 10 959
10 -1 907 -2 169 -3 954 4 755 5 436 6 73 -7 982 8 912 9 829 -10 612
10 -1 994 -2 929 -3 504 4 71 5 216 -6 326 7 928 -8 270 9 760 10 425
10 -1 637 2 6 -3 175 4 494 -5 606 -6 14 7 137 8 185 -9 274 10 775
10 -1 569 2 95 -3 712 -4 854 5 894 -6 547 -7 473 -8 757 9 984 10 697
10 1 314 -2 90 -3 922 4 825 5 897 6 758 -7 329 -8 501 -9 291 -10 799
10 -1 380 2 683 3 363 -4 208 5 304 6 115 7 513 8 805 9 283 10 486
10 -1 921 2 200 3 717 -4 767 -5 464 6 621 -7 922 8 604 9 636 -10 380
10 -1 645 2 468 -3 319 -4 460 -5 387 6 580 -7 595 -8 965 9 616 10 481
10 1 28 2 78 -3 765 4 613 -5 258 6 165 -7 137 8 732 -9 910 10 604
10 1 195 2 503 -3 180 -4 859 -5 81 -6 458 -7 70 -8 942 -9 629 10 406
10 1 903 -2 334 3 388 4 4 -5 911 -6 841 -7 13 -8 312 -9 27 10 159
10 -1 860 2 103 -3 806 -4 502 5 209 -6 861 7 831 8 949 -9 829 -10 526
10 1 42 -2 477 3 449 -4 387 -5 417 6 876 -7 257 8 138 9 131 10 398
10 1 955 -2 519 3 171 -4 776 -5 564 -6 745 -7 380 8 724 -9 116 10 62
10 -1 494 -2 217 -3 370 4 101 -5 680 -6 522 -7 448 8 849 9 809 -10 461
10 1 895 2 223 3 934 4 655 5 819 6 692 7 885 8 959 9 65 10 456
10 1 378 -2 309 3 408 4 171 -5 33 6 51 -7 522 8 589 -9 916 -10 553
10 1 179 -2 36 -3 20 -4 278 -5 321 -6 158 -7 487 -8 376 -9 443 10 630
10 1 806 2 81 3 647 4 999 -5 54 6 561 7 994 -8 292 9 931 10 624
10 1 85 2 322 3 30 4 649 5 350 6 432 7 369 8 922 -9 95 10 142
10 1 325 -2 192 3 838 4 235 -5 248 6 244 7 115 -8 542 9 935 10 344
10 1 441 -2 836 -3 405 4 758 5 845 -6 998 7 551 8 854 9 788 -10 43
10 1 3 2 842 3 613 4 608 5 419 6 982 -7 271 8 829 9 472 10 64
10 1 758 2 452 -3 439 4 157 5 730 -6 617 7 455 8 854 -9 209 10 968
10 1 173 -2 416 -3 132 -4 226 -5 18 -6 793 -7 787 -8 994 9 551 10 739
10 1 393 -2 349 -3 778 -4 878 -5 72 -6 928 7 318 -8 268 9 647 -10 144
10 1 651 -2 222 -3 761 4 778 5 762 6 240 7 292 8 315 -9 974 -10 153
10 -1 105 2 10 3 346 4 581 -5 949 -6 707 7 914 8 541 9 390 -10 856
10 -1 251 -2 13 3 402 4 452 -5 456 6 204 -7 940 -8 141 -9 251 10 507
10 1 774 -2 149 3 649 -4 554 -5 550 -6 275 -7 374 8 604 -9 127 10 205
10 1 16 -2 731 -3 469 -4 361 -5 480 6 471 7 369 -8 579 -9 246 10 669
10 -1 227 -2 59 3 988 -4 501 -5 849 -6 632 7 125 -8 314 -9 546 10 178
10 1 267 -2 789 -3 983 4 550 5 652 -6 388 -7 427 8 924 -9 44 10 23
10 1 860 -2 393 3 320 -4 2 5 140 6 761 7 610 -8 157 -9 791 -10 240
10 -1 939 -2 643 3 961 -4 586 5 457 -6 58 7 373 -8 412 -9 954 10 920
10 1 784 -2 736 3 620 4 740 -5 260 -6 72 -7 227 -8 265 9 814 10 630
10 -1 366 2 174 3 726 4 202 5 830 6 717 7 439 8 701 9 90 -10 133
10 -1 743 -2 51 3 745 4 791 -5 730 6 436 -7 923 -8 687 -9 494 10 352
10 1 354 2 671 -3 720 4 303 5 489 6 490 -7 366 -8 519 -9 163 10 491
10 1 656 -2 509 -3 917 -4 281 -5 241 -6 517 -7 862 -8 510 9 909 10 241
10 1 515 -2 229 -3 469 4 94 -5 645 6 734 -7 581 -8 410 -9 51 -10 634
10 -1 184 2 591 3 617 4 585 5 47 -6 620 7 817 8 579 9 685 -10 245
10 -1 285 -2 52 -3 523 -4 657 -5 40 -6 26 7 740 8 123 -9 511 10 791
10 -1 219 -2 177 3 935 -4 714 5 193 -6 608 7 653 -8 428 9 982 -10 311
10 -1 310 2 139 3 900 -4 430 5 686 -6 182 -7 399 8 57 -9 666 -10 514
10 -1 428 -2 217 -3 790 4 175 5 978 6 656 -7 436 8 403 -9 943 -10 45
10 1 194 -2 679 3 298 -4 754 -5 137 6 522 7 615 8 842 -9 674 10 807
10 -1 311 2 475 3 896 -4 753 5 155 6 219 7 220 -8 177 -9 120 -10 6
10 1 265 -2 548 -3 686 -4 508 5 276 -6 704 7 981 -8 553 -9 893 10 411
10 1 281 -2 998 3 894 -4 231 5 368 -6 121 -7 612 8 345 -9 226 -10 79
10 1 670 -2 153 -3 405 -4 309 5 25 6 892 -7 332 8 256 -9 207 -10 646
10 1 716 -2 622 -3 26 -4 452 -5 119 6 112 -7 651 -8 506 9 945 10 20
10 -1 57 -2 748 3 156 -4 309 -5 933 6 42 7 811 8 723 9 236 -10 333
10 -1 373 2 720 -3 994 -4 430 -5 692 6 925 7 868 8 72 9 20 -10 796
10 -1 408 2 451 -3 333 -4 301 -5 60 6 625 -7 395 8 132 9 52 -10 381
10 -1 562 2 446 3 623 4 530 -5 216 -6 333 -7 961 8 109 9 54 -10 462
10 -1 964 2 408 3 75 -4 825 5 846 6 365 7 318 -8 946 9 138 -10 479
10 1 667 2 49 -3 322 4 125 5 468 -6 261 -7 473 8 902 9 371 -10 550
10 -1 418 2 367 3 867 4 467 5 317 -6 58 -7 972 8 611 9 971 -10 56
10 1 282 2 126 3 121 4 711 -5 316 6 915 -7 164 -8 642 9 458 10 861
10 1 621 2 653 -3 98 -4 537 5 698 -6 141 -7 17 8 384 -9 807 -10 254
10 1 99 -2 317 -3 188 -4 490 5 496 -6 119 7 617 8 908 -9 826 10 135
10 -1 91 2 243 3 656 -4 215 5 595 -6 603 -7 736 8 415 9 873 -10 947
10 -1 283 2 396 -3 338 -4 242 5 234 -6 455 7 251 8 521 -9 472 -10 398
10 -1 166 2 17 3 364 -4 628 -5 122 6 126 -7 564 8 299 9 343 -10 366
10 1 348 2 327 -3 143 4 664 -5 525 6 68 7 18 8 673 9 618 10 937
10 1 617 -2 176 3 671 -4 809 5 944 -6 929 7 930 8 475 -9 309 10 608
10 1 392 2 710 3 939 4 494 5 505 6 789 7 204 8 310 9 625 -10 559
10 1 279 -2 125 -3 822 -4 940 -5 367 6 498 -7 357 -8 218 -9 344 10 902
10 -1 824 2 484 -3 230 -4 700 -5 288 -6 370 7 911 8 212 9 102 -10 785
10 1 324 2 726 3 545 4 117 5 923 6 625 -7 740 8 129 9 578 -10 872
10 1 871 -2 714 -3 522 -4 562 5 763 -6 116 7 242 8 123 9 818 10 362
10 1 595 2 668 3 629 -4 732 5 136 -6 1 -7 254 8 508 -9 664 10 674
10 1 97 2 199 3 370 -4 669 -5 665 -6 96 -7 61 8 761 9 339 10 13
10 -1 509 -2 96 3 769 4 948 -5 265 -6 463 -7 323 8 649 9 871 -10 227
10 1 114 2 669 -3 263 -4 654 -5 120 6 993 7 782 -8 614 -9 893 -10 563
10 -1 608 2 839 -3 318 4 646 -5 743 -6 761 7 849 8 943 9 108 10 651
10 1 801 -2 883 3 132 4 478 5 287 -6 746 -7 193 -8 896 9 351 -10 760
10 -1 416 2 389 3 997 -4 290 5 567 -6 620 7 189 8 594 -9 855 -10 511
10 -1 474 -2 41 3 321 -4 659 5 526 6 873 7 337 -8 490 -9 914 -10 976
10 1 631 2 707 3 867 4 753 5 78 6 218 -7 487 -8 301 -9 590 10 608
10 1 818 2 564 -3 436 4 629 -5 120 -6 703 -7 760 -8 797 -9 604 -10 576
10 1 797 -2 368 3 685 -4 120 -5 18 -6 632 7 745 -8 110 -9 973 -10 116
10 -1 221 2 683 -3 44 -4 212 5 830 -6 647 -7 110 8 773 -9 209 -10 918
10 -1 811 -2 377 3 574 4 876 5 896 -6 420 7 677 8 825 9 605 -10 377
10 1 726 2 258 -3 198 4 172 -5 292 6 826 7 898 8 750 -9 206 10 540
10 -1 956 2 991 -3 841 -4 962 5 770 6 596 -7 55 -8 632 9 867 10 110
10 1 287 2 159 3 459 -4 879 -5 1000 6 88 7 18 8 177 -9 665 10 858
10 -1 102 2 380 3 842 -4 109 5 29 6 496 -7 343 -8 815 9 615 -10 471
10 1 323 2 697 -3 395 4 773 5 834 -6 688 -7 292 8 39 9 40 -10 94
10 1 175 2 894 3 216 -4 271 -5 442 -6 165 -7 450 -8 996 -9 284 10 724
10 -1 687 -2 350 3 809 4 446 5 920 6 781 7 759 8 78 -9 600 -10 824
10 1 236 -2 903 3 387 -4 387 5 485 6 148 -7 716 -8 471 -9 322 10 114
10 1 225 -2 838 -3 74 4 305 -5 391 6 996 -7 384 8 363 -9 816 10 851
10 1 623 -2 792 3 331 -4 827 5 368 -6 333 7 941 8 858 9 516 10 640
10 1 937 2 582 -3 876 4 407 5 521 -6 119 -7 585 8 575 -9 882 -10 804
10 -1 18 2 595 3 359 4 831 -5 882 -6 94 7 133 -8 970 9 482 10 519
10 1 209 2 664 3 630 4 310 5 986 -6 210 -7 427 -8 518 -9 58 -10 748
10 1 314 -2 297 -3 487 4 774 5 572 -6 178 7 558 8 651 9 411 -10 834
10 1 40 -2 755 3 871 -4 173 5 902 6 694 -7 347 8 129 -9 658 -10 946
10 -1 826 -2 686 -3 8 4 444 5 528 -6 900 7 636 8 805 -9 480 10 188
10 -1 883 2 595 -3 858 -4 425 -5 205 -6 443 -7 741 8 46 9 473 10 19
10 -1 780 -2 397 3 948 4 626 5 888 6 308 -7 865 8 476 -9 562 -10 231
10 -1 953 2 204 -3 156 4 919 5 453 -6 841 -7 157 8 515 -9 278 -10 631
10 -1 127 2 541 -3 896 -4 312 5 994 6 267 7 127 8 89 -9 984 -10 706
10 -1 589 2 156 3 407 4 919 -5 202 -6 204 7 857 -8 722 -9 672 10 576
10 -1 970 -2 887 -3 426 4 946 5 54 6 440 -7 868 8 111 9 665 -10 252
10 -1 598 2 817 3 941 4 931 -5 303 6 271 -7 759 -8 489 -9 597 -10 953
10 1 914 -2 306 -3 957 -4 454 5 83 6 152 7 737 8 411 -9 54 -10 470
10 -1 451 -2 566 3 232 -4 354 -5 15 -6 727 -7 241 8 452 -9 544 -10 938
10 -1 310 2 459 3 47 -4 874 5 66 -6 390 7 956 -8 637 -9 385 -10 862
10 -1 150 2 486 -3 561 4 365 5 866 6 147 7 407 -8 890 -9 240 10 616
10 1 104 2 934 3 389 -4 833 5 78 6 401 -7 873 8 131 9 184 10 745
10 -1 24 2 694 3 498 -4 514 -5 752 -6 414 -7 503 -8 771 9 316 -10 662
10 -1 710 -2 109 3 759 4 615 -5 204 -6 631 -7 987 8 626 9 205 10 737
10 1 876 -2 393 3 51 4 431 -5 887 -6 455 -7 555 8 99 -9 582 -10 280
10 1 428 2 830 -3 834 -4 720 -5 556 -6 564 -7 575 -8 691 -9 426 -10 848
10 1 890 2 448 -3 170 -4 374 5 331 6 223 7 585 8 957 -9 357 -10 759
10 -1 666 -2 345 3 53 4 745 -5 372 -6 949 7 358 8 305 9 572 -10 351
10 1 630 2 460 -3 296 4 426 5 961 6 135 7 190 -8 340 -9 960 -10 92
10 1 526 2 240 3 633 4 270 -5 718 -6 226 -7 910 -8 890 9 631 -10 791
10 1 677 2 141 -3 164 4 233 5 338 -6 364 7 399 8 300 -9 314 -10 170
10 1 17 -2 893 3 75 4 742 5 571 6 940 7 571 -8 406 -9 220 10 265
10 1 655 2 518 -3 925 4 277 5 175 -6 806 -7 132 -8 878 -9 966 10 582
10 -1 30 2 733 3 598 -4 582 5 620 6 657 -7 870 8 633 9 466 -10 415
10 -1 201 2 540 3 273 -4 82 5 888 -6 830 7 222 8 504 9 34 -10 806
10 -1 827 -2 443 -3 256 4 538 -5 935 -6 13 7 52 8 889 -9 173 -10 537
10 1 50 2 588 -3 236 -4 937 -5 152 6 919 7 679 8 330 9 49 -10 619
10 1 299 -2 463 3 693 4 60 -5 741 6 697 -7 522 8 522 9 254 10 229
10 1 689 2 638 3 849 -4 253 5 350 -6 172 7 578 -8 710 -9 954 -10 27
10 -1 425 2 215 3 567 -4 112 -5 309 -6 568 -7 982 -8 722 9 635 -10 523
10 1 883 -2 747 3 357 4 156 -5 188 6 579 7 489 8 378 9 284 -10 373
10 -1 804 -2 209 3 283 4 270 5 386 6 204 7 530 8 414 -9 175 -10 870
10 -1 761 -2 331 -3 671 -4 355 -5 257 6 821 7 788 8 722 -9 627 10 479
10 -1 251 -2 238 -3 637 -4 473 -5 931 -6 59 7 485 -8 715 9 171 -10 785
10 -1 119 -2 147 -3 231 4 236 5 254 -6 985 7 746 -8 239 -9 363 10 761
10 -1 77 2 413 3 227 4 755 5 441 -6 117 -7 304 -8 524 9 131 10 320
10 -1 185 2 938 -3 944 4 29 5 366 6 306 -7 789 8 413 9 773 10 540
10 -1 590 2 698 -3 151 4 221 -5 569 6 274 7 75 8 333 9 928 10 942
10 1 228 -2 156 3 361 4 586 -5 179 6 938 7 663 -8 305 9 243 10 909
10 -1 955 -2 22 -3 482 -4 522 5 833 -6 444 -7 727 -8 107 9 33 10 50
10 -1 324 2 304 -3 723 -4 217 5 861 6 616 -7 504 8 206 -9 595 -10 640
10 -1 786 2 864 3 855 4 663 -5 293 -6 206 -7 874 -8 833 9 480 10 145
10 -1 128 2 897 3 81 4 356 -5 128 6 22 -7 330 -8 475 -9 893 10 11
10 -1 738 -2 168 -3 137 -4 892 5 93 6 259 7 564 -8 684 9 166 -10 558
10 -1 923 -2 925 3 590 4 339 -5 165 -6 263 -7 889 8 812 -9 697 -10 214
10 -1 572 2 287 3 302 4 475 5 558 6 679 -7 309 8 488 9 935 10 848
10 -1 734 2 974 3 1 4 828 -5 981 -6 488 7 586 8 970 9 975 -10 877
10 1 779 2 24 3 349 -4 509 5 860 6 818 -7 668 -8 523 -9 951 -10 596
10 1 350 -2 876 -3 959 4 21 -5 1000 -6 780 7 423 -8 197 -9 57 -10 159
10 -1 640 2 234 -3 821 -4 674 5 269 6 489 -7 385 8 871 9 583 10 501
10 1 743 2 646 3 750 -4 433 5 266 -6 159 -7 726 8 625 9 484 10 511
10 -1 426 2 432 3 467 -4 93 -5 524 -6 843 -7 890 -8 642 9 45 10 418
10 1 876 2 819 -3 111 -4 859 -5 311 -6 938 -7 295 8 372 -9 420 -10 882
10 1 188 -2 374 -3 88 4 332 5 970 6 581 -7 255 -8 808 -9 706 10 773
10 1 812 2 851 -3 838 -4 596 5 551 6 595 7 559 -8 740 -9 79 -10 534
10 -1 496 2 744 -3 363 -4 862 5 785 6 532 7 650 8 944 -9 121 -10 390
10 1 888 -2 240 -3 383 4 221 5 262 -6 154 -7 408 -8 725 9 622 10 545
10 1 338 -2 283 -3 550 -4 118 5 352 -6 875 -7 730 8 152 -9 871 10 131
10 1 537 2 596 -3 663 4 868 -5 520 6 362 7 959 -8 413 9 525 10 847
10 1 78 -2 613 -3 722 -4 38 -5 221 6 604 7 755 8 463 -9 758 -10 260
10 1 713 2 589 3 631 4 658 -5 846 6 800 -7 50 -8 15 -9 142 -10 748
10 -1 308 2 46 3 651 4 388 -5 560 -6 707 -7 309 8 485 9 257 10 733
10 -1 626 -2 348 3 276 4 278 5 952 -6 500 7 620 -8 147 -9 360 10 675
10 1 265 -2 833 -3 526 -4 486 -5 963 6 952 -7 834 8 356 9 959 -10 855
10 1 688 -2 428 3 100 -4 108 -5 248 6 529 7 554 8 110 9 874 10 788
10 1 891 -2 938 -3 965 -4 514 -5 424 6 584 7 338 -8 906 -9 523 -10 191
10 -1 381 2 504 3 547 4 919 -5 998 -6 193 -7 893 -8 887 9 260 10 250
10 1 40 2 302 3 70 -4 394 -5 764 -6 9 -7 776 8 166 -9 59 -10 50
10 1 989 2 561 -3 502 4 394 5 582 -6 174 7 523 8 162 -9 714 -10 616
10 1 926 2 177 3 606 4 130 5 965 -6 524 7 446 8 332 9 131 10 549
10 1 30 2 222 -3 207 -4 596 -5 7 -6 792 -7 531 -8 229 9 361 10 629
10 -1 510 -2 200 3 202 4 641 5 971 6 193 7 553 -8 742 -9 33 -10 336
10 -1 700 -2 774 3 464 4 300 -5 551 6 643 -7 119 8 590 9 286 -10 525
10 -1 387 2 76 -3 792 4 713 5 937 -6 428 -7 484 -8 356 -9 170 -10 444
10 -1 205 -2 728 -3 818 4 400 -5 465 -6 912 7 583 8 482 -9 48 -10 70
10 -1 675 -2 622 -3 628 -4 537 5 965 6 700 7 510 8 409 -9 689 10 405
10 1 188 2 775 3 583 -4 647 -5 30 6 702 -7 969 8 551 -9 631 10 540
10 -1 362 2 865 -3 376 -4 376 -5 621 6 907 7 851 8 680 9 946 -10 53
10 -1 560 -2 706 -3 782 -4 615 -5 276 6 745 -7 137 -8 436 9 71 10 155
10 -1 870 2 305 3 613 4 602 5 656 -6 39 -7 722 -8 923 -9 231 10 170
10 1 894 -2 584 3 770 4 630 5 931 -6 283 7 407 8 495 -9 191 10 335
10 1 60 -2 84 3 249 -4 317 5 830 6 960 -7 737 -8 970 -9 446 10 267
10 1 347 -2 736 3 801 4 43 -5 145 6 77 -7 134 -8 732 -9 412 10 706
10 -1 479 -2 683 3 952 -4 665 5 481 -6 465 7 540 -8 502 9 692 -10 501
10 1 52 2 339 3 125 -4 67 5 730 -6 349 7 233 8 439 -9 852 10 194
10 1 132 -2 50 3 744 4 882 -5 148 6 992 -7 841 8 366 -9 802 10 501
10 -1 26 2 423 -3 580 -4 656 -5 48 -6 903 -7 462 -8 384 9 329 -10 70
10 1 87 -2 178 -3 759 4 331 5 305 6 518 -7 298 -8 9 9 209 -10 878
10 1 481 -2 80 -3 91 4 964 5 599 6 445 -7 755 8 231 9 314 -10 146
10 -1 98 -2 802 -3 246 -4 988 5 802 6 627 7 874 -8 612 -9 815 -10 622
10 -1 778 -2 743 -3 362 4 636 5 2 6 30 -7 114 -8 115 -9 74 -10 855
10 1 58 2 115 -3 320 -4 504 5 433 -6 15 7 428 8 136 9 542 10 795
10 1 795 2 448 -3 499 -4 403 -5 787 6 292 7 95 8 227 -9 541 -10 669
10 1 837 -2 238 3 109 -4 518 -5 942 6 30 7 525 8 479 -9 503 -10 414
10 1 291 2 9 3 675 4 629 -5 208 6 897 -7 795 8 900 9 821 -10 283
10 -1 87 2 871 3 396 4 781 -5 343 6 693 -7 172 8 979 9 410 10 509
10 -1 341 2 669 -3 304 4 630 5 594 -6 613 7 768 8 906 9 720 -10 440
10 -1 555 -2 718 3 314 4 330 -5 981 -6 942 7 981 -8 189 9 59 10 515
10 -1 839 2 275 3 762 4 487 -5 625 -6 675 -7 845 -8 36 9 548 -10 147
10 -1 681 2 778 3 626 4 719 -5 934 6 344 7 535 -8 608 -9 110 -10 185
10 -1 302 -2 305 -3 399 -4 26 -5 166 6 990 -7 58 -8 15 -9 342 10 383
10 -1 928 -2 134 3 442 4 969 5 575 -6 460 -7 989 -8 228 -9 657 -10 345
10 1 375 2 891 3 193 -4 434 -5 178 -6 810 -7 240 8 616 9 173 -10 465
10 -1 368 2 486 3 575 4 56 5 213 6 251 -7 785 8 991 -9 1000 10 751
10 -1 755 2 880 -3 264 4 545 -5 763 6 793 7 740 8 478 -9 183 10 277
10 1 55 -2 26 3 72 4 152 5 290 -6 963 -7 358 8 790 -9 517 10 894
10 1 492 2 522 3 212 4 319 5 158 6 420 7 520 8 311 9 560 -10 959
10 1 284 2 87 -3 290 4 107 5 105 6 77 7 56 -8 423 -9 380 -10 478
10 -1 26 2 633 -3 66 4 966 -5 714 6 621 7 1000 8 596 -9 892 10 547
10 -1 485 -2 324 -3 298 -4 237 -5 772 6 53 7 142 -8 192 -9 599 10 666
10 -1 803 2 212 -3 59 -4 349 5 863 6 356 -7 480 -8 973 9 510 -10 675
10 -1 983 -2 743 3 318 -4 486 -5 767 6 864 -7 157 8 362 9 619 -10 88
10 -1 248 -2 871 3 290 -4 699 5 273 6 530 7 891 -8 443 9 946 10 904
10 1 305 -2 992 -3 237 -4 435 5 239 -6 13 7 596 -8 424 9 36 10 33
10 -1 714 2 48 3 982 4 769 5 592 6 845 -7 191 -8 621 9 552 10 723
10 1 621 -2 905 -3 616 -4 663 5 573 -6 467 7 977 -8 195 9 178 10 535
10 1 536 2 424 -3 744 4 318 -5 486 6 27 7 307 8 242 9 267 10 752
10 -1 136 2 857 -3 719 4 569 -5 872 -6 544 7 472 -8 611 9 58 10 869
10 -1 156 2 981 3 850 4 2 -5 522 6 89 -7 698 8 840 -9 483 10 938
10 -1 7 2 738 3 17 -4 345 -5 595 -6 20 7 738 -8 523 -9 943 10 935
10 1 834 2 907 -3 776 4 959 -5 639 6 631 7 457 -8 364 -9 971 10 668
10 -1 94 2 706 3 368 4 792 5 518 6 606 -7 948 -8 545 -9 746 10 355
10 -1 796 -2 702 -3 442 4 348 5 534 6 766 7 199 -8 282 9 468 10 205
10 -1 837 -2 366 -3 503 -4 7 5 953 -6 925 7 248 8 323 9 596 -10 84
10 -1 661 -2 787 -3 57 4 847 -5 506 -6 504 7 546 8 812 9 536 10 780
10 1 778 2 425 3 277 4 250 5 861 -6 516 7 888 8 376 -9 715 -10 867
10 1 561 2 175 3 773 4 554 5 143 -6 466 -7 458 8 527 -9 603 10 933
10 1 521 -2 403 3 74 4 940 5 568 6 620 -7 369 -8 843 9 763 -10 406
10 1 838 2 320 -3 296 -4 173 5 200 6 632 -7 775 -8 185 9 870 -10 847
10 -1 808 -2 353 -3 16 -4 642 5 774 -6 23 7 693 8 285 -9 581 -10 883
10 -1 14 -2 401 3 123 4 572 5 232 -6 801 7 309 8 909 -9 407 -10 340
10 -1 263 -2 889 3 76 -4 796 5 423 -6 647 7 559 -8 120 9 649 10 238
10 1 297 2 71 3 112 4 137 -5 557 6 169 7 377 8 96 -9 818 -10 293
10 -1 848 2 602 3 959 4 316 -5 409 -6 368 7 386 8 858 9 171 -10 920
10 -1 891 2 757 -3 291 -4 128 -5 821 6 960 7 283 8 220 9 743 -10 249
10 1 549 2 116 -3 81 4 23 5 462 -6 211 7 388 8 75 9 300 10 923
10 1 273 2 880 3 830 -4 416 5 626 -6 80 -7 854 -8 648 9 155 10 128
10 1 213 -2 142 -3 505 4 563 -5 474 -6 114 7 732 -8 105 9 246 -10 815
10 -1 227 -2 726 -3 825 4 903 5 832 -6 242 -7 343 -8 607 9 953 -10 996
10 -1 576 2 302 -3 784 4 477 -5 847 -6 88 7 860 8 921 -9 318 10 85
10 -1 181 -2 420 -3 414 -4 719 5 399 -6 828 7 961 8 377 -9 869 -10 575
10 1 648 -2 144 3 449 4 142 5 954 6 618 7 691 -8 696 -9 847 -10 499
10 1 306 -2 974 -3 191 -4 186 5 532 -6 21 7 95 8 219 -9 326 10 312
10 1 203 2 550 -3 137 -4 618 5 886 6 994 -7 323 -8 54 -9 148 -10 846
10 -1 334 2 705 -3 795 4 184 -5 969 6 976 7 380 -8 733 9 713 -10 708
10 1 548 -2 193 3 486 -4 96 -5 600 -6 407 -7 75 8 42 -9 209 -10 73
10 -1 621 2 615 -3 285 4 611 5 171 6 488 7 164 8 48 -9 280 -10 638
10 1 698 2 917 -3 122 -4 122 -5 139 6 671 7 971 8 740 -9 161 10 166
10 1 564 -2 598 -3 612 -4 257 5 735 -6 181 7 200 8 673 -9 564 -10 341
10 1 522 2 330 3 719 -4 65 -5 6 -6 380 -7 137 -8 235 -9 875 -10 926
10 -1 957 -2 728 3 327 -4 770 5 568 6 85 -7 501 8 582 9 883 10 831
10 1 826 2 910 -3 357 4 317 -5 579 6 937 -7 149 8 461 9 853 -10 567
10 1 983 2 865 3 390 4 258 -5 554 6 179 -7 859 -8 215 -9 973 -10 945
10 -1 701 -2 206 -3 723 -4 415 5 89 -6 627 7 994 8 391 -9 818 10 24
10 1 32 -2 717 -3 962 -4 502 -5 849 6 702 -7 811 -8 913 9 819 -10 276
10 1 831 -2 764 -3 389 -4 765 -5 200 6 476 7 363 8 338 -9 174 10 546
10 1 804 2 10 -3 264 -4 646 -5 855 6 635 -7 493 8 757 -9 378 10 100
10 1 884 2 326 -3 15 4 937 5 794 6 235 -7 400 -8 929 -9 712 -10 459
10 1 59 2 581 -3 742 4 248 -5 374 6 165 -7 146 -8 54 -9 5 -10 405
10 -1 454 -2 313 3 616 4 365 5 475 6 189 7 943 -8 112 9 296 -10 46
10 1 667 -2 816 3 268 -4 176 5 393 6 958 -7 475 8 266 9 472 -10 222
10 -1 189 2 787 -3 960 -4 635 5 206 6 219 -7 638 8 604 9 417 -10 393
10 1 717 -2 348 3 273 4 550 -5 984 -6 91 7 286 -8 212 -9 922 -10 779
10 1 325 2 413 -3 26 -4 225 -5 706 -6 333 -7 884 -8 646 9 885 10 289
10 -1 856 -2 39 3 75 4 588 5 766 -6 142 -7 845 8 344 -9 215 -10 971
10 -1 417 2 76 3 941 -4 194 5 314 6 71 -7 424 -8 306 9 934 10 449
10 -1 29 -2 510 -3 485 -4 131 -5 127 -6 276 7 868 8 220 -9 893 -10 752
10 -1 690 -2 396 -3 329 4 918 5 640 6 147 7 290 8 206 9 912 -10 164
10 -1 49 -2 289 -3 603 4 601 -5 337 6 118 7 118 8 724 9 485 10 114
10 -1 574 -2 990 -3 75 4 299 -5 19 -6 159 7 133 8 340 9 833 -10 667
10 -1 7 2 495 -3 582 -4 244 5 561 -6 37 -7 81 8 572 9 674 10 973
10 1 601 2 60 3 14 -4 195 -5 351 6 59 -7 488 8 255 -9 196 -10 502
10 -1 995 -2 827 -3 692 -4 126 5 808 -6 379 7 38 8 952 -9 387 -10 729
10 1 471 -2 190 -3 570 4 111 5 834 6 620 7 90 8 524 -9 433 10 635
10 1 597 -2 332 -3 561 4 305 5 727 -6 188 -7 8 8 270 -9 781 -10 481
10 -1 44 2 447 -3 459 -4 591 5 719 -6 209 7 248 8 272 -9 785 10 735
10 -1 938 2 409 3 393 -4 826 -5 923 6 230 -7 211 8 805 9 50 -10 440
10 -1 493 -2 720 -3 798 -4 186 5 91 6 938 -7 607 -8 310 -9 122 -10 528
10 1 124 -2 41 3 987 4 557 -5 962 6 265 7 793 -8 647 -9 381 10 962
10 1 112 2 100 3 218 4 60 -5 902 6 646 -7 639 -8 569 -9 963 10 591
10 1 716 -2 731 3 346 4 70 5 568 -6 274 -7 488 -8 547 -9 595 -10 220
10 -1 493 2 869 -3 785 -4 157 5 527 6 370 -7 741 8 792 9 261 10 857
10 -1 870 2 4 3 558 4 992 5 562 -6 818 -7 688 8 680 -9 448 10 236
10 -1 371 -2 30 3 666 4 44 5 293 -6 684 7 974 -8 101 -9 599 -10 28
10 1 803 2 455 -3 462 -4 751 -5 252 6 570 -7 283 8 372 -9 394 10 953
10 1 433 2 260 3 319 -4 657 -5 181 -6 846 -7 197 8 613 -9 264 -10 436
10 1 234 -2 52 3 828 4 418 -5 413 6 65 7 467 -8 49 9 191 10 613
10 -1 110 -2 16 3 117 4 964 -5 174 6 103 -7 428 8 40 -9 750 -10 90
10 -1 692 -2 560 -3 278 4 603 -5 588 6 319 -7 578 -8 220 9 498 -10 947
10 -1 19 2 381 -3 520 -4 214 -5 625 -6 253 -7 363 -8 334 9 998 -10 731
10 1 31 2 817 -3 622 -4 5 5 85 6 869 7 84 -8 400 9 350 10 583
10 -1 910 2 200 -3 431 4 223 5 644 6 44 -7 221 -8 696 9 355 -10 732
10 1 108 -2 645 3 975 4 983 5 403 6 353 7 763 8 624 9 257 -10 226
10 -1 399 2 393 -3 443 4 499 -5 230 -6 138 -7 680 8 238 9 927 10 483
10 -1 355 2 234 -3 179 4 656 5 682 -6 532 7 404 8 168 -9 477 -10 246
10 1 119 2 36 3 425 4 694 5 778 -6 840 -7 825 8 813 9 534 -10 378
10 -1 877 2 663 3 913 -4 209 5 410 6 467 7 356 8 26 9 80 -10 848
10 1 287 2 765 3 938 4 421 5 757 6 133 7 944 -8 99 -9 335 -10 764
10 -1 87 2 828 3 267 4 999 5 67 6 307 7 912 8 664 -9 351 -10 442
10 -1 588 -2 589 3 511 4 478 5 940 6 614 7 287 -8 948 -9 719 10 76
10 1 203 2 967 3 305 -4 293 -5 877 6 193 -7 905 8 619 -9 937 10 790
10 -1 623 2 78 -3 642 -4 390 5 473 -6 705 -7 459 8 354 -9 989 -10 345
10 1 488 2 748 -3 330 -4 52 5 412 -6 795 7 234 -8 610 9 448 -10 501
10 1 292 -2 315 -3 816 4 474 5 887 -6 139 -7 171 -8 554 9 217 -10 805
10 1 226 2 327 3 696 4 434 5 585 -6 411 7 652 -8 987 -9 267 -10 16
10 1 33 2 736 -3 905 -4 457 -5 1 6 25 7 666 -8 584 -9 660 -10 705
10 1 406 2 452 -3 577 4 743 -5 676 6 371 -7 827 -8 147 9 53 10 254
10 -1 346 2 820 3 7 -4 747 -5 654 6 551 7 871 -8 955 9 108 -10 344
10 -1 127 -2 116 -3 851 4 868 -5 732 -6 178 7 332 -8 732 9 301 -10 282
10 1 602 2 650 3 303 -4 356 -5 99 -6 54 -7 155 8 332 9 640 10 641
10 1 722 -2 979 3 755 4 126 5 891 -6 988 -7 745 8 227 -9 782 10 780
10 -1 424 -2 902 -3 240 4 708 5 194 -6 952 -7 309 -8 973 9 658 10 874
10 1 538 2 659 -3 626 4 85 -5 955 -6 168 -7 372 -8 825 9 715 10 533
10 -1 786 -2 548 -3 428 4 934 5 199 6 447 7 404 8 984 -9 864 -10 982
10 1 642 -2 916 3 184 4 749 5 768 -6 620 -7 299 8 780 9 762 10 818
10 -1 97 2 642 -3 528 4 613 -5 804 -6 587 -7 646 -8 363 9 614 -10 986
10 1 838 -2 790 3 864 -4 943 5 14 6 189 -7 756 8 690 9 355 -10 34
10 1 439 2 376 3 581 4 919 5 819 6 119 -7 226 -8 364 -9 685 -10 362
10 1 779 -2 873 3 323 4 397 -5 412 -6 660 7 869 8 484 9 721 -10 787
10 -1 658 2 285 3 517 -4 811 5 122 6 380 -7 133 -8 602 9 813 -10 344
10 -1 280 2 945 3 913 -4 549 5 35 -6 142 -7 233 8 511 -9 590 10 448
10 1 793 2 888 -3 555 -4 143 5 173 6 189 -7 110 -8 760 -9 399 -10 794
10 1 381 2 738 -3 314 -4 737 5 948 6 775 -7 97 -8 546 9 958 -10 854
10 -1 99 -2 253 3 756 4 226 -5 618 -6 633 7 736 -8 404 -9 308 -10 947
10 -1 820 -2 843 3 606 -4 472 5 301 6 983 -7 795 8 978 9 366 10 712
10 -1 113 2 493 3 282 -4 954 -5 611 -6 827 -7 43 8 400 9 144 10 762
10 1 449 -2 586 -3 579 4 939 -5 53 6 852 -7 416 -8 240 9 715 -10 128
10 1 552 -2 141 -3 70 -4 912 -5 841 6 1 -7 506 8 655 -9 47 10 216
10 1 611 -2 575 -3 146 4 229 5 837 6 321 7 322 8 506 9 547 -10 18
10 -1 690 -2 595 -3 948 4 762 5 47 -6 937 7 532 8 145 -9 848 -10 733
10 1 5 2 158 -3 874 -4 831 -5 143 6 297 7 751 -8 607 -9 203 10 367
10 -1 500 2 195 3 158 -4 980 5 793 -6 221 -7 250 8 248 9 906 -10 14
10 1 267 2 237 -3 911 4 619 -5 56 6 671 -7 647 -8 172 9 769 10 550
10 1 784 -2 848 -3 585 -4 458 -5 134 -6 18 -7 212 8 336 -9 264 10 997
10 -1 120 2 418 -3 507 4 370 5 494 -6 220 -7 917 8 72 -9 658 -10 439
10 1 645 -2 545 -3 320 -4 932 -5 470 -6 23 7 4 8 149 9 980 10 230
10 1 354 -2 697 -3 135 4 216 -5 438 -6 37 7 651 -8 165 9 23 10 807
10 -1 883 -2 406 -3 3 -4 402 -5 220 -6 880 -7 902 8 442 -9 291 10 69
10 1 221 -2 644 -3 800 4 108 -5 902 -6 137 7 394 -8 985 -9 972 10 786
10 -1 817 -2 320 3 840 -4 766 5 772 6 187 -7 332 -8 307 9 781 10 964
10 -1 172 -2 236 3 300 -4 243 5 907 6 691 7 422 -8 11 9 958 10 844
10 -1 851 2 800 -3 10 4 365 5 941 6 19 7 412 8 620 -9 883 10 479
10 1 881 -2 890 3 381 -4 565 5 70 -6 189 -7 933 -8 44 9 596 -10 877
10 -1 560 2 295 3 378 4 956 -5 649 -6 170 -7 574 -8 28 -9 255 -10 855
10 -1 573 2 154 3 562 4 861 5 136 6 522 -7 989 -8 818 9 135 10 302
10 1 558 -2 186 -3 849 -4 494 -5 116 6 997 7 30 -8 881 -9 730 -10 672
10 -1 549 2 232 3 844 -4 25 5 195 6 677 7 407 -8 113 9 604 -10 583
10 1 35 -2 810 3 726 4 14 5 243 -6 651 7 337 8 763 -9 1000 -10 685
10 -1 519 -2 927 -3 46 4 679 -5 307 6 557 7 956 -8 683 9 797 -10 561
10 -1 951 -2 709 3 651 4 361 -5 616 -6 930 7 510 8 638 9 13 -10 769
10 1 152 -2 214 -3 288 -4 471 -5 366 -6 872 7 622 8 799 -9 511 -10 712
10 -1 933 2 667 -3 237 -4 462 5 349 -6 877 -7 853 8 974 -9 121 10 443
10 1 921 -2 673 -3 100 -4 73 -5 800 6 506 7 524 8 323 -9 199 10 43
10 1 4 -2 855 3 136 -4 636 5 24 6 660 -7 126 8 541 9 127 -10 243
10 -1 363 2 877 3 648 -4 787 -5 84 6 431 7 157 -8 690 9 943 10 142
10 -1 903 2 417 -3 71 4 443 -5 749 -6 138 -7 658 8 451 -9 87 -10 878
10 -1 220 -2 858 3 21 -4 414 5 563 6 873 7 600 -8 240 -9 860 10 714
10 -1 248 2 191 -3 611 4 722 -5 281 -6 832 7 22 8 126 -9 293 -10 570
10 -1 46 -2 718 -3 897 -4 245 5 571 6 921 -7 452 -8 518 9 770 -10 116
10 -1 170 -2 726 3 132 -4 572 -5 308 6 948 -7 2 8 547 -9 464 10 690
10 1 168 -2 363 3 944 4 930 5 457 6 630 -7 68 8 101 -9 15 10 662
10 -1 27 2 403 3 379 -4 544 5 625 6 954 7 239 8 968 -9 293 10 147
10 1 961 -2 755 -3 693 4 493 5 94 -6 901 7 180 8 468 -9 335 -10 43
10 1 532 2 319 -3 353 -4 401 5 659 6 101 7 827 8 326 -9 861 -10 793
10 1 384 2 801 -3 647 4 316 5 543 6 426 -7 587 -8 782 9 314 -10 147
10 1 28 -2 362 3 375 4 836 -5 197 6 61 -7 117 8 889 9 483 10 225
10 -1 153 2 194 3 188 -4 200 5 222 6 105 7 751 8 964 -9 760 -10 860
10 1 772 -2 38 -3 807 -4 444 -5 138 6 34 7 323 -8 154 -9 484 10 48
10 1 856 -2 948 3 571 -4 275 5 250 6 828 7 149 8 742 -9 68 10 576
10 1 674 2 856 3 793 4 808 5 501 -6 804 -7 258 -8 932 -9 799 -10 863
10 -1 908 -2 226 -3 27 -4 318 5 520 6 529 7 876 8 373 9 447 10 30
10 1 554 -2 876 3 116 4 126 -5 190 6 780 -7 988 8 303 -9 580 -10 774
10 1 800 -2 965 -3 619 4 374 5 289 -6 98 -7 400 -8 898 9 915 -10 491
10 1 211 -2 920 3 584 4 714 5 241 6 344 -7 720 -8 297 9 172 -10 733
10 1 366 -2 952 3 729 4 47 5 876 -6 560 -7 524 8 428 -9 506 -10 651
10 -1 796 2 83 -3 47 4 821 -5 292 -6 179 -7 247 8 512 9 280 10 833
10 -1 229 -2 395 3 226 4 292 5 239 -6 392 -7 724 -8 733 9 919 -10 333
10 -1 161 2 631 -3 140 4 107 5 899 6 845 -7 589 -8 830 -9 384 10 992
10 -1 531 -2 258 -3 337 -4 560 5 315 -6 201 -7 940 -8 678 -9 347 10 865
10 1 157 2 305 3 976 -4 831 5 305 -6 90 -7 526 -8 307 9 758 10 880
10 1 537 -2 870 3 439 4 425 -5 139 -6 132 7 777 -8 340 9 418 -10 242
10 -1 756 -2 126 -3 207 4 866 -5 459 6 261 7 785 -8 563 9 697 -10 270
10 -1 964 2 885 -3 781 4 775 5 753 6 679 7 566 -8 697 9 368 10 161
10 1 682 -2 980 -3 264 4 264 5 263 6 10 7 368 8 722 -9 687 -10 207
10 1 913 -2 88 -3 434 4 595 5 848 6 129 -7 424 8 994 9 944 10 45
10 -1 819 2 282 3 205 4 715 -5 719 6 245 7 284 8 761 9 214 10 719
10 1 326 2 978 -3 940 4 709 -5 45 -6 606 -7 828 8 816 -9 659 10 771
10 -1 111 2 378 -3 485 4 921 5 475 -6 597 7 235 8 679 -9 983 10 855
10 -1 476 -2 533 -3 624 4 232 5 474 6 578 -7 276 -8 805 9 538 10 129
10 1 355 2 416 -3 817 4 121 -5 693 -6 557 7 597 -8 83 9 937 -10 398
10 -1 210 2 390 -3 248 -4 230 5 985 -6 90 7 95 8 306 -9 905 -10 511
10 -1 890 -2 817 -3 959 4 913 5 878 6 752 -7 703 -8 321 9 842 10 865
10 -1 904 -2 836 -3 869 4 694 -5 379 -6 636 -7 128 8 795 9 250 -10 51
10 -1 423 -2 627 -3 504 -4 993 -5 347 6 747 -7 14 -8 407 -9 667 10 63
10 1 761 -2 754 3 86 -4 331 -5 49 6 834 -7 262 8 384 -9 295 -10 876
10 1 676 -2 422 3 471 -4 527 5 923 -6 735 -7 484 -8 854 -9 139 10 344
10 1 524 -2 981 3 477 4 605 -5 878 -6 320 7 757 8 470 9 663 10 826
10 -1 753 -2 178 -3 989 -4 687 -5 465 -6 258 -7 910 -8 418 9 85 10 890
10 -1 259 -2 304 -3 604 -4 677 5 440 6 984 -7 1000 -8 991 -9 181 -10 291
10 -1 767 2 759 -3 680 -4 942 -5 807 -6 967 7 118 8 468 9 746 10 333
10 1 676 2 968 3 920 -4 51 -5 833 -6 693 -7 815 -8 295 -9 161 10 911
10 -1 327 2 873 3 323 -4 664 -5 979 -6 189 -7 195 -8 929 9 737 10 908
10 1 829 -2 653 3 948 -4 455 -5 696 -6 597 7 802 -8 644 -9 944 10 116
10 1 403 -2 857 3 452 4 407 -5 55 6 203 -7 351 8 479 9 155 10 573
10 1 165 -2 737 3 541 4 343 5 434 6 442 7 226 -8 332 9 212 -10 578
10 -1 101 2 702 -3 266 -4 609 -5 126 -6 684 7 754 -8 927 9 667 -10 271
10 -1 858 2 695 -3 751 4 517 -5 736 6 238 -7 486 -8 876 -9 547 -10 537
10 1 258 2 852 -3 355 4 186 -5 869 -6 634 7 163 8 484 9 106 -10 648
10 1 896 -2 978 3 731 -4 104 -5 151 -6 714 7 807 8 817 -9 860 10 166
10 -1 667 -2 309 3 746 4 660 5 214 -6 410 7 544 8 307 -9 45 -10 915
10 1 680 2 237 -3 286 4 124 5 168 -6 940 -7 773 -8 751 9 340 10 724
10 -1 726 -2 246 3 654 4 412 -5 470 -6 52 7 816 -8 1 9 876 -10 43
10 1 407 2 881 3 421 -4 896 5 954 6 575 7 690 8 836 -9 484 -10 622
10 1 987 2 892 3 624 -4 310 -5 663 -6 959 -7 296 8 270 -9 946 10 613
10 1 983 -2 42 3 411 -4 296 5 913 -6 637 -7 265 -8 746 9 586 10 551
10 1 546 2 279 3 259 -4 735 -5 539 -6 275 -7 5 -8 103 9 682 -10 377
10 -1 587 -2 380 -3 483 -4 940 -5 508 6 424 7 278 -8 475 9 782 -10 720
10 -1 93 -2 776 -3 230 4 86 -5 797 -6 760 7 32 -8 499 9 403 10 779
10 -1 548 -2 760 -3 175 4 929 -5 739 -6 822 -7 354 8 63 -9 543 -10 105
10 1 239 2 694 -3 511 -4 140 5 709 -6 600 7 532 -8 639 -9 683 10 991
10 1 572 -2 451 3 977 4 76 5 416 6 517 -7 715 8 597 9 171 -10 126
10 -1 510 2 287 -3 502 4 236 5 799 -6 931 7 607 -8 712 9 836 10 199
10 1 914 2 172 3 422 -4 624 -5 277 6 834 -7 998 8 495 9 265 10 788
10 1 963 2 133 -3 521 -4 33 5 825 -6 886 7 367 -8 962 9 706 -10 242
10 1 366 -2 778 3 268 -4 211 5 945 6 670 7 569 8 375 -9 630 10 936
10 -1 868 2 184 -3 840 4 557 -5 745 -6 946 7 163 -8 576 -9 838 -10 24
10 1 944 2 432 -3 476 4 189 5 47 -6 608 -7 940 -8 326 -9 910 -10 176
10 -1 418 2 810 -3 488 4 989 -5 182 6 610 -7 992 8 493 9 307 10 777
10 1 718 -2 427 -3 926 4 262 5 732 -6 840 7 440 -8 292 9 425 10 221
10 1 835 -2 700 -3 766 4 973 5 817 6 830 7 652 8 237 9 917 -10 142
10 1 533 -2 655 -3 778 -4 667 5 365 -6 718 -7 869 8 245 -9 331 -10 115
10 -1 57 -2 548 -3 824 4 461 -5 667 6 309 7 732 8 398 9 789 10 57
10 -1 226 -2 871 -3 596 4 802 5 219 -6 302 -7 352 8 467 -9 672 -10 929
10 1 115 -2 684 -3 525 4 299 5 885 6 195 -7 968 8 865 9 566 -10 909
10 1 72 -2 212 3 329 4 227 5 893 -6 829 7 901 8 968 -9 652 10 612
10 -1 415 2 424 -3 81 4 137 5 763 6 441 -7 278 8 588 -9 786 10 182
10 -1 96 -2 56 -3 306 4 169 5 868 -6 418 7 792 8 545 9 684 -10 861
10 1 459 -2 566 3 294 4 92 -5 610 6 633 7 298 -8 485 9 242 10 634
10 -1 780 -2 928 3 528 -4 187 -5 161 6 694 7 930 8 365 9 352 -10 335
10 -1 944 2 670 3 883 -4 560 -5 371 6 843 7 589 -8 525 9 800 -10 99
10 -1 879 2 906 -3 742 -4 746 -5 935 6 470 7 266 -8 236 -9 509 -10 585
10 -1 489 -2 521 3 351 -4 269 -5 291 -6 635 7 454 8 414 -9 110 10 18
10 -1 824 2 698 3 665 -4 558 5 799 -6 629 -7 250 8 775 9 65 -10 575
10 -1 773 2 427 3 773 4 307 5 441 -6 526 7 468 -8 444 9 215 10 456
10 1 736 2 442 3 80 -4 420 5 810 -6 157 -7 67 8 92 -9 850 10 411
10 1 829 -2 19 3 797 -4 916 5 359 6 387 7 609 -8 337 -9 693 10 865
10 1 763 2 104 -3 187 -4 465 5 211 6 377 -7 712 -8 164 9 451 -10 10
10 1 839 -2 118 3 63 -4 834 5 586 6 470 -7 871 -8 688 9 631 -10 407
10 1 133 2 81 -3 57 4 907 -5 607 6 397 7 899 8 827 9 530 -10 445
10 -1 875 2 443 -3 723 4 316 -5 850 6 632 -7 856 8 143 -9 550 10 874
10 1 214 2 704 -3 645 4 56 5 221 6 402 7 975 -8 778 9 977 10 419
10 -1 28 -2 70 3 616 4 220 -5 262 6 4 7 579 -8 872 -9 776 -10 329
10 -1 856 2 783 -3 741 4 532 -5 170 -6 175 -7 403 8 584 9 460 -10 423
10 -1 457 2 605 -3 850 -4 17 5 586 -6 291 -7 16 8 702 9 275 -10 507
10 -1 361 2 912 -3 79 4 105 5 94 6 784 -7 125 8 622 9 443 -10 823
10 -1 243 -2 519 -3 891 4 230 5 63 6 516 7 337 8 825 -9 515 -10 210
10 -1 869 -2 793 3 15 4 531 -5 957 -6 488 7 118 -8 421 9 341 -10 471
10 1 223 2 160 3 99 4 377 5 509 -6 586 7 172 8 926 -9 112 10 65
10 -1 477 2 658 3 606 4 887 -5 835 6 178 7 580 8 710 -9 398 -10 361
10 1 928 2 254 -3 652 -4 672 5 538 -6 614 -7 914 8 632 9 896 -10 894
10 1 45 -2 189 -3 872 -4 900 -5 689 -6 190 7 390 8 612 9 123 -10 5
10 1 725 -2 513 -3 269 -4 376 -5 363 6 456 -7 999 8 449 -9 128 10 428
10 -1 282 -2 643 3 171 4 217 -5 39 -6 578 -7 128 8 816 -9 879 -10 540
10 -1 209 2 704 3 117 -4 758 5 707 -6 408 -7 423 8 834 -9 149 10 516
10 -1 918 -2 166 3 803 4 544 -5 396 6 759 7 589 -8 1000 9 848 -10 298
10 -1 440 2 545 -3 290 -4 958 -5 451 6 572 7 660 8 978 9 191 10 341
10 -1 514 -2 66 3 175 4 883 -5 421 6 140 -7 648 -8 702 9 96 -10 464
10 1 333 2 565 3 475 4 199 5 937 -6 378 7 923 -8 692 -9 300 -10 693
10 1 713 -2 575 -3 98 4 633 -5 118 6 907 -7 2 8 555 9 69 -10 68
10 -1 345 2 61 -3 745 -4 54 -5 696 -6 563 7 976 -8 298 -9 973 -10 771
10 1 632 -2 947 3 51 -4 393 -5 815 6 445 -7 421 -8 609 9 83 -10 988
10 -1 344 2 653 3 342 -4 336 5 231 -6 532 7 52 8 269 9 264 -10 811
10 1 125 2 326 3 723 4 873 -5 929 6 455 7 814 8 307 9 831 -10 426
10 1 536 -2 467 -3 469 4 617 5 737 -6 833 -7 897 8 269 -9 660 -10 43
10 1 111 2 102 -3 291 -4 812 5 344 6 335 7 87 8 35 9 771 -10 950
10 1 816 -2 691 -3 807 -4 708 -5 472 -6 616 7 602 8 253 9 380 -10 4
10 1 289 -2 593 -3 8 4 145 5 316 -6 374 7 307 8 422 -9 916 -10 317
10 -1 178 -2 285 -3 52 4 240 5 223 6 658 7 211 -8 478 -9 674 10 32
10 -1 931 -2 579 -3 168 4 161 5 742 6 642 -7 94 8 512 9 265 -10 58
10 1 696 2 843 3 325 -4 256 5 696 -6 146 7 551 -8 784 -9 687 10 534
10 -1 241 -2 168 3 862 -4 538 -5 207 6 680 7 657 8 397 -9 538 -10 199
10 -1 50 2 117 3 858 -4 178 5 48 6 63 7 856 8 858 -9 497 -10 829
10 1 69 2 116 -3 658 -4 182 -5 611 -6 188 -7 163 8 808 9 958 10 909
10 1 574 2 548 3 106 4 419 5 334 -6 583 7 368 -8 958 9 861 10 25
10 -1 94 -2 73 -3 556 -4 214 -5 18 -6 64 -7 611 -8 612 9 407 -10 500
10 1 721 2 894 -3 926 4 194 -5 470 6 373 -7 835 8 296 -9 989 10 314
10 1 581 2 406 -3 592 -4 496 5 445 6 783 7 796 8 944 9 107 10 672
10 -1 869 2 24 -3 19 4 758 5 787 -6 879 7 947 -8 725 -9 634 10 879
10 -1 762 2 118 -3 875 4 755 5 487 6 185 7 540 8 192 9 729 10 84
10 -1 186 2 698 -3 641 4 4 5 577 -6 944 -7 362 -8 43 -9 266 10 945
10 1 98 -2 766 3 296 -4 334 -5 869 -6 336 7 68 -8 208 9 660 10 839
10 1 938 -2 245 3 656 -4 454 5 861 -6 111 7 189 -8 407 -9 505 -10 418
10 -1 570 -2 384 -3 71 -4 752 5 848 6 47 -7 28 8 634 9 933 10 735
10 -1 455 -2 212 -3 408 4 830 -5 284 6 20 -7 651 8 279 9 836 10 995
10 -1 186 -2 789 -3 480 -4 249 -5 839 6 646 7 315 -8 694 9 571 -10 72
10 1 339 -2 737 -3 618 4 690 5 699 6 20 7 195 -8 567 -9 207 -10 895
10 -1 191 2 863 3 174 4 421 5 406 -6 295 -7 470 -8 675 -9 71 10 20
10 1 650 2 258 3 444 4 596 -5 427 -6 260 -7 760 8 462 9 365 10 105
10 1 302 -2 362 -3 819 4 420 5 695 6 582 7 209 -8 468 9 903 10 158
10 1 667 -2 150 -3 411 -4 13 5 4 -6 747 7 213 -8 348 -9 684 -10 877
10 -1 823 2 339 -3 672 4 503 5 941 -6 185 -7 658 8 565 -9 69 10 817
10 1 603 2 313 -3 705 4 314 -5 42 6 231 -7 762 8 47 -9 202 10 534
10 1 668 2 23 -3 649 -4 961 5 437 6 167 7 177 -8 709 -9 283 10 632
10 -1 909 -2 602 3 826 -4 966 5 686 6 845 7 985 -8 30 9 695 -10 233
10 -1 985 2 828 3 233 4 829 -5 999 6 496 7 693 -8 871 -9 505 -10 746
10 1 221 2 930 -3 768 4 876 5 288 -6 376 -7 606 8 470 -9 246 -10 812
10 1 106 -2 475 -3 484 4 495 -5 680 -6 445 -7 461 8 636 9 936 10 398
10 -1 695 -2 199 -3 738 4 866 -5 159 -6 819 7 552 -8 151 9 911 -10 377
10 -1 367 -2 386 -3 81 4 900 5 454 6 910 7 45 8 200 9 951 10 120
10 1 967 -2 517 3 429 -4 321 5 155 -6 985 -7 775 -8 267 -9 894 -10 366
10 1 724 2 148 3 649 4 672 -5 340 6 995 -7 248 8 603 -9 149 10 704
10 1 992 -2 862 -3 145 -4 514 -5 729 -6 796 7 756 8 624 9 42 10 793
10 -1 640 2 388 -3 449 -4 864 -5 470 -6 31 7 369 -8 310 -9 360 10 223
10 -1 778 2 422 3 581 -4 164 -5 628 6 333 -7 22 8 679 9 547 -10 893
10 -1 668 2 953 -3 730 -4 827 -5 880 -6 695 -7 751 8 710 -9 918 10 820
10 1 887 -2 51 -3 797 -4 209 -5 188 6 495 7 670 -8 207 9 636 -10 727
10 1 540 2 850 3 725 4 610 -5 513 6 22 -7 940 -8 551 -9 652 10 303
10 -1 646 2 263 -3 125 4 22 5 76 6 1 -7 155 -8 546 9 800 -10 32
10 -1 387 -2 467 3 110 -4 503 5 841 6 723 7 913 8 325 -9 97 10 948
10 -1 472 2 12 3 313 4 876 5 389 6 858 7 39 8 497 9 481 -10 130
10 1 482 2 455 -3 2 4 863 -5 192 -6 707 -7 293 -8 622 9 252 10 821
10 1 743 -2 202 3 564 4 682 5 20 -6 303 -7 372 8 44 -9 100 -10 832
10 1 872 2 589 -3 546 -4 926 -5 162 6 652 7 24 8 818 9 340 -10 9
10 -1 381 -2 685 -3 499 4 274 -5 167 -6 571 -7 631 8 139 9 515 10 570
10 -1 379 2 599 -3 228 -4 499 5 203 6 234 -7 966 -8 981 -9 373 10 753
10 -1 932 2 518 -3 889 4 932 -5 651 6 47 -7 607 8 882 -9 607 10 717
10 -1 93 2 43 -3 317 4 506 5 463 -6 807 -7 421 -8 910 9 899 10 621
10 -1 692 -2 911 -3 697 4 285 -5 501 6 40 -7 551 -8 76 9 955 -10 117
10 -1 79 2 623 3 996 4 506 -5 860 6 213 -7 959 8 171 -9 840 10 660
10 1 545 -2 650 -3 131 -4 797 5 955 6 783 7 192 -8 538 -9 189 -10 367
10 -1 205 2 639 -3 708 4 54 -5 263 6 817 -7 320 -8 710 9 482 -10 693
10 -1 907 -2 314 -3 488 4 456 5 729 6 39 -7 877 -8 278 -9 774 -10 83
10 -1 670 -2 268 3 611 -4 426 5 625 6 716 7 612 -8 78 -9 33 -10 403
10 1 534 2 301 -3 206 -4 680 -5 400 6 810 -7 555 8 972 -9 803 -10 917
10 1 139 2 846 -3 587 -4 381 5 477 -6 673 7 467 -8 995 9 310 -10 339
10 -1 931 2 247 -3 790 4 993 -5 622 6 370 7 919 8 611 -9 264 -10 496
10 1 655 -2 928 3 282 4 304 5 79 6 637 7 312 8 210 -9 663 -10 850
10 1 172 -2 827 -3 832 4 767 5 868 -6 516 7 183 8 668 9 276 -10 196
10 1 467 2 396 3 354 -4 374 -5 622 -6 815 7 148 8 268 9 214 10 143
10 1 751 -2 979 3 712 4 654 -5 698 -6 28 -7 243 -8 79 9 138 -10 529
10 -1 764 2 510 -3 691 4 617 -5 899 -6 204 -7 509 8 928 9 943 -10 314
10 -1 286 2 22 3 423 4 901 -5 573 -6 5 7 92 8 846 9 313 -10 356
10 1 225 2 173 3 604 4 744 -5 750 -6 168 7 279 -8 133 -9 340 -10 585
10 -1 876 2 645 -3 427 -4 892 -5 94 -6 515 7 588 8 400 -9 286 -10 421
10 -1 278 2 410 -3 49 -4 737 5 917 6 513 -7 460 8 3 9 23 -10 816
10 1 283 -2 438 3 834 4 601 5 451 -6 383 7 57 8 505 -9 12 10 78
10 -1 395 -2 954 3 950 4 884 5 566 -6 132 -7 972 -8 333 9 848 10 504
10 -1 569 2 965 -3 570 -4 252 -5 64 6 762 7 204 8 714 -9 346 -10 988
10 -1 119 -2 157 3 454 4 621 5 217 -6 918 -7 352 8 996 -9 803 -10 421
10 -1 416 -2 978 3 944 -4 652 -5 970 -6 938 -7 431 -8 597 9 799 -10 82
10 1 959 -2 139 -3 82 -4 604 5 220 6 424 7 861 -8 973 9 520 -10 785
10 1 827 -2 295 -3 912 4 617 5 251 6 602 -7 18 -8 780 -9 666 -10 159
10 1 229 2 227 3 872 -4 331 5 58 6 916 7 203 8 205 9 579 10 265
10 1 187 2 90 -3 696 -4 257 5 123 6 556 7 609 8 979 -9 764 10 628
10 -1 852 2 329 3 119 4 31 -5 45 6 120 -7 820 8 920 9 376 -10 780
10 -1 716 2 431 -3 660 -4 281 -5 241 6 987 -7 36 8 931 -9 901 10 83
10 -1 899 -2 306 -3 913 4 478 5 806 -6 346 7 276 -8 363 -9 74 -10 139
10 1 280 2 961 3 24 4 530 5 993 6 796 -7 6 -8 312 -9 763 10 796
10 -1 295 2 261 3 75 -4 492 -5 635 -6 634 -7 55 -8 265 -9 488 -10 76
10 -1 994 -2 587 -3 237 4 379 -5 462 6 206 -7 228 8 547 -9 401 -10 77
10 1 793 2 822 3 418 -4 288 5 617 -6 242 7 964 -8 753 9 42 10 650
10 -1 627 -2 484 -3 656 4 93 5 475 -6 582 -7 383 8 883 9 543 -10 62
10 1 939 -2 239 3 378 -4 536 5 823 6 397 7 961 -8 663 9 825 10 765
10 -1 970 -2 259 3 881 4 873 5 523 -6 232 -7 676 -8 701 -9 121 10 191
10 1 803 -2 23 -3 466 4 643 -5 165 6 930 7 34 -8 316 -9 460 -10 165
10 1 717 -2 726 3 861 4 774 -5 21 -6 466 7 857 -8 63 -9 585 -10 435
10 -1 186 -2 462 -3 885 -4 49 -5 465 -6 613 7 796 -8 612 9 779 10 893
10 1 803 2 223 -3 114 4 781 -5 205 -6 228 -7 68 -8 966 9 64 10 292
10 1 595 -2 415 3 264 4 798 5 255 6 634 -7 779 8 797 9 166 10 979
10 -1 513 -2 111 -3 435 -4 527 5 617 -6 622 -7 679 -8 86 9 531 10 973
10 -1 414 -2 760 -3 545 -4 681 5 815 6 746 -7 405 -8 45 -9 636 -10 852
10 -1 88 -2 867 -3 895 4 746 5 252 6 11 7 937 -8 253 -9 376 -10 47
10 -1 707 2 512 3 369 -4 238 -5 836 -6 346 7 360 8 316 9 494 -10 136
10 1 319 2 728 -3 96 4 646 5 209 6 324 7 707 8 464 9 160 -10 544
10 1 581 -2 226 3 57 -4 778 5 730 6 95 -7 705 8 824 9 356 -10 227
10 1 903 -2 68 -3 376 4 46 5 68 6 154 7 365 8 772 9 926 -10 868
10 1 23 2 45 3 864 4 773 -5 416 -6 291 7 56 8 688 -9 847 10 402
10 -1 986 -2 453 3 502 -4 188 -5 831 6 559 7 573 8 507 -9 661 -10 979
10 1 809 -2 515 3 354 4 404 5 710 -6 888 -7 36 8 272 9 286 10 363
10 1 512 -2 113 -3 841 -4 21 5 447 -6 393 7 997 8 231 -9 296 10 469
10 1 747 2 749 -3 460 4 203 -5 730 6 486 7 714 8 347 9 568 10 769
10 1 32 -2 878 3 76 4 817 5 952 -6 364 7 364 -8 451 9 185 -10 868
10 1 291 2 230 -3 278 4 343 5 883 -6 94 7 804 8 453 -9 11 10 445
10 -1 506 -2 508 3 79 4 106 5 48 6 29 7 265 -8 771 -9 865 10 373
10 -1 396 -2 905 3 831 4 45 -5 206 -6 448 -7 934 8 164 -9 179 10 584
10 -1 551 -2 608 -3 90 -4 149 -5 484 -6 349 7 109 8 648 9 60 -10 216
10 -1 708 2 978 3 226 4 103 -5 615 -6 720 7 569 8 454 -9 403 10 265
10 1 218 -2 964 3 548 4 817 -5 525 6 615 7 832 8 497 9 236 10 863
10 -1 215 -2 392 -3 38 -4 231 -5 808 -6 987 -7 741 8 538 9 684 -10 234
10 -1 175 2 671 3 247 4 797 5 139 -6 57 -7 241 -8 307 -9 579 10 881
10 1 266 2 734 -3 822 -4 420 -5 181 -6 155 7 819 -8 492 -9 951 -10 132
10 1 660 2 558 -3 11 4 617 -5 48 -6 742 7 990 -8 139 -9 397 10 838
10 -1 57 -2 471 -3 232 4 390 5 117 -6 5 -7 149 -8 983 -9 233 -10 936
10 1 118 -2 540 3 210 4 742 5 934 -6 600 -7 548 -8 434 9 820 -10 690
10 -1 472 2 892 3 9 -4 257 -5 921 -6 483 -7 108 -8 77 9 776 -10 539
10 1 985 2 407 3 201 4 985 -5 26 6 667 7 760 -8 982 -9 464 10 604
10 1 312 2 289 -3 930 -4 380 5 605 6 573 7 332 -8 824 9 249 10 377
10 1 430 -2 464 3 457 -4 819 5 843 6 152 7 571 8 276 -9 310 -10 970
10 -1 670 2 86 3 619 -4 424 5 886 -6 214 7 517 -8 545 -9 175 10 327
10 -1 241 -2 351 -3 843 4 164 -5 138 6 848 -7 820 -8 523 -9 95 10 602
10 -1 876 -2 935 3 280 4 685 5 21 6 847 -7 456 8 829 9 734 10 179
10 1 980 2 431 -3 143 4 113 -5 515 6 374 -7 508 -8 865 -9 675 -10 110
10 -1 352 -2 315 -3 208 4 436 -5 170 -6 155 -7 16 -8 21 -9 158 10 579
10 -1 341 2 834 -3 838 -4 82 5 83 -6 153 -7 484 8 962 -9 128 -10 925
10 -1 299 -2 352 -3 389 4 47 -5 498 -6 301 -7 989 8 733 -9 627 10 395
10 1 974 -2 944 -3 658 4 648 5 45 -6 628 -7 142 -8 379 -9 39 -10 702
10 -1 467 2 343 3 982 4 580 -5 136 -6 674 7 528 -8 700 -9 897 -10 376
10 -1 892 -2 531 -3 942 4 109 -5 799 6 882 -7 75 8 822 9 408 10 989
10 1 425 -2 59 3 917 4 320 5 830 -6 803 7 94 8 722 -9 408 -10 575
10 -1 394 2 557 3 728 4 138 5 485 6 913 7 500 -8 426 9 332 -10 502
10 1 498 -2 790 3 511 4 233 5 67 -6 196 7 557 8 847 -9 676 10 453
10 -1 960 2 27 3 825 4 280 -5 239 -6 974 -7 951 8 492 9 424 -10 744
10 -1 424 -2 874 -3 354 -4 32 5 647 -6 250 7 359 8 706 9 157 10 357
10 1 736 2 545 -3 873 4 495 -5 695 -6 674 7 466 -8 256 -9 514 10 959
10 1 455 2 942 -3 767 -4 640 5 840 6 83 7 957 8 523 -9 615 10 208
10 1 331 2 918 3 798 -4 922 -5 724 -6 694 -7 357 8 50 -9 702 -10 459
10 -1 248 -2 584 3 399 4 151 5 774 -6 62 -7 504 8 687 9 829 10 794
10 1 880 2 207 3 807 -4 470 -5 672 6 914 -7 509 -8 972 9 282 10 89
10 -1 59 2 389 -3 368 -4 428 -5 43 -6 80 -7 268 8 697 -9 273 10 171
10 -1 176 2 324 -3 396 4 377 -5 306 6 581 -7 568 -8 662 -9 678 -10 676
10 -1 989 -2 860 3 396 -4 905 5 619 6 513 7 555 8 174 9 778 -10 278
10 -1 508 2 579 -3 704 -4 224 5 794 -6 33 -7 569 -8 346 9 338 -10 778
10 1 532 2 846 -3 175 -4 660 5 754 6 794 -7 498 -8 198 9 298 -10 295
10 1 43 -2 288 3 374 4 490 5 310 6 549 -7 512 -8 277 -9 840 10 62
10 1 457 -2 425 -3 944 4 722 5 561 6 229 -7 699 8 100 9 686 10 251
10 -1 638 -2 879 3 374 4 287 -5 583 6 27 7 597 -8 362 -9 874 -10 34
10 -1 923 2 494 -3 284 -4 26 -5 372 6 756 7 559 8 179 -9 275 10 662
10 -1 381 -2 77 3 363 -4 328 -5 996 6 514 -7 165 8 911 9 232 -10 510
10 1 199 -2 916 3 919 -4 589 -5 934 -6 419 -7 999 -8 224 -9 161 10 797
10 1 528 2 552 3 457 4 214 -5 488 -6 753 -7 821 -8 600 9 427 10 652
10 -1 864 -2 310 -3 777 -4 408 -5 398 6 353 7 872 -8 671 9 676 10 778
10 1 510 2 824 -3 614 4 541 -5 542 -6 291 -7 883 8 510 -9 531 -10 117
10 -1 167 -2 806 3 780 4 424 5 683 -6 785 -7 726 -8 268 -9 919 -10 969
10 -1 530 -2 637 -3 206 -4 131 5 952 -6 945 7 757 8 72 -9 31 10 213
10 -1 847 2 220 3 119 -4 723 -5 929 -6 481 -7 12 -8 540 -9 739 10 665
10 -1 61 2 583 -3 303 4 48 5 725 -6 364 7 802 -8 377 9 601 -10 632
10 -1 995 -2 433 -3 362 -4 629 -5 840 -6 906 -7 859 -8 919 9 479 10 436
10 -1 8 -2 815 3 662 -4 909 -5 112 -6 139 7 73 8 223 9 507 10 653
10 -1 392 2 471 3 975 -4 298 -5 285 -6 122 7 481 -8 820 -9 307 10 652
10 -1 841 -2 360 -3 165 -4 253 -5 686 6 585 7 840 8 651 -9 165 10 725
10 1 9 2 48 3 439 -4 61 5 259 6 345 7 219 8 134 9 524 10 637
10 -1 475 2 665 -3 150 -4 643 5 909 6 625 7 242 -8 240 9 941 10 630
10 -1 649 2 362 -3 207 -4 553 5 233 -6 427 -7 832 8 95 -9 61 -10 694
10 -1 949 2 568 3 41 -4 294 5 902 -6 215 7 18 8 140 9 435 10 324
10 1 615 2 207 -3 493 -4 874 -5 662 6 221 -7 152 -8 227 -9 540 10 342
10 1 749 -2 622 3 199 -4 741 -5 595 -6 563 -7 302 8 241 9 597 10 996
10 -1 439 -2 201 -3 652 4 273 -5 305 6 62 7 259 8 479 -9 864 10 526
10 -1 802 -2 840 -3 354 4 722 -5 797 -6 313 7 831 8 322 -9 146 -10 891
10 1 526 -2 439 -3 727 4 98 5 208 6 852 -7 244 8 355 -9 962 -10 558
10 1 633 -2 802 3 855 -4 87 -5 46 -6 969 -7 670 -8 352 -9 37 -10 968
10 1 665 2 399 3 934 -4 915 5 629 6 563 -7 937 -8 542 9 940 -10 647
10 1 244 -2 774 3 83 4 600 5 505 -6 860 -7 309 8 947 -9 300 10 540
10 1 366 -2 950 -3 305 4 175 -5 500 -6 877 -7 15 -8 552 -9 466 -10 801
10 -1 290 -2 948 -3 810 -4 975 -5 738 -6 762 7 305 -8 954 9 504 10 777
10 -1 512 -2 502 3 745 -4 468 5 270 -6 574 7 958 -8 372 9 111 -10 82
10 -1 83 2 676 -3 108 -4 574 5 60 -6 562 7 621 8 203 9 695 -10 555
10 -1 218 2 103 3 411 -4 670 -5 569 -6 542 7 287 -8 442 -9 82 -10 758
10 -1 333 2 796 -3 932 4 638 -5 540 6 816 -7 255 8 204 -9 775 -10 357
10 1 243 -2 345 3 754 -4 782 -5 228 6 519 7 125 8 469 9 848 -10 139
10 -1 516 -2 804 3 847 4 353 -5 854 6 629 7 478 8 560 -9 27 10 648
10 -1 770 2 867 -3 642 4 232 5 535 6 337 7 166 -8 775 9 894 -10 379
10 1 134 2 98 -3 761 -4 964 5 627 6 51 -7 322 -8 845 9 177 -10 984
10 -1 776 -2 826 -3 219 -4 162 5 491 6 133 -7 566 -8 814 -9 521 10 646
10 -1 867 -2 80 3 117 -4 824 -5 303 -6 112 7 46 -8 74 -9 166 10 304
10 -1 610 -2 10 -3 132 4 888 -5 824 -6 660 7 115 8 324 9 93 -10 234
10 1 603 2 223 3 919 -4 507 5 590 -6 733 -7 28 -8 539 -9 616 -10 601
10 1 383 2 451 3 254 4 960 -5 824 -6 7 -7 536 8 40 -9 750 10 240
10 1 496 2 829 3 186 4 921 -5 21 -6 378 7 666 -8 166 9 372 10 973
10 -1 291 2 827 3 356 4 954 -5 640 6 864 -7 438 -8 116 9 272 10 998
10 1 500 2 488 -3 420 -4 460 5 994 -6 78 -7 659 8 322 -9 969 10 146
10 1 545 -2 239 -3 6 -4 294 5 420 6 912 -7 418 -8 596 9 388 -10 588
10 1 917 2 344 -3 514 -4 379 -5 843 -6 163 -7 220 -8 924 9 463 -10 723
10 -1 727 -2 225 3 994 4 606 -5 612 6 19 -7 766 -8 215 9 633 10 361
10 -1 823 2 810 3 766 -4 893 5 61 -6 985 7 867 8 154 9 599 10 429
10 -1 143 2 696 3 364 4 390 5 472 6 877 -7 300 -8 786 9 911 10 37
10 -1 113 -2 197 -3 209 4 823 -5 175 6 15 -7 514 8 942 -9 856 -10 204
10 -1 266 2 385 -3 380 4 805 -5 611 6 93 -7 306 8 891 -9 611 -10 352
10 -1 894 -2 346 3 622 -4 238 -5 211 6 226 -7 176 8 792 9 361 -10 288
10 1 282 2 759 3 150 4 893 -5 641 6 194 7 982 8 447 -9 446 -10 158
10 -1 462 2 192 -3 318 -4 373 5 678 -6 845 7 625 -8 154 -9 606 10 520
10 1 284 -2 48 3 400 -4 217 5 109 6 419 -7 16 -8 962 9 380 -10 140
10 1 908 2 976 -3 555 -4 329 -5 28 6 564 -7 365 -8 565 -9 673 10 663
10 -1 313 -2 768 3 971 4 259 -5 243 -6 177 7 454 -8 663 -9 812 10 36
10 1 94 2 437 3 121 4 57 -5 843 6 209 7 977 8 750 9 550 -10 88
10 -1 106 -2 697 3 321 4 676 -5 553 6 642 7 638 8 634 9 699 10 637
10 1 308 2 73 3 927 4 329 -5 248 -6 320 -7 530 8 427 -9 156 -10 308
10 1 804 2 960 3 916 4 54 -5 774 6 615 -7 308 -8 206 -9 623 -10 988
10 -1 548 2 845 3 730 4 127 -5 353 -6 359 7 475 8 799 -9 296 -10 916
10 1 178 -2 918 3 24 4 143 5 879 -6 591 -7 333 -8 251 -9 882 10 264
10 -1 855 2 308 3 442 -4 440 -5 786 6 666 -7 49 -8 418 -9 688 10 798
10 1 836 -2 289 -3 371 4 37 5 540 6 752 -7 360 8 572 9 41 -10 864
10 -1 646 -2 340 -3 323 4 381 -5 324 6 647 -7 146 8 821 9 408 -10 630
10 -1 534 -2 347 3 485 4 60 5 676 -6 859 7 174 -8 271 9 975 10 392
10 -1 540 -2 618 -3 335 -4 392 5 24 6 865 7 883 -8 973 -9 599 10 173
10 1 992 -2 740 -3 929 -4 1 -5 746 -6 103 7 44 -8 329 9 471 10 660
10 -1 273 2 819 -3 603 4 475 -5 994 6 93 -7 173 -8 200 -9 543 -10 306
10 -1 326 -2 477 -3 500 4 933 5 914 6 576 7 761 -8 458 -9 44 -10 255
10 -1 55 -2 154 3 935 -4 640 5 778 -6 260 -7 585 8 202 9 426 -10 706
10 -1 746 2 577 3 595 -4 805 5 795 -6 889 -7 820 -8 384 -9 181 10 47
10 -1 419 2 257 -3 298 4 554 5 787 -6 722 7 512 -8 342 9 332 10 905
10 -1 10 -2 81 -3 564 -4 177 -5 913 -6 663 7 530 -8 43 9 60 -10 160
10 1 770 -2 13 -3 552 4 140 5 656 -6 990 -7 214 8 368 -9 357 -10 923
10 1 867 -2 959 3 142 -4 203 5 235 6 228 7 532 -8 220 -9 143 -10 844
10 1 968 -2 764 3 447 -4 737 5 667 -6 48 7 325 8 74 9 377 -10 524
10 -1 727 -2 175 3 848 -4 886 -5 448 6 95 7 541 -8 462 -9 777 10 102
10 1 370 -2 351 -3 839 4 369 5 777 6 596 -7 164 -8 831 -9 728 10 45
10 -1 369 2 825 -3 680 -4 321 -5 453 6 801 7 479 -8 186 -9 850 -10 575
10 -1 875 -2 968 -3 719 -4 859 -5 244 -6 82 -7 724 8 48 -9 159 10 374
10 1 399 -2 252 -3 127 4 754 -5 661 -6 536 -7 486 -8 561 -9 953 -10 61
10 1 828 -2 530 3 561 -4 586 -5 610 -6 479 -7 389 8 127 -9 796 -10 932
10 -1 90 -2 870 -3 680 4 162 5 540 6 822 -7 572 -8 84 -9 894 -10 517
10 1 303 -2 923 -3 556 -4 347 5 115 6 564 7 126 -8 66 9 975 -10 265
10 -1 787 2 841 3 955 4 644 5 798 -6 222 7 765 -8 241 -9 328 -10 704
10 -1 39 2 545 3 56 4 47 -5 311 6 848 -7 457 8 973 -9 629 -10 373
10 1 647 2 317 3 839 4 626 5 531 6 786 7 294 8 5 -9 193 10 460
10 -1 188 2 229 3 589 4 19 5 766 -6 162 -7 213 8 416 -9 471 -10 979
10 -1 988 -2 37 3 693 -4 385 -5 492 6 840 7 281 -8 99 -9 701 10 816
10 1 518 2 102 -3 34 4 329 -5 597 6 322 7 295 8 14 9 463 -10 269
10 -1 999 2 920 -3 140 4 479 -5 487 6 519 -7 765 8 637 -9 99 -10 32
10 -1 831 -2 769 3 523 4 125 -5 682 -6 31 -7 698 8 682 9 976 -10 285
10 1 18 -2 834 -3 695 4 666 -5 562 6 418 -7 992 -8 116 -9 704 -10 792
10 -1 737 -2 337 3 57 -4 46 5 957 6 286 7 684 -8 205 -9 325 10 371
10 1 39 -2 381 -3 813 -4 715 5 549 -6 879 -7 94 8 810 -9 914 10 811
10 -1 243 -2 136 3 450 4 389 5 444 6 284 -7 380 8 993 -9 98 10 723
10 -1 658 -2 842 -3 105 -4 475 5 509 -6 55 7 245 8 705 9 113 -10 184
10 -1 199 2 551 -3 946 4 514 5 650 6 781 -7 929 -8 667 -9 376 10 530
10 1 534 2 565 3 681 -4 207 -5 984 -6 133 7 568 8 932 -9 969 -10 21
10 -1 191 2 491 3 797 -4 362 -5 642 6 288 -7 619 -8 428 -9 308 10 736
10 -1 400 -2 895 -3 149 4 816 5 360 6 931 7 957 8 791 9 484 -10 871
10 1 474 -2 93 -3 177 -4 296 5 265 -6 544 7 323 8 401 9 88 -10 223
10 -1 520 -2 975 -3 32 4 936 -5 494 6 241 -7 994 8 383 9 917 10 391
10 -1 952 -2 994 3 129 4 145 5 67 -6 282 7 50 8 24 9 850 -10 583
10 1 300 2 565 3 36 4 248 -5 530 6 820 -7 967 8 750 -9 910 10 681
10 1 735 -2 760 3 811 -4 413 5 860 -6 83 7 629 8 630 9 871 10 688
10 1 924 2 9 -3 889 -4 963 5 675 6 238 7 47 8 584 9 696 -10 309
10 1 122 -2 989 3 582 -4 901 -5 170 -6 376 7 462 8 800 9 957 10 637
10 -1 69 -2 573 -3 52 -4 216 5 762 -6 652 -7 669 8 231 9 422 10 559
10 1 786 -2 716 -3 218 -4 84 5 920 -6 953 7 170 -8 322 -9 756 -10 701
10 1 794 -2 610 3 394 4 662 5 448 -6 153 7 47 8 51 -9 823 -10 627
10 1 263 2 901 -3 298 -4 890 -5 477 -6 185 -7 527 -8 932 9 4 10 94
10 1 684 2 62 3 113 -4 202 -5 595 6 920 -7 97 8 506 -9 303 -10 278
10 -1 858 -2 886 3 143 4 955 -5 895 6 188 7 264 -8 363 9 847 -10 155
10 -1 915 2 250 -3 81 -4 805 -5 302 -6 163 7 248 -8 187 9 112 10 168
10 1 880 2 264 -3 923 -4 547 5 279 6 40 -7 433 -8 651 9 734 10 415
