1000
10 1 607 2 379 -3 641 4 621 5 931 -6 266 7 197 -8 554 -9 407 10 238
10 1 889 -2 760 3 688 4 164 5 309 6 844 -7 485 -8 732 -9 405 -10 988
10 1 900 -2 100 3 140 -4 223 -5 989 -6 798 -7 432 -8 588 -9 547 -10 599
10 1 926 -2 699 3 877 -4 621 5 716 -6 988 7 731 8 649 -9 292 10 65
10 -1 875 -2 91 -3 820 4 421 5 21 -6 438 -7 894 8 46 9 387 -10 565
10 -1 518 2 37 -3 8 4 111 5 972 6 995 -7 299 -8 160 9 889 -10 322
10 -1 982 2 919 -3 386 -4 891 -5 660 6 636 -7 442 8 959 -9 448 -10 534
10 -1 562 -2 12 -3 594 -4 21 -5 631 6 62 -7 478 -8 696 -9 624 -10 756
10 -1 23 2 978 3 987 -4 258 -5 306 -6 182 -7 190 -8 777 -9 865 -10 308
10 -1 108 2 995 3 318 4 670 -5 245 -6 192 -7 666 8 105 -9 972 -10 692
10 1 449 2 82 -3 760 4 907 -5 278 6 806 7 35 8 323 9 885 -10 349
10 1 826 -2 604 3 432 -4 531 -5 476 -6 650 -7 298 -8 582 -9 37 -10 160
10 1 5 -2 966 -3 573 4 34 -5 857 -6 557 -7 912 8 883 9 879 -10 123
10 1 47 2 926 3 919 -4 591 5 14 -6 764 7 176 -8 245 9 538 -10 55
10 1 350 2 259 -3 832 4 361 5 203 6 548 7 176 8 811 -9 944 10 844
10 1 500 -2 52 -3 255 -4 633 -5 53 -6 331 7 878 8 794 9 48 10 52
10 1 495 2 875 3 528 -4 324 5 323 6 360 -7 663 -8 601 -9 370 -10 196
10 -1 439 2 131 3 734 -4 815 5 581 6 44 -7 472 -8 652 9 638 -10 55
10 -1 643 -2 779 -3 431 -4 472 5 251 6 549 -7 712 8 823 -9 230 -10 134
10 1 959 -2 384 -3 125 -4 708 5 962 -6 684 7 752 -8 578 9 832 10 485
10 1 242 -2 46 3 578 4 676 -5 184 6 350 7 27 8 690 -9 857 -10 593
10 -1 818 2 38 3 110 4 957 5 564 -6 891 7 848 8 248 9 662 10 466
10 -1 259 -2 614 -3 962 -4 570 -5 990 6 385 7 997 -8 864 9 426 -10 160
10 -1 919 2 167 3 510 -4 939 -5 601 6 140 -7 771 8 151 -9 958 10 872
10 -1 688 -2 610 -3 911 4 315 5 275 -6 824 -7 206 8 584 -9 245 -10 495
10 1 429 -2 719 3 480 4 493 5 878 -6 802 7 479 8 913 9 664 10 982
10 1 875 -2 248 3 795 -4 141 5 637 6 922 -7 174 8 321 9 434 10 747
10 1 121 2 271 -3 37 -4 464 -5 8 6 343 -7 447 -8 498 9 216 -10 401
10 1 558 -2 123 -3 79 -4 116 -5 909 -6 100 -7 695 -8 776 -9 303 -10 110
10 -1 689 2 683 -3 521 -4 61 -5 695 6 662 7 184 -8 912 -9 127 10 955
10 1 943 -2 661 -3 569 -4 664 5 469 -6 320 7 723 8 110 9 773 -10 368
10 1 273 -2 393 3 894 4 44 -5 517 -6 254 -7 897 -8 968 -9 459 10 362
10 -1 868 2 156 -3 605 4 698 5 578 6 190 7 581 -8 687 -9 836 10 607
10 1 881 -2 818 3 558 4 583 5 207 -6 379 -7 31 -8 913 -9 973 -10 324
10 -1 649 -2 542 -3 918 -4 31 5 745 6 111 7 504 8 537 -9 204 10 801
10 1 38 -2 115 -3 983 4 139 -5 812 6 639 7 27 -8 634 9 519 10 511
10 1 953 -2 331 -3 892 -4 712 5 83 6 734 7 758 -8 827 9 955 10 883
10 1 448 2 497 -3 112 4 419 5 866 6 723 7 401 -8 485 9 551 -10 214
10 -1 312 2 476 -3 776 -4 449 5 467 6 737 -7 376 -8 459 -9 611 -10 230
10 1 824 2 265 -3 147 -4 547 5 163 6 23 7 599 -8 516 9 652 10 143
10 1 624 2 454 -3 190 4 862 5 413 -6 326 -7 34 8 245 -9 41 -10 506
10 1 931 2 248 3 399 -4 196 5 341 6 355 7 609 8 827 -9 282 -10 809
10 -1 501 2 575 -3 31 -4 645 -5 325 6 59 -7 993 8 607 9 108 10 698
10 1 20 2 516 3 494 4 194 -5 206 -6 349 -7 940 -8 963 9 392 -10 770
10 -1 90 -2 189 -3 118 -4 561 -5 550 -6 179 -7 856 -8 946 9 372 -10 449
10 1 456 -2 354 -3 841 4 520 -5 973 -6 44 7 176 8 843 -9 95 10 328
10 1 616 2 900 3 461 -4 919 -5 379 6 74 7 409 8 347 -9 113 -10 83
10 1 247 2 157 3 600 4 115 5 295 6 226 -7 518 -8 808 9 479 10 638
10 1 43 2 613 3 880 4 205 -5 88 6 477 -7 229 8 658 -9 780 -10 413
10 -1 797 2 299 -3 835 -4 211 5 553 6 476 -7 746 8 350 -9 197 -10 772
10 1 947 -2 434 3 621 4 256 -5 859 6 344 7 442 -8 87 -9 224 -10 170
10 1 744 2 896 -3 954 -4 377 5 925 -6 496 -7 481 8 300 9 190 10 29
10 1 302 2 655 -3 42 4 764 5 283 -6 443 7 354 -8 760 9 765 -10 147
10 1 455 -2 931 -3 455 4 211 5 500 -6 1000 -7 826 -8 966 9 442 -10 963
10 -1 486 2 369 -3 293 4 475 -5 909 -6 827 -7 766 8 953 9 15 10 645
10 1 549 2 170 3 2 4 789 -5 364 -6 566 7 502 8 245 9 284 -10 927
10 -1 856 2 618 3 461 -4 269 5 689 -6 429 -7 348 8 31 -9 39 10 935
10 1 977 2 762 -3 522 -4 566 5 287 6 173 7 18 -8 659 9 919 -10 479
10 -1 380 2 301 3 76 4 853 5 418 -6 455 -7 286 -8 464 -9 983 10 592
10 -1 144 2 422 -3 872 4 848 -5 954 -6 32 -7 589 8 500 9 287 -10 105
10 -1 685 2 381 3 528 -4 918 -5 200 -6 943 -7 186 -8 965 -9 324 10 278
10 1 973 2 967 -3 326 -4 569 -5 37 6 428 -7 424 8 508 9 980 10 756
10 1 715 2 761 3 647 4 965 -5 998 6 442 -7 495 -8 275 -9 560 10 179
10 1 499 2 148 3 928 4 707 -5 691 -6 663 7 146 -8 56 9 778 10 319
10 1 665 2 896 3 50 4 548 5 392 6 444 -7 187 8 288 9 135 10 149
10 -1 130 -2 361 3 957 4 8 -5 146 -6 252 7 363 -8 107 -9 485 10 758
10 -1 544 -2 583 -3 476 -4 453 5 548 -6 853 -7 206 -8 956 9 308 10 325
10 -1 861 2 134 3 619 4 420 5 118 6 162 7 814 -8 583 -9 538 -10 95
10 -1 554 -2 334 3 605 4 331 -5 519 -6 653 -7 606 -8 720 -9 883 -10 294
10 -1 277 2 127 3 750 -4 747 5 290 -6 991 -7 464 8 490 -9 545 10 636
10 -1 633 2 71 -3 436 -4 61 5 875 -6 394 7 77 -8 527 9 57 -10 906
10 1 442 -2 729 -3 13 -4 381 -5 409 -6 382 7 599 -8 150 -9 226 10 380
10 1 630 2 143 3 215 -4 446 -5 202 6 30 -7 548 -8 756 -9 849 10 452
10 -1 699 2 522 -3 231 -4 143 -5 294 6 121 7 614 8 442 9 816 -10 392
10 1 502 2 485 -3 144 -4 209 -5 601 -6 447 -7 100 8 66 -9 899 -10 68
10 1 333 -2 935 -3 647 4 847 -5 660 -6 903 7 906 -8 207 -9 982 10 54
10 1 925 2 588 3 185 4 841 -5 845 -6 292 -7 467 8 208 -9 351 10 596
10 -1 635 -2 323 3 458 4 739 -5 879 -6 645 7 506 8 189 9 961 -10 123
10 -1 863 2 323 3 773 4 335 -5 253 -6 902 7 243 -8 376 -9 229 10 292
10 -1 354 -2 55 -3 750 4 213 5 312 -6 178 7 252 -8 717 9 221 -10 624
10 1 180 -2 613 -3 613 4 644 -5 453 -6 58 7 806 -8 502 9 593 10 275
10 -1 703 -2 228 -3 838 -4 355 -5 634 -6 777 7 118 -8 348 9 598 -10 111
10 -1 541 2 872 -3 490 4 884 -5 384 -6 43 -7 844 8 639 9 719 -10 599
10 -1 555 -2 421 -3 946 4 434 -5 433 -6 379 7 256 -8 715 9 577 -10 731
10 1 332 2 328 -3 177 -4 477 5 930 -6 567 -7 110 8 622 -9 719 10 170
10 1 123 2 566 3 946 -4 890 -5 407 -6 68 -7 283 -8 236 -9 121 10 971
10 1 489 -2 445 3 269 -4 986 5 272 6 683 7 253 -8 810 -9 752 -10 925
10 1 101 2 769 3 231 -4 342 5 335 6 170 7 684 -8 276 9 382 -10 763
10 -1 517 -2 824 -3 264 -4 558 -5 600 -6 158 7 33 8 442 9 217 10 518
10 1 869 -2 264 3 644 -4 208 5 163 6 979 7 497 -8 757 -9 154 10 558
10 -1 685 2 266 3 89 4 906 5 98 6 715 7 645 -8 726 -9 567 -10 270
10 1 718 2 72 -3 699 -4 175 5 34 -6 531 -7 855 -8 105 9 822 10 398
10 1 825 -2 959 -3 643 4 452 -5 243 6 354 7 236 8 426 -9 99 -10 324
10 1 559 2 297 3 26 -4 28 -5 229 6 466 -7 656 -8 679 9 535 -10 653
10 -1 820 2 183 -3 513 4 291 5 450 6 316 7 232 -8 539 -9 126 10 512
10 1 492 2 759 -3 21 4 24 -5 637 6 60 -7 928 8 50 -9 692 -10 313
10 -1 504 -2 798 -3 822 4 317 5 416 6 117 7 244 8 163 -9 544 10 646
10 1 85 -2 525 3 508 4 371 -5 949 6 432 -7 574 -8 445 -9 352 10 331
10 -1 493 -2 806 -3 766 -4 211 -5 100 -6 762 -7 980 -8 489 9 738 -10 615
10 1 680 2 599 3 626 -4 248 -5 186 -6 101 7 936 -8 262 -9 905 -10 579
10 -1 387 -2 839 3 374 -4 373 -5 280 6 142 7 901 8 785 9 658 -10 746
10 1 619 -2 490 -3 388 -4 628 5 486 -6 60 7 937 8 200 9 837 10 406
10 1 125 2 609 3 970 -4 563 5 929 -6 446 7 162 8 708 -9 510 -10 642
10 -1 527 2 261 3 605 -4 325 -5 220 6 289 7 88 8 910 -9 250 10 893
10 -1 235 2 342 -3 793 4 854 5 574 -6 2 -7 836 8 957 9 772 -10 840
10 1 811 -2 353 3 298 4 353 5 927 6 937 7 466 -8 258 9 547 -10 272
10 -1 849 2 462 3 319 -4 681 5 110 -6 920 -7 733 -8 815 9 257 10 623
10 1 26 2 893 -3 353 4 229 -5 49 6 798 -7 622 8 417 -9 570 -10 21
10 -1 453 -2 787 3 495 4 124 5 379 -6 285 -7 868 8 867 -9 385 -10 371
10 -1 750 2 957 -3 491 -4 549 -5 11 -6 76 -7 191 8 545 9 676 10 180
10 -1 322 2 372 3 860 4 866 -5 899 6 626 7 389 8 110 -9 357 -10 815
10 1 472 -2 897 3 112 4 682 5 207 6 288 7 679 -8 30 9 51 -10 39
10 1 523 2 335 -3 762 -4 785 -5 715 6 881 7 719 8 223 -9 132 -10 456
10 -1 686 -2 140 -3 881 -4 80 5 777 6 558 -7 449 -8 248 -9 299 -10 354
10 1 304 -2 76 3 951 -4 748 -5 609 -6 415 -7 841 8 944 9 641 -10 8
10 -1 452 2 666 -3 543 -4 633 -5 548 -6 796 7 868 -8 90 9 833 -10 802
10 -1 406 2 208 -3 732 4 983 -5 1 6 960 7 641 8 466 9 297 -10 676
10 1 833 2 2 -3 451 -4 501 5 935 -6 802 -7 183 -8 599 -9 319 -10 352
10 1 66 2 567 3 373 4 356 5 184 6 486 7 335 8 175 -9 595 10 488
10 1 12 2 696 -3 146 -4 574 5 358 -6 594 -7 153 -8 439 -9 60 -10 944
10 -1 862 2 955 3 999 -4 430 -5 374 6 9 7 987 8 418 9 406 -10 778
10 1 704 2 866 -3 44 -4 965 -5 189 -6 930 -7 901 -8 758 9 951 10 713
10 -1 992 2 767 -3 379 -4 295 5 234 -6 905 7 251 8 498 -9 200 10 584
10 -1 986 -2 905 3 770 -4 854 -5 391 -6 95 7 387 8 216 -9 846 -10 266
10 -1 861 -2 661 -3 158 -4 530 5 293 -6 907 -7 745 8 198 -9 669 10 668
10 1 536 2 383 -3 460 4 665 5 764 6 526 7 673 -8 874 9 978 -10 320
10 -1 129 2 264 3 824 -4 788 -5 268 6 166 -7 86 8 840 -9 13 -10 893
10 1 572 -2 444 3 640 -4 323 -5 834 -6 364 -7 877 8 476 9 73 -10 449
10 1 272 2 880 3 605 -4 285 5 594 -6 886 -7 51 8 996 9 152 10 640
10 1 670 2 206 -3 174 4 173 -5 516 -6 24 7 840 -8 213 -9 805 -10 800
10 1 112 2 91 3 575 -4 690 5 188 -6 189 7 706 -8 75 -9 513 10 146
10 1 231 -2 285 -3 909 4 906 5 637 -6 842 -7 902 8 656 9 164 10 460
10 1 789 2 900 3 877 4 858 5 569 -6 715 7 571 -8 960 9 302 10 449
10 1 515 -2 243 3 416 4 232 -5 101 6 480 -7 28 -8 117 9 558 -10 888
10 1 91 2 951 -3 31 4 243 -5 839 -6 482 -7 300 8 853 9 820 -10 607
10 1 22 -2 324 3 70 4 266 5 28 -6 704 -7 647 8 875 -9 732 -10 52
10 -1 352 2 865 -3 210 4 329 -5 560 -6 160 -7 263 8 706 9 502 10 399
10 -1 985 2 630 -3 699 4 200 5 531 -6 475 -7 815 8 157 9 247 10 519
10 -1 382 -2 606 -3 761 -4 526 -5 416 -6 810 -7 81 -8 901 9 82 -10 625
10 -1 267 -2 305 3 237 -4 858 -5 167 6 599 -7 733 -8 217 -9 306 10 755
10 -1 695 -2 76 3 607 4 741 5 44 -6 422 -7 628 -8 883 -9 803 10 158
10 1 386 -2 461 3 251 4 856 5 660 -6 116 -7 931 -8 641 9 318 -10 656
10 1 665 -2 503 -3 770 4 210 -5 731 6 902 -7 965 8 85 9 838 -10 595
10 -1 72 -2 645 -3 8 -4 870 5 310 -6 947 7 683 -8 254 9 446 10 70
10 1 888 2 254 3 254 -4 321 -5 809 6 424 7 970 8 349 9 488 10 391
10 1 858 -2 176 -3 382 -4 921 5 930 6 454 7 351 8 360 9 96 10 481
10 -1 640 -2 533 -3 515 4 408 5 197 6 841 7 919 8 258 -9 935 10 178
10 1 999 2 720 3 202 -4 651 -5 812 6 78 7 410 8 252 -9 953 -10 49
10 -1 466 -2 341 -3 345 -4 582 5 880 -6 724 7 715 -8 593 -9 232 -10 313
10 1 710 -2 831 3 488 4 524 -5 693 6 348 7 52 -8 63 -9 3 10 312
10 -1 919 -2 184 -3 694 4 153 -5 536 -6 610 7 716 -8 898 -9 435 10 810
10 -1 239 2 262 3 866 4 528 5 500 -6 266 -7 290 8 293 -9 818 10 922
10 1 122 -2 91 3 740 4 872 -5 247 -6 337 -7 717 8 404 9 11 -10 852
10 -1 290 -2 161 -3 19 4 758 5 178 6 808 7 623 8 427 9 454 -10 983
10 -1 246 2 336 -3 528 -4 27 5 600 6 574 -7 617 -8 663 9 764 -10 474
10 -1 172 -2 775 3 359 4 258 -5 546 -6 321 -7 609 8 31 -9 147 10 300
10 -1 846 -2 459 -3 87 -4 304 5 367 -6 284 7 963 -8 159 9 488 10 571
10 -1 65 2 23 -3 613 -4 289 -5 716 -6 279 -7 466 8 857 -9 515 10 188
10 1 156 -2 358 3 198 -4 515 -5 265 -6 975 -7 721 8 8 9 615 -10 92
10 -1 605 -2 851 -3 961 4 135 5 354 6 180 7 931 8 569 9 693 -10 669
10 -1 312 2 685 -3 604 -4 362 -5 704 6 384 -7 131 -8 926 -9 751 10 429
10 -1 476 -2 101 3 897 4 440 -5 464 -6 366 -7 947 -8 368 9 766 -10 163
10 1 52 2 49 -3 383 -4 543 -5 602 -6 5 7 881 8 318 -9 311 -10 238
10 -1 409 -2 796 3 654 -4 966 5 874 6 515 7 133 8 953 -9 751 -10 305
10 1 521 -2 918 3 431 -4 718 -5 298 6 47 -7 93 -8 77 9 762 -10 918
10 1 768 -2 137 -3 969 4 840 5 728 -6 782 -7 937 -8 341 9 613 -10 124
10 1 622 -2 644 -3 282 4 697 5 574 -6 887 7 487 -8 568 9 386 -10 673
10 1 834 2 318 -3 341 -4 414 5 310 -6 285 7 862 -8 115 9 523 -10 834
10 1 382 2 864 -3 821 4 311 5 543 6 24 7 783 -8 554 9 981 10 710
10 1 570 -2 872 -3 666 -4 374 5 751 -6 77 -7 385 8 774 9 396 -10 206
10 1 381 -2 771 3 799 4 350 -5 112 6 537 -7 195 -8 599 -9 565 -10 358
10 -1 876 -2 680 -3 987 4 385 -5 770 -6 508 -7 20 8 452 9 102 10 863
10 -1 502 -2 788 -3 831 4 578 5 490 -6 557 -7 734 -8 977 9 10 10 246
10 -1 375 -2 717 3 323 -4 728 -5 939 6 924 7 271 8 514 -9 833 10 855
10 1 622 2 399 -3 231 -4 828 5 41 -6 705 7 720 8 629 -9 887 10 77
10 -1 621 -2 218 -3 988 4 810 -5 277 6 863 7 41 8 222 -9 74 10 32
10 -1 449 2 281 -3 230 4 654 -5 682 -6 690 -7 468 -8 831 -9 417 -10 53
10 -1 467 2 876 -3 977 4 23 -5 834 6 185 7 914 -8 987 9 711 -10 249
10 -1 128 2 981 -3 630 4 853 5 612 -6 499 7 403 8 483 9 266 -10 80
10 -1 385 -2 792 -3 504 4 745 -5 120 6 86 7 526 8 211 -9 946 10 221
10 1 636 2 935 3 319 4 184 -5 312 6 463 -7 964 8 42 9 919 -10 582
10 -1 345 -2 386 3 563 4 358 5 409 -6 830 7 180 8 642 9 136 -10 278
10 1 640 2 180 -3 241 -4 105 5 286 6 780 -7 611 -8 582 9 708 10 278
10 -1 474 2 323 3 583 4 618 -5 189 -6 685 7 517 -8 314 9 879 10 236
10 -1 954 2 42 3 234 -4 285 -5 313 -6 240 7 296 8 296 -9 527 -10 385
10 -1 751 2 743 -3 409 4 368 5 360 6 683 -7 69 -8 803 -9 994 10 115
10 1 145 -2 195 3 741 4 656 -5 315 6 817 7 994 -8 156 9 868 -10 342
10 -1 180 -2 970 -3 519 -4 701 5 651 6 265 7 177 -8 364 -9 919 -10 453
10 -1 681 -2 350 3 40 -4 483 -5 397 6 174 -7 754 8 989 9 176 -10 228
10 1 299 2 314 3 775 -4 827 -5 821 -6 67 -7 172 -8 834 -9 733 -10 814
10 1 482 -2 836 -3 304 4 896 5 981 6 765 -7 981 8 615 -9 652 -10 842
10 -1 122 2 125 3 986 -4 82 -5 426 -6 905 7 783 8 44 -9 911 -10 546
10 1 501 -2 811 3 877 4 145 5 955 -6 550 7 596 -8 266 -9 144 -10 697
10 1 231 2 256 -3 522 -4 61 5 362 -6 92 -7 707 8 466 9 240 -10 708
10 1 572 2 12 3 365 4 3 -5 450 6 182 7 251 -8 894 9 385 -10 579
10 1 138 2 972 3 978 4 423 5 559 6 508 7 740 8 795 -9 136 10 549
10 -1 445 2 26 3 48 4 383 5 694 -6 828 7 632 8 996 -9 906 -10 926
10 1 874 2 676 -3 687 4 807 5 707 -6 659 7 483 8 192 -9 273 10 692
10 -1 815 -2 378 -3 820 -4 580 5 438 -6 405 -7 520 -8 310 9 692 -10 625
10 1 422 2 172 -3 961 -4 578 -5 450 -6 508 -7 8 8 65 9 384 -10 154
10 1 550 2 166 3 656 4 234 -5 601 6 874 7 874 -8 694 9 685 10 556
10 1 906 2 611 3 167 4 660 -5 522 -6 832 7 967 8 123 -9 247 -10 770
10 -1 141 -2 526 -3 733 -4 406 -5 120 6 433 7 181 8 134 -9 215 10 518
10 1 556 -2 488 3 378 -4 43 -5 74 6 426 7 888 8 867 -9 889 -10 768
10 1 81 -2 410 3 365 -4 217 -5 342 -6 371 -7 837 8 735 9 191 -10 165
10 -1 456 2 671 -3 149 -4 905 5 471 -6 944 -7 305 8 308 -9 906 -10 274
10 -1 351 2 461 3 459 4 97 -5 353 6 513 -7 8 -8 761 9 421 10 326
10 -1 270 2 656 3 263 -4 909 5 533 6 358 7 379 8 291 9 187 10 30
10 -1 706 2 548 3 339 4 48 5 329 -6 725 -7 458 8 880 9 728 -10 482
10 -1 191 -2 495 3 152 -4 471 5 582 -6 843 -7 901 -8 473 9 139 -10 471
10 -1 959 -2 611 -3 370 -4 613 5 376 6 219 7 675 -8 6 -9 993 10 311
10 1 248 2 12 3 429 -4 524 -5 615 6 308 -7 445 -8 762 9 859 10 526
10 -1 854 2 935 3 442 -4 31 -5 475 -6 954 7 405 -8 570 9 55 -10 154
10 -1 548 -2 348 3 195 -4 123 -5 805 6 766 -7 939 8 927 9 577 -10 203
10 1 269 -2 370 3 8 4 19 -5 786 6 168 7 524 8 628 9 441 10 446
10 -1 997 2 2 3 232 -4 252 5 821 6 63 -7 532 8 240 -9 432 10 955
10 1 891 2 890 3 38 4 997 -5 574 6 828 -7 126 -8 508 9 366 10 571
10 -1 95 2 325 3 329 4 707 -5 136 6 937 -7 309 8 710 -9 337 -10 331
10 -1 810 2 975 3 160 -4 714 5 695 6 379 7 721 8 215 9 248 -10 716
10 1 595 2 646 3 368 -4 685 5 392 -6 394 -7 666 -8 77 -9 259 -10 847
10 1 780 2 445 3 985 4 869 5 904 -6 394 -7 829 -8 668 9 843 10 51
10 1 183 2 584 -3 848 4 877 5 436 6 832 -7 522 -8 582 -9 511 -10 559
10 1 799 -2 602 -3 172 4 545 5 97 -6 875 -7 181 8 374 -9 301 10 341
10 -1 363 2 524 -3 652 4 345 5 360 -6 820 7 695 -8 432 9 465 10 98
10 -1 515 -2 129 3 818 -4 738 5 147 -6 125 -7 844 8 1 9 336 10 59
10 -1 357 -2 440 -3 554 4 913 5 42 6 412 -7 137 -8 300 9 67 10 340
10 1 63 2 933 3 12 4 264 -5 236 -6 589 -7 854 8 362 -9 185 10 493
10 -1 792 -2 723 -3 529 4 958 -5 410 -6 561 7 979 8 486 9 301 10 410
10 -1 383 -2 283 -3 78 -4 268 -5 255 6 777 -7 815 -8 692 9 305 10 141
10 -1 814 2 263 3 906 -4 791 -5 385 -6 710 -7 416 -8 625 -9 463 -10 419
10 1 103 -2 189 -3 662 4 828 5 546 6 153 -7 122 8 504 -9 589 10 517
10 -1 670 2 487 3 869 -4 281 -5 162 -6 145 7 776 -8 269 9 859 10 329
10 -1 932 -2 798 -3 242 4 193 -5 282 -6 114 7 854 -8 500 9 745 -10 401
10 -1 663 2 151 3 606 -4 227 -5 338 6 682 7 319 -8 188 9 910 10 9
10 -1 883 -2 915 -3 838 4 225 5 867 -6 326 -7 437 -8 133 9 374 10 904
10 1 315 -2 11 -3 408 -4 729 -5 622 6 666 -7 992 8 618 -9 237 10 586
10 -1 728 -2 315 -3 762 4 222 -5 15 -6 872 -7 634 -8 799 9 961 10 618
10 -1 961 2 376 3 485 -4 205 -5 132 6 231 -7 245 -8 68 -9 378 -10 717
10 -1 697 2 559 -3 24 -4 583 5 580 6 234 -7 197 8 952 9 389 10 543
10 1 825 2 610 -3 968 4 81 -5 861 6 11 7 601 -8 320 9 843 -10 800
10 -1 90 -2 674 -3 211 4 194 -5 564 -6 831 -7 739 -8 237 9 149 -10 31
10 -1 155 -2 364 3 101 4 637 -5 124 6 327 7 708 -8 712 9 233 10 746
10 1 265 -2 840 -3 901 -4 630 -5 868 -6 973 -7 312 -8 860 9 193 10 447
10 1 654 -2 476 -3 766 -4 756 5 305 -6 109 7 960 -8 174 -9 351 -10 4
10 1 691 2 95 -3 117 4 63 -5 14 -6 528 7 626 8 994 -9 306 10 205
10 -1 37 -2 690 -3 715 4 421 5 577 -6 78 -7 269 8 901 -9 625 -10 21
10 1 561 2 357 3 479 -4 861 5 893 -6 990 -7 300 8 127 9 868 10 120
10 -1 338 2 328 -3 664 -4 881 5 823 6 999 -7 484 8 876 9 989 -10 156
10 1 598 -2 365 -3 539 4 964 5 754 -6 468 7 87 8 890 9 818 10 169
10 -1 319 2 288 -3 923 -4 599 -5 873 6 590 -7 724 8 744 9 437 10 75
10 1 697 2 302 3 592 4 367 5 509 6 57 7 325 8 757 -9 902 10 955
10 1 561 -2 132 3 140 -4 259 -5 747 6 200 -7 185 -8 300 9 652 10 810
10 1 133 -2 721 -3 446 4 541 -5 216 -6 22 7 910 -8 418 -9 311 -10 629
10 -1 533 -2 880 -3 85 4 142 -5 821 6 370 7 418 8 172 9 98 -10 236
10 -1 301 -2 234 3 578 4 578 5 548 -6 552 -7 801 8 445 9 890 10 542
10 1 514 -2 723 3 994 -4 957 5 510 6 832 -7 634 8 143 9 893 -10 801
10 1 415 2 250 -3 139 -4 646 -5 46 -6 212 7 974 -8 868 9 949 -10 963
10 -1 437 2 884 -3 932 -4 214 -5 34 -6 26 7 880 -8 389 -9 300 -10 273
10 -1 816 2 902 3 892 -4 483 -5 92 -6 392 7 835 -8 408 -9 215 10 409
10 1 860 -2 920 3 476 -4 296 5 772 6 599 -7 634 8 796 -9 497 -10 849
10 1 163 -2 699 3 542 -4 203 -5 235 6 652 -7 384 8 292 -9 800 -10 727
10 1 332 2 730 -3 168 4 830 -5 438 6 794 7 531 -8 918 9 734 10 552
10 -1 907 -2 686 3 411 4 156 -5 931 6 377 -7 582 8 342 9 792 10 441
10 1 646 2 262 3 64 4 48 5 543 -6 148 7 718 -8 316 -9 560 10 974
10 -1 361 2 965 -3 854 -4 873 -5 13 6 39 -7 919 8 406 -9 214 -10 770
10 1 517 2 4 -3 836 -4 416 -5 563 6 710 7 555 -8 569 -9 500 10 2
10 1 689 -2 661 3 244 4 49 5 17 6 872 -7 688 -8 395 -9 979 10 902
10 -1 950 -2 414 -3 944 -4 309 5 805 -6 469 7 68 -8 414 9 547 -10 862
10 -1 817 -2 988 3 326 4 873 -5 908 6 164 -7 533 -8 170 -9 497 10 929
10 -1 869 2 312 3 819 -4 121 -5 83 6 728 -7 450 8 133 -9 615 -10 527
10 1 50 2 908 3 271 -4 343 -5 339 6 829 -7 14 8 791 -9 594 -10 653
10 -1 921 2 28 3 123 -4 741 -5 794 -6 113 -7 884 8 746 9 95 -10 864
10 1 269 -2 819 -3 328 4 650 5 522 -6 503 -7 514 -8 731 -9 652 10 945
10 1 581 -2 925 -3 607 4 980 5 149 6 390 7 885 -8 891 -9 673 -10 663
10 1 535 -2 586 -3 230 4 531 -5 741 -6 723 7 805 8 302 9 630 10 233
10 1 10 2 865 3 71 4 814 -5 262 -6 988 -7 611 8 984 9 868 -10 746
10 -1 932 -2 680 -3 371 -4 845 -5 795 -6 193 7 119 8 172 -9 92 -10 376
10 1 290 2 298 3 276 -4 41 -5 602 6 801 -7 78 -8 501 -9 433 -10 5
10 1 525 -2 639 3 515 4 165 5 263 -6 225 -7 180 8 253 9 858 -10 790
10 -1 970 2 918 3 461 -4 56 -5 428 6 701 -7 884 8 633 9 968 10 342
10 -1 546 -2 510 3 943 -4 812 5 269 6 889 7 265 8 485 9 153 -10 679
10 1 386 2 311 -3 498 -4 714 -5 804 6 310 -7 948 -8 344 -9 723 -10 170
10 1 197 2 897 -3 194 4 960 -5 227 6 920 -7 177 8 450 9 945 -10 141
10 1 913 -2 647 3 965 4 531 5 863 6 934 7 379 -8 130 -9 372 -10 621
10 1 774 2 767 3 467 4 486 5 744 6 148 -7 324 -8 651 9 389 10 335
10 1 149 2 679 -3 420 4 140 5 521 6 276 -7 684 -8 259 -9 872 10 206
10 1 51 -2 749 -3 740 4 111 -5 552 6 109 -7 688 -8 677 9 619 -10 397
10 1 894 2 194 -3 252 -4 765 -5 499 -6 168 -7 913 8 127 9 399 10 868
10 -1 556 -2 906 3 515 4 213 5 825 -6 991 -7 904 8 295 -9 343 10 295
10 -1 828 -2 885 3 262 4 204 -5 154 -6 735 -7 206 -8 125 -9 55 -10 275
10 1 829 -2 122 -3 948 -4 646 -5 709 -6 452 -7 948 -8 444 -9 371 10 455
10 -1 966 -2 987 3 649 4 229 -5 725 6 676 -7 445 -8 86 9 126 -10 169
10 1 124 -2 490 3 233 -4 440 5 111 -6 317 7 372 -8 264 9 781 -10 990
10 1 244 -2 342 -3 340 -4 422 5 47 -6 742 -7 759 8 452 -9 868 10 724
10 1 816 -2 668 -3 241 4 989 5 335 6 643 7 930 8 830 9 992 -10 45
10 1 534 2 968 3 899 4 392 5 767 -6 481 7 523 8 882 9 460 -10 497
10 -1 364 -2 492 3 220 4 902 5 977 6 159 -7 762 8 718 9 263 10 788
10 1 80 2 312 3 957 -4 194 -5 779 6 483 -7 199 8 382 -9 461 -10 937
10 -1 101 2 880 -3 250 -4 407 -5 54 6 433 -7 107 8 357 9 85 10 506
10 1 908 -2 432 3 167 4 983 -5 804 6 787 7 478 -8 757 9 679 10 843
10 -1 323 2 485 -3 940 -4 249 5 997 -6 327 7 698 8 313 9 422 10 843
10 1 613 -2 827 -3 887 -4 144 5 580 6 666 -7 606 8 556 9 36 -10 509
10 -1 810 2 62 3 362 -4 476 5 501 -6 369 7 369 8 578 -9 114 -10 512
10 -1 64 -2 948 -3 629 4 224 -5 953 -6 702 7 886 -8 731 -9 368 -10 26
10 1 400 2 858 3 301 4 510 -5 865 6 850 7 414 -8 248 -9 138 10 278
10 -1 178 -2 492 3 270 4 70 5 252 -6 590 -7 358 -8 548 9 465 10 596
10 1 441 2 640 -3 279 -4 50 5 585 -6 589 -7 954 -8 955 9 704 10 671
10 1 201 2 293 -3 119 4 686 5 443 6 587 -7 505 -8 234 9 247 10 697
10 1 91 2 770 3 884 4 522 5 726 6 552 -7 622 8 9 9 6 -10 384
10 -1 989 -2 264 -3 290 4 383 5 560 6 263 7 311 -8 16 -9 883 10 576
10 -1 884 -2 860 -3 129 -4 369 -5 469 6 452 7 994 8 406 9 753 -10 335
10 -1 387 -2 336 3 334 4 47 -5 621 -6 480 -7 911 8 783 -9 645 10 614
10 1 112 2 245 -3 900 -4 23 5 973 -6 38 -7 144 -8 707 -9 916 10 706
10 1 583 2 183 3 283 4 777 -5 746 -6 181 -7 880 8 190 9 866 10 303
10 -1 381 -2 669 -3 721 -4 337 -5 570 6 284 7 456 8 738 9 631 10 890
10 -1 973 -2 302 3 41 4 719 -5 274 -6 239 7 186 -8 385 9 816 10 744
10 1 154 2 840 3 578 4 749 5 446 -6 846 7 887 8 660 -9 920 -10 432
10 -1 494 2 150 3 670 -4 55 -5 640 -6 317 7 936 -8 45 -9 119 10 995
10 1 961 -2 999 -3 274 -4 919 -5 283 6 590 7 663 -8 772 -9 869 10 119
10 1 77 2 470 3 754 4 921 -5 198 6 716 7 202 8 857 9 142 -10 669
10 -1 423 2 812 -3 870 4 462 5 584 6 66 7 927 8 640 -9 653 10 459
10 1 159 -2 540 3 816 -4 462 -5 91 -6 874 7 890 8 681 -9 503 -10 821
10 1 982 -2 722 -3 3 4 7 -5 187 -6 313 -7 734 8 516 -9 147 -10 94
10 1 730 2 531 3 184 -4 489 5 30 -6 102 7 57 8 486 9 503 -10 769
10 -1 453 2 405 -3 618 -4 434 -5 885 -6 254 -7 340 -8 619 9 766 -10 29
10 -1 445 2 591 -3 560 -4 641 -5 291 6 11 -7 153 -8 390 9 389 -10 362
10 1 344 2 198 -3 482 -4 790 5 381 6 516 7 869 -8 894 -9 902 -10 228
10 1 549 2 153 -3 745 -4 158 5 399 6 190 -7 76 -8 357 -9 115 10 717
10 -1 288 2 754 -3 945 -4 737 -5 702 6 712 7 160 -8 286 -9 792 10 13
10 -1 732 -2 353 -3 971 -4 477 5 65 6 196 7 96 -8 783 -9 507 -10 354
10 -1 865 -2 553 -3 764 -4 810 -5 466 6 727 -7 11 -8 53 9 798 -10 870
10 1 147 2 916 3 413 -4 494 5 524 -6 284 -7 486 8 470 9 546 10 649
10 1 405 -2 114 3 170 -4 148 -5 160 -6 137 7 923 8 732 -9 930 10 742
10 -1 50 2 14 -3 295 -4 833 5 6 -6 540 -7 985 8 230 -9 414 -10 712
10 -1 54 2 237 3 188 4 660 5 884 6 947 7 648 8 681 -9 29 -10 932
10 -1 675 -2 983 -3 688 -4 72 5 605 6 182 -7 237 8 676 9 139 10 992
10 -1 830 2 999 -3 356 -4 664 5 887 6 607 7 804 -8 93 9 169 -10 686
10 1 712 -2 234 3 831 4 959 -5 935 -6 493 -7 827 -8 629 9 936 10 75
10 -1 273 -2 117 3 798 4 886 5 227 -6 850 -7 658 8 17 -9 784 -10 382
10 1 457 -2 685 -3 475 -4 924 -5 729 6 381 -7 860 8 551 9 743 10 661
10 -1 187 2 843 -3 694 -4 21 -5 366 -6 405 7 236 -8 51 -9 707 -10 243
10 1 899 2 333 -3 349 -4 867 5 29 -6 916 7 564 -8 159 9 686 -10 225
10 1 575 2 194 3 149 4 110 5 275 6 1 7 160 8 424 9 349 -10 123
10 -1 481 2 198 3 740 4 245 -5 880 -6 122 -7 623 8 583 -9 924 -10 273
10 -1 868 -2 953 -3 59 -4 760 -5 974 -6 177 7 743 8 586 -9 824 10 558
10 -1 784 -2 453 -3 224 4 194 5 897 6 24 -7 215 8 133 -9 966 10 894
10 -1 504 2 813 3 506 4 376 5 744 -6 406 -7 828 -8 670 -9 187 10 538
10 -1 245 2 485 -3 295 4 643 5 756 -6 517 -7 842 -8 65 9 577 10 860
10 -1 162 -2 316 3 803 -4 753 5 835 -6 631 7 308 8 352 9 202 10 929
10 1 738 2 831 -3 902 -4 417 -5 702 -6 34 7 870 -8 517 9 961 -10 632
10 -1 789 -2 443 -3 238 -4 778 -5 73 -6 406 7 791 8 675 9 594 10 359
10 -1 191 -2 552 3 301 4 544 -5 495 6 492 7 390 8 358 9 262 -10 934
10 -1 615 2 290 -3 793 -4 356 -5 55 -6 270 7 523 8 579 -9 648 -10 99
10 1 821 2 182 -3 693 4 879 -5 28 -6 337 7 548 -8 554 9 59 -10 938
10 1 879 2 925 -3 9 -4 212 5 263 -6 64 -7 275 8 400 -9 609 10 303
10 1 540 2 804 -3 948 4 777 5 948 6 653 -7 714 8 830 -9 757 10 30
10 1 691 2 58 3 200 -4 491 -5 23 -6 440 -7 237 -8 326 -9 853 10 396
10 -1 666 -2 237 3 288 -4 775 5 291 6 779 -7 181 -8 519 9 229 10 518
10 1 484 -2 381 3 800 -4 439 5 344 6 74 7 995 8 308 -9 4 10 385
10 1 72 2 823 -3 714 4 960 5 374 -6 348 -7 992 8 974 -9 95 -10 249
10 -1 831 -2 346 -3 404 4 429 -5 753 -6 798 -7 804 -8 338 -9 370 -10 817
10 1 728 -2 341 3 441 4 574 5 299 -6 470 -7 319 -8 539 -9 218 -10 354
10 1 455 -2 716 3 585 -4 89 -5 937 -6 897 7 938 8 220 9 560 10 878
10 1 464 -2 988 3 206 4 551 -5 793 -6 933 -7 566 -8 775 -9 283 10 155
10 1 10 -2 602 3 783 -4 925 5 253 -6 378 -7 800 8 452 -9 510 -10 942
10 1 569 -2 630 -3 398 -4 564 -5 707 6 302 -7 950 -8 622 9 815 10 56
10 -1 636 -2 883 -3 969 -4 383 -5 109 -6 270 7 485 -8 142 9 120 -10 693
10 -1 269 2 986 -3 639 4 290 5 804 -6 826 -7 236 -8 99 -9 87 10 145
10 1 415 2 318 3 683 -4 396 5 707 6 435 -7 656 8 522 -9 249 10 429
10 1 312 2 516 -3 74 -4 377 -5 175 -6 646 -7 511 -8 390 -9 683 10 64
10 -1 5 2 690 3 19 -4 794 -5 493 -6 269 7 447 8 943 -9 715 10 24
10 -1 817 2 473 -3 479 4 561 5 778 -6 247 7 872 8 592 -9 24 10 675
10 1 4 -2 435 -3 687 4 577 -5 896 -6 461 7 898 8 114 -9 182 -10 214
10 1 527 -2 528 3 1 4 652 -5 153 -6 903 7 348 -8 112 9 270 10 973
10 -1 35 2 833 3 632 4 568 5 813 -6 304 -7 891 -8 399 -9 414 -10 986
10 1 13 -2 646 3 454 4 215 -5 478 6 367 7 573 -8 11 -9 343 -10 789
10 -1 563 -2 593 3 173 -4 928 5 281 -6 908 -7 966 -8 975 9 251 -10 460
10 -1 386 -2 803 3 418 4 58 5 957 -6 296 7 493 8 435 9 834 -10 645
10 1 914 -2 808 -3 59 4 902 5 495 -6 398 -7 405 8 675 -9 107 10 768
10 -1 56 -2 954 -3 35 -4 235 -5 399 6 842 -7 889 8 327 9 351 10 816
10 1 340 2 340 3 643 -4 131 5 66 -6 623 -7 831 8 81 -9 896 10 311
10 1 575 2 744 -3 369 -4 896 5 705 6 4 -7 912 8 471 -9 208 -10 55
10 1 616 -2 561 -3 817 4 660 -5 335 6 1000 -7 722 8 932 -9 653 -10 78
10 -1 497 -2 792 3 183 -4 553 5 404 -6 709 7 409 -8 66 9 340 -10 754
10 -1 611 2 405 3 21 -4 210 5 319 6 605 -7 250 -8 966 -9 866 -10 282
10 1 537 2 919 -3 332 -4 460 5 700 6 957 7 705 8 222 9 395 10 575
10 -1 167 2 509 3 430 -4 217 5 972 6 549 7 170 -8 772 -9 894 10 137
10 1 902 -2 338 3 988 -4 702 5 602 -6 334 7 205 8 954 -9 939 10 511
10 1 172 2 469 3 869 4 74 5 437 -6 847 7 279 8 583 9 326 10 90
10 -1 644 2 47 -3 455 4 4 5 958 -6 993 -7 82 8 840 -9 435 -10 531
10 -1 462 -2 368 3 518 4 601 5 323 6 138 -7 547 8 815 9 564 -10 639
10 1 235 2 428 3 452 -4 680 5 518 -6 324 -7 556 -8 790 9 510 10 602
10 1 12 2 16 -3 897 -4 289 5 335 -6 117 -7 299 8 381 -9 461 10 632
10 -1 660 -2 455 3 545 4 770 5 364 6 392 7 227 8 570 9 864 -10 680
10 -1 521 -2 127 -3 954 4 626 5 762 6 143 -7 858 -8 244 -9 568 10 548
10 1 381 -2 909 -3 775 -4 326 -5 332 6 798 -7 770 -8 649 9 778 -10 631
10 -1 146 2 403 -3 111 -4 112 -5 242 -6 590 -7 960 -8 279 -9 826 10 738
10 -1 532 -2 584 3 621 -4 882 5 768 6 327 -7 14 -8 290 9 129 10 834
10 -1 773 -2 161 3 568 -4 193 5 253 -6 141 7 343 8 229 -9 803 -10 129
10 1 954 -2 405 -3 303 -4 912 5 821 6 477 7 357 8 575 -9 664 10 536
10 1 291 2 622 3 960 -4 285 -5 608 -6 997 7 375 -8 631 -9 404 -10 40
10 1 897 -2 88 -3 302 -4 966 5 105 -6 31 7 51 8 338 -9 151 10 604
10 -1 505 -2 68 -3 202 4 394 5 42 -6 615 7 665 -8 801 -9 502 -10 411
10 -1 814 2 489 -3 577 -4 54 -5 969 6 809 7 358 -8 964 9 670 10 877
10 -1 611 -2 693 -3 766 4 112 -5 456 6 890 -7 605 8 15 9 163 -10 941
10 -1 426 -2 210 -3 117 4 982 5 856 6 982 -7 272 -8 306 9 572 10 424
10 -1 300 2 990 -3 907 -4 844 -5 7 -6 976 7 448 -8 904 9 55 10 808
10 -1 86 2 116 3 387 -4 470 -5 52 -6 800 7 302 8 946 -9 473 10 783
10 -1 127 2 523 -3 749 -4 257 -5 760 6 79 7 811 -8 734 -9 308 10 291
10 1 452 -2 164 -3 3 4 973 -5 957 6 78 7 432 8 259 9 979 10 109
10 -1 644 -2 301 -3 311 -4 116 5 654 6 957 7 882 8 527 9 241 10 542
10 -1 427 2 788 3 880 -4 608 5 547 -6 312 7 561 8 112 -9 123 10 161
10 1 989 -2 898 -3 646 4 966 -5 363 6 175 -7 28 8 556 9 697 10 345
10 1 355 -2 467 -3 11 -4 229 -5 346 -6 460 -7 642 -8 126 9 603 -10 730
10 1 427 -2 188 3 923 -4 112 5 475 6 349 -7 499 8 961 -9 510 10 129
10 -1 820 -2 163 3 564 4 910 5 696 6 952 7 75 8 365 9 949 10 432
10 -1 454 -2 479 3 76 -4 523 -5 195 -6 958 -7 254 -8 233 9 116 10 241
10 -1 413 2 159 -3 281 4 263 5 686 6 239 -7 865 8 980 9 316 10 3
10 -1 252 2 715 3 982 4 476 -5 256 -6 94 7 277 -8 30 9 1000 -10 464
10 -1 539 -2 852 3 577 -4 959 -5 338 6 251 -7 166 8 760 -9 703 -10 194
10 1 580 -2 620 3 653 4 739 5 20 -6 371 7 260 -8 100 -9 614 10 173
10 -1 404 2 225 3 107 4 997 5 849 -6 658 -7 154 -8 792 9 537 -10 55
10 -1 690 2 355 3 332 -4 448 5 407 -6 183 -7 841 8 729 9 42 10 920
10 1 890 2 730 3 784 -4 607 -5 179 -6 698 -7 248 -8 912 -9 214 -10 883
10 -1 219 -2 692 3 716 4 765 5 384 -6 739 -7 826 -8 939 -9 308 10 621
10 -1 342 2 358 -3 300 4 589 -5 966 6 634 -7 63 -8 961 9 444 -10 914
10 1 836 -2 778 3 649 4 818 -5 353 -6 282 -7 679 -8 986 -9 783 -10 326
10 -1 356 2 413 3 515 -4 531 5 935 -6 865 -7 283 -8 319 9 99 -10 692
10 1 120 2 184 3 471 4 626 5 607 6 232 -7 536 8 130 9 585 -10 502
10 -1 904 -2 185 3 26 -4 655 5 148 -6 414 7 519 -8 596 -9 461 -10 526
10 -1 343 2 220 3 587 4 647 -5 726 6 889 7 962 8 531 -9 362 -10 771
10 1 229 2 715 3 564 -4 523 -5 840 6 954 7 875 8 441 -9 349 10 903
10 -1 667 2 214 -3 121 4 823 5 834 6 907 -7 501 8 795 9 206 10 914
10 -1 350 -2 251 -3 394 4 97 5 58 6 244 -7 83 8 336 -9 1 10 601
10 1 461 2 317 -3 569 4 312 5 509 6 447 7 622 8 421 -9 343 -10 732
10 1 51 2 657 3 719 4 685 -5 727 -6 724 -7 548 -8 362 -9 650 10 635
10 1 7 2 718 -3 529 -4 818 5 161 6 232 -7 723 8 524 9 49 10 185
10 -1 327 -2 530 3 745 -4 397 -5 971 -6 234 -7 242 -8 149 -9 882 -10 153
10 -1 439 2 776 -3 295 4 137 5 290 -6 512 7 706 -8 804 9 346 -10 859
10 -1 555 -2 490 3 43 4 757 -5 115 6 904 7 83 -8 526 9 878 10 41
10 -1 120 -2 543 3 692 -4 456 5 270 -6 780 -7 974 -8 82 9 396 10 596
10 -1 141 -2 30 -3 497 -4 426 -5 435 6 884 7 208 -8 803 -9 490 10 297
10 1 920 -2 300 -3 577 -4 253 -5 42 -6 290 7 972 8 311 9 621 10 98
10 -1 456 -2 37 3 909 4 94 -5 414 -6 815 7 345 8 200 9 633 10 717
10 1 962 -2 546 3 233 4 693 5 386 6 136 -7 850 -8 387 9 28 -10 362
10 1 154 2 204 3 57 4 834 5 408 6 530 7 577 8 987 9 298 10 216
10 -1 313 -2 46 3 846 -4 92 -5 674 -6 352 7 665 -8 719 9 956 10 304
10 1 626 -2 358 3 637 -4 77 5 223 -6 909 7 492 -8 739 9 282 10 642
10 -1 251 2 955 -3 376 -4 958 5 476 6 452 -7 533 -8 695 9 648 -10 623
10 1 604 -2 19 3 234 -4 592 -5 868 -6 101 7 965 8 388 -9 565 -10 465
10 1 128 -2 75 -3 564 -4 391 5 72 -6 435 7 73 -8 222 -9 992 10 219
10 1 109 2 130 -3 218 -4 141 5 766 6 224 -7 372 -8 239 -9 710 -10 581
10 1 653 2 769 3 937 4 964 -5 629 6 330 7 761 -8 662 -9 156 -10 820
10 1 778 -2 478 3 559 -4 245 5 39 6 201 -7 422 -8 852 9 291 10 612
10 1 743 2 861 -3 584 -4 246 -5 294 6 846 7 937 -8 982 -9 893 10 136
10 1 198 2 922 -3 557 4 611 5 746 6 309 -7 217 8 881 -9 732 -10 965
10 1 301 -2 30 3 554 4 552 -5 172 6 862 7 169 -8 338 -9 834 10 454
10 -1 209 -2 348 -3 656 4 481 5 261 -6 180 7 971 -8 965 9 826 10 5
10 -1 243 -2 314 3 600 4 877 5 409 -6 379 -7 775 -8 584 -9 916 -10 822
10 1 813 -2 837 3 929 -4 822 5 673 -6 375 -7 569 8 377 -9 315 -10 838
10 -1 594 -2 448 3 275 -4 3 -5 126 -6 438 7 18 8 735 9 989 10 872
10 -1 8 2 897 3 860 -4 535 5 928 6 183 7 911 -8 567 -9 107 -10 303
10 -1 229 2 373 -3 342 4 274 5 315 -6 271 -7 723 -8 297 9 93 -10 630
10 -1 137 2 755 3 418 -4 831 5 703 -6 770 7 194 -8 208 -9 123 10 773
10 -1 863 2 906 -3 227 4 396 -5 64 -6 620 -7 724 8 523 9 518 -10 22
10 1 195 -2 478 -3 978 -4 911 -5 684 -6 30 -7 414 -8 389 9 610 10 693
10 1 38 -2 880 3 190 4 470 -5 243 6 845 7 727 -8 670 9 406 -10 432
10 -1 628 -2 2 -3 309 -4 215 5 929 -6 461 -7 767 -8 362 9 840 -10 799
10 -1 335 -2 60 -3 577 4 447 5 395 -6 333 7 283 8 742 -9 44 10 64
10 1 560 -2 869 -3 389 -4 841 -5 844 6 622 7 786 -8 992 -9 795 10 971
10 1 440 -2 310 -3 346 -4 793 -5 359 -6 120 7 469 -8 605 -9 614 -10 112
10 1 812 -2 77 3 303 -4 741 5 803 6 309 7 765 8 520 9 981 10 436
10 1 970 -2 841 3 242 -4 655 -5 587 -6 291 -7 40 -8 992 9 547 -10 59
10 -1 186 2 801 -3 950 -4 871 -5 793 -6 34 7 238 8 725 9 236 10 594
10 -1 872 -2 669 -3 569 4 680 5 44 6 691 -7 439 -8 758 9 838 10 282
10 1 446 2 302 3 392 4 377 5 815 6 402 -7 44 -8 981 9 989 -10 636
10 1 845 -2 987 -3 332 -4 298 -5 740 6 867 7 961 8 666 9 119 10 282
10 1 530 -2 940 -3 87 -4 775 5 67 -6 820 7 476 -8 832 9 801 -10 979
10 -1 914 2 468 -3 678 4 392 5 437 -6 40 7 736 8 596 -9 579 10 156
10 -1 50 -2 962 3 546 4 272 -5 368 6 252 7 600 8 390 -9 827 10 255
10 1 264 2 390 3 381 -4 248 5 217 -6 238 7 741 8 579 9 208 10 510
10 1 715 -2 864 3 22 -4 819 5 270 -6 317 -7 956 -8 606 9 440 10 571
10 1 825 -2 358 -3 794 -4 10 -5 84 -6 652 -7 771 8 810 -9 898 -10 88
10 -1 879 2 978 3 803 4 965 5 709 6 757 7 604 8 902 9 56 10 745
10 -1 703 -2 905 -3 672 4 276 -5 23 -6 552 7 138 8 753 9 499 -10 450
10 -1 56 -2 549 -3 292 -4 420 -5 851 -6 51 7 77 8 18 -9 720 -10 245
10 1 522 -2 41 -3 245 -4 827 5 266 6 964 7 241 -8 371 -9 685 -10 906
10 -1 151 2 175 -3 471 4 129 5 588 6 491 7 9 8 305 -9 559 -10 580
10 1 696 2 1000 3 409 4 553 5 444 6 463 -7 956 -8 711 -9 621 10 625
10 -1 836 2 539 3 970 -4 185 5 773 -6 64 7 940 -8 843 9 182 -10 819
10 -1 999 2 409 -3 90 -4 382 5 240 6 619 7 486 -8 330 9 918 -10 974
10 -1 265 -2 520 3 788 4 591 5 131 6 185 -7 258 8 187 -9 487 -10 930
10 -1 194 2 289 -3 924 4 551 5 980 6 129 7 516 -8 305 9 762 -10 190
10 -1 72 -2 907 -3 508 -4 96 5 131 6 61 -7 174 -8 942 9 915 10 635
10 -1 346 2 33 -3 102 4 522 -5 51 -6 685 -7 645 8 163 -9 100 10 892
10 -1 704 -2 289 3 718 4 436 5 91 -6 933 7 462 8 416 -9 559 -10 997
10 1 652 2 831 -3 21 -4 219 -5 585 -6 293 -7 506 -8 365 9 417 -10 62
10 1 640 -2 332 3 820 -4 357 5 301 -6 305 -7 411 -8 395 -9 443 10 915
10 1 476 2 278 -3 958 -4 390 5 725 6 42 7 801 8 365 9 258 10 589
10 -1 12 -2 238 -3 500 4 997 -5 426 -6 755 7 71 -8 941 9 648 10 402
10 1 946 2 701 -3 763 4 488 -5 729 -6 961 7 895 8 625 9 672 -10 377
10 1 540 -2 201 3 980 4 386 5 578 6 771 7 371 -8 166 -9 153 -10 292
10 1 402 2 817 3 157 -4 520 -5 255 6 273 7 307 8 936 -9 438 10 883
10 -1 798 2 767 -3 59 -4 834 -5 522 -6 174 -7 97 -8 808 9 17 -10 513
10 -1 114 2 668 -3 2 -4 416 -5 537 -6 315 7 284 -8 587 -9 16 10 500
10 -1 696 2 711 -3 704 -4 685 5 275 -6 674 7 534 -8 996 -9 774 -10 232
10 1 172 2 567 -3 795 4 469 -5 491 -6 212 -7 339 8 387 9 570 10 72
10 -1 914 -2 791 -3 277 -4 386 5 795 6 382 7 312 -8 237 -9 24 -10 348
10 1 714 2 976 -3 854 -4 476 -5 319 6 243 7 884 8 754 -9 818 -10 349
10 1 141 -2 56 3 471 -4 74 -5 821 6 35 -7 830 -8 945 -9 127 -10 495
10 -1 79 -2 254 3 389 -4 297 5 872 -6 963 7 568 8 438 -9 318 -10 864
10 -1 705 -2 566 3 524 4 874 5 717 6 721 -7 960 8 737 -9 858 -10 533
10 -1 135 -2 220 -3 240 4 746 -5 57 6 82 7 292 -8 513 9 308 10 673
10 -1 546 2 193 3 958 4 869 -5 846 -6 674 7 462 8 550 9 809 10 712
10 1 68 2 659 -3 322 -4 698 -5 58 6 591 -7 551 8 835 9 73 -10 781
10 -1 255 -2 380 -3 451 -4 991 -5 941 6 376 7 371 8 128 9 297 -10 454
10 1 908 2 437 -3 968 4 283 -5 919 -6 552 7 967 -8 591 -9 880 10 113
10 1 510 -2 333 3 332 -4 637 5 385 -6 533 7 556 8 977 -9 178 10 710
10 -1 834 2 52 3 829 -4 50 -5 542 6 359 7 36 -8 661 9 109 -10 882
10 -1 599 -2 633 -3 143 -4 811 5 452 6 590 7 962 -8 264 -9 441 -10 674
10 -1 800 2 789 3 560 -4 348 5 460 6 364 7 468 -8 690 9 504 10 32
10 -1 732 2 810 3 196 4 667 -5 792 6 759 -7 521 8 186 -9 337 -10 401
10 1 870 -2 278 -3 456 -4 333 5 560 6 730 7 518 -8 467 -9 240 -10 896
10 1 765 2 577 -3 226 -4 555 -5 173 -6 124 -7 693 8 289 9 93 -10 262
10 -1 213 2 708 3 808 -4 971 -5 106 6 640 -7 591 8 399 -9 25 10 334
10 1 763 2 380 3 908 4 671 -5 672 6 590 -7 130 8 913 -9 207 10 737
10 -1 548 2 386 -3 214 -4 531 5 907 6 944 -7 59 -8 661 -9 688 10 489
10 -1 484 2 997 3 701 4 846 5 461 6 642 7 441 8 701 9 753 10 897
10 -1 301 2 850 -3 340 4 570 5 818 -6 522 -7 597 8 962 9 996 -10 510
10 -1 156 -2 414 -3 207 4 779 -5 937 -6 832 7 108 8 240 -9 560 -10 591
10 -1 892 2 110 -3 39 4 527 -5 356 -6 547 -7 197 -8 8 -9 623 10 257
10 -1 612 2 974 3 927 4 672 5 735 6 678 -7 796 -8 476 -9 174 10 69
10 -1 304 2 855 -3 390 -4 874 -5 616 6 872 7 391 8 859 9 809 -10 446
10 1 19 -2 839 -3 420 4 231 -5 317 6 155 7 619 -8 466 9 37 -10 823
10 1 456 2 850 3 452 -4 297 -5 203 6 17 7 422 -8 618 9 347 10 200
10 1 529 2 206 3 65 4 652 5 273 -6 349 7 389 -8 773 -9 737 -10 944
10 -1 329 -2 278 3 397 4 713 5 125 -6 599 7 711 8 997 9 21 10 726
10 1 874 2 916 3 797 4 940 -5 617 -6 350 -7 297 8 724 9 69 10 356
10 -1 427 2 744 -3 793 -4 299 -5 311 -6 522 7 84 -8 826 9 647 10 404
10 1 15 2 6 -3 110 4 208 5 322 -6 569 7 43 -8 270 9 952 -10 695
10 -1 439 2 912 -3 777 -4 534 -5 633 6 301 -7 359 8 991 -9 849 -10 171
10 -1 282 -2 702 3 547 4 255 5 976 6 102 7 76 8 235 9 375 10 836
10 -1 28 2 359 -3 832 4 518 5 765 -6 394 -7 93 8 898 -9 677 -10 127
10 1 76 -2 466 -3 838 -4 110 5 65 -6 21 -7 379 8 174 -9 924 -10 301
10 -1 869 -2 134 3 97 -4 144 5 261 6 621 7 383 8 393 -9 849 -10 993
10 1 786 -2 869 -3 786 4 7 5 694 -6 138 7 987 8 890 9 245 10 202
10 1 498 2 635 -3 414 -4 316 -5 882 6 1000 7 723 -8 557 -9 886 -10 471
10 1 662 2 360 3 329 4 113 5 486 -6 927 -7 54 8 241 -9 732 10 576
10 1 599 2 342 3 886 4 482 5 593 -6 443 -7 913 8 423 9 206 10 251
10 -1 385 2 615 3 559 4 179 5 138 6 127 -7 262 8 947 9 658 -10 108
10 -1 183 2 191 -3 895 -4 157 -5 460 -6 133 -7 328 -8 922 9 560 10 45
10 -1 973 -2 821 3 530 -4 287 5 195 -6 616 -7 85 8 511 9 723 10 674
10 -1 578 -2 916 -3 397 -4 719 5 52 6 845 7 829 8 885 -9 975 10 994
10 -1 578 -2 401 3 287 4 29 -5 981 6 633 -7 398 -8 80 -9 420 10 416
10 -1 594 -2 295 3 132 -4 525 5 238 -6 319 7 658 -8 88 -9 162 -10 604
10 1 916 2 663 -3 394 4 232 5 370 6 509 -7 671 8 525 9 799 -10 201
10 -1 230 -2 783 -3 103 4 455 5 112 -6 727 -7 488 -8 388 -9 992 -10 994
10 1 991 2 798 -3 921 4 433 -5 936 6 661 7 809 8 588 9 989 -10 137
10 1 252 -2 605 3 477 4 610 5 732 6 896 -7 151 -8 973 9 228 -10 24
10 1 963 2 335 3 200 4 736 -5 138 -6 224 -7 264 8 277 9 743 10 791
10 1 408 -2 355 -3 401 -4 564 -5 280 -6 521 7 208 -8 526 9 711 -10 405
10 1 827 -2 946 -3 403 -4 6 -5 697 6 724 7 59 -8 119 -9 846 10 389
10 -1 731 2 439 3 188 -4 613 -5 90 -6 748 -7 865 8 763 -9 910 -10 473
10 -1 324 -2 441 -3 112 -4 891 -5 439 6 966 -7 268 -8 940 -9 79 -10 329
10 -1 238 -2 527 3 982 -4 646 -5 541 -6 260 -7 145 8 827 9 7 10 677
10 1 848 -2 573 -3 938 4 642 -5 327 -6 764 -7 34 -8 698 9 908 -10 851
10 1 360 2 505 -3 222 4 539 -5 13 6 499 -7 408 8 947 9 514 -10 446
10 -1 657 2 251 -3 957 4 669 5 240 -6 461 -7 399 8 760 9 19 10 101
10 -1 231 2 976 -3 456 -4 828 5 568 6 56 -7 264 8 55 9 232 10 193
10 -1 165 2 80 -3 26 -4 168 5 454 -6 429 7 287 -8 434 9 545 -10 242
10 -1 630 -2 955 3 392 -4 280 -5 923 6 692 -7 63 -8 598 -9 390 10 710
10 1 580 -2 281 -3 98 -4 382 -5 691 -6 797 7 371 8 36 9 409 10 845
10 -1 952 2 911 3 782 4 81 -5 15 -6 25 -7 757 -8 20 -9 634 -10 770
10 -1 595 -2 812 3 677 -4 68 -5 560 6 874 7 790 8 964 -9 805 -10 868
10 -1 35 -2 7 3 805 4 766 5 589 -6 538 -7 779 -8 45 -9 936 -10 972
10 -1 935 2 988 -3 192 4 640 5 904 -6 660 7 749 -8 775 9 620 -10 249
10 1 227 2 321 -3 709 -4 257 -5 605 6 944 7 494 8 905 -9 973 -10 771
10 1 828 2 126 -3 482 4 569 5 612 -6 98 -7 174 8 518 9 861 -10 337
10 -1 506 -2 481 -3 777 -4 230 -5 360 -6 521 -7 704 8 719 9 767 -10 403
10 1 256 2 113 -3 894 4 921 5 361 6 91 7 976 -8 172 9 721 -10 364
10 1 92 2 837 3 725 4 794 5 735 6 776 7 679 -8 112 -9 741 -10 523
10 1 403 2 973 3 118 -4 31 -5 705 -6 121 7 793 -8 133 9 683 10 396
10 -1 993 -2 2 -3 323 -4 107 -5 528 6 653 7 442 8 270 9 346 10 919
10 -1 809 -2 373 -3 563 -4 433 -5 371 6 576 7 767 8 179 9 760 -10 621
10 1 700 2 872 3 226 4 104 5 956 -6 22 7 906 -8 751 9 162 -10 372
10 1 295 -2 881 -3 407 -4 26 5 603 -6 326 -7 141 -8 44 9 463 -10 201
10 -1 603 -2 972 3 309 4 540 -5 908 6 177 7 920 -8 218 9 965 -10 183
10 -1 918 2 817 3 1 4 490 5 591 -6 752 -7 519 8 424 -9 333 -10 677
10 1 673 2 424 -3 316 4 687 -5 148 6 279 -7 709 8 977 9 472 10 349
10 1 673 -2 789 -3 706 -4 746 -5 36 6 974 7 139 -8 232 -9 149 10 72
10 1 986 2 511 3 463 4 285 -5 515 6 498 -7 276 8 640 9 147 -10 875
10 -1 568 -2 930 -3 281 -4 554 5 658 6 231 -7 710 -8 271 -9 495 -10 511
10 1 852 -2 636 3 923 4 704 -5 373 -6 992 7 768 8 71 -9 769 -10 75
10 -1 477 2 655 3 92 4 70 5 178 6 227 -7 894 8 786 9 546 10 24
10 1 56 -2 560 3 708 -4 922 -5 751 6 441 7 856 -8 851 9 386 10 761
10 1 916 2 594 -3 371 -4 126 5 706 6 284 7 222 8 284 9 834 10 210
10 -1 271 2 362 -3 577 4 98 5 609 -6 953 7 412 -8 323 -9 489 10 124
10 -1 886 -2 741 -3 808 4 539 5 872 -6 215 -7 311 8 771 9 192 10 180
10 1 710 2 650 -3 788 4 640 -5 190 -6 315 7 65 -8 432 -9 136 10 35
10 -1 632 2 939 -3 187 4 476 -5 794 -6 146 7 472 8 271 -9 850 -10 342
10 1 666 2 749 -3 487 4 505 5 434 6 672 7 130 -8 707 9 735 10 703
10 -1 911 -2 15 -3 78 -4 416 -5 698 6 170 -7 401 -8 516 9 754 -10 23
10 1 663 -2 815 -3 248 -4 894 -5 919 6 124 7 607 8 820 9 29 -10 388
10 -1 914 2 796 -3 11 -4 15 5 647 -6 354 7 751 8 240 9 44 10 462
10 -1 245 2 920 3 477 -4 884 -5 901 -6 18 7 430 8 94 -9 998 10 655
10 -1 263 -2 495 3 398 -4 766 -5 141 6 425 7 103 8 811 -9 21 -10 904
10 1 676 -2 736 -3 842 -4 899 5 356 -6 414 -7 328 8 255 9 840 10 21
10 1 768 2 721 -3 443 -4 261 5 189 6 514 7 3 8 7 -9 761 10 471
10 1 209 -2 477 -3 791 4 503 -5 19 6 888 -7 673 8 413 -9 528 -10 419
10 -1 318 2 997 3 61 -4 415 -5 94 -6 434 -7 80 -8 961 -9 165 10 829
10 -1 615 2 598 3 914 4 869 5 229 -6 13 7 653 8 998 -9 598 10 18
10 1 968 2 80 -3 665 -4 880 5 446 6 414 -7 403 8 825 9 630 10 162
10 1 734 2 327 -3 628 -4 186 -5 992 6 31 -7 188 -8 731 9 158 -10 984
10 -1 166 2 791 -3 252 -4 211 5 369 6 806 -7 381 -8 746 9 592 -10 18
10 -1 339 2 239 3 147 4 92 5 985 -6 180 7 180 -8 683 -9 954 10 455
10 -1 44 2 827 -3 587 4 75 -5 909 6 140 -7 870 8 367 -9 122 10 819
10 -1 103 2 213 3 271 -4 941 5 290 6 828 -7 424 -8 541 9 252 10 550
10 -1 381 -2 68 -3 491 -4 386 -5 142 -6 737 -7 453 -8 352 -9 203 -10 975
10 1 376 2 974 -3 355 -4 926 -5 568 -6 122 7 356 -8 341 9 847 -10 464
10 -1 863 2 37 3 763 -4 620 -5 817 -6 543 -7 358 8 926 9 129 10 430
10 -1 298 2 355 -3 701 4 155 5 889 6 835 7 444 8 20 -9 100 -10 726
10 -1 622 -2 954 3 166 4 234 -5 816 6 100 -7 456 8 480 9 343 10 521
10 1 461 -2 719 3 238 -4 83 5 380 6 109 7 973 8 877 -9 445 10 497
10 -1 735 -2 470 -3 418 4 78 -5 507 -6 108 7 85 8 823 9 62 -10 517
10 1 337 2 976 -3 515 -4 843 5 237 6 15 7 60 8 620 -9 374 10 657
10 1 620 2 682 3 889 4 6 -5 850 -6 628 7 303 -8 783 9 515 -10 516
10 -1 903 -2 953 -3 667 4 236 -5 997 6 507 7 268 -8 660 -9 44 -10 311
10 -1 897 2 991 3 743 4 963 -5 7 -6 416 7 516 -8 328 9 249 -10 988
10 1 700 2 227 -3 441 -4 762 5 686 -6 874 7 639 -8 908 9 432 -10 811
10 1 395 2 749 -3 518 4 188 -5 884 -6 139 7 483 8 756 -9 829 10 451
10 -1 899 2 561 3 362 4 249 -5 159 -6 315 -7 956 -8 846 -9 2 -10 417
10 -1 270 2 55 3 20 4 3 5 995 -6 57 7 847 8 3 9 408 10 597
10 -1 200 2 369 -3 337 4 893 5 943 6 859 -7 230 8 893 9 359 -10 230
10 -1 436 2 709 -3 518 -4 595 -5 91 -6 288 7 752 8 884 9 620 -10 175
10 1 942 2 4 -3 949 -4 713 5 3 6 907 7 673 8 27 9 264 10 131
10 1 537 2 34 -3 380 4 622 -5 506 6 849 -7 199 -8 357 -9 380 10 824
10 -1 104 2 228 -3 885 4 739 -5 264 -6 810 -7 712 -8 603 -9 245 -10 214
10 -1 514 2 960 3 635 -4 198 5 999 6 510 7 686 8 840 9 377 10 325
10 1 498 2 697 -3 260 4 388 -5 15 -6 301 7 756 8 576 -9 278 -10 649
10 -1 646 2 584 3 276 4 230 5 752 6 371 -7 473 8 5 -9 796 -10 717
10 1 410 -2 328 -3 501 -4 717 5 134 -6 638 -7 573 -8 547 -9 807 10 748
10 -1 162 2 74 -3 676 -4 536 -5 655 6 186 7 234 -8 201 -9 72 10 527
10 -1 39 -2 972 3 308 4 237 -5 420 6 27 -7 686 -8 413 -9 23 -10 603
10 -1 655 2 862 -3 395 -4 967 5 394 -6 944 7 41 8 713 -9 664 -10 674
10 -1 532 -2 620 -3 168 -4 595 -5 734 6 543 7 825 8 377 -9 807 10 569
10 1 624 2 100 3 36 -4 777 5 910 6 598 -7 500 8 82 -9 434 10 798
10 -1 969 -2 290 3 30 -4 878 5 628 -6 707 -7 12 -8 602 -9 410 -10 343
10 1 831 -2 404 3 762 4 405 -5 458 -6 904 7 122 -8 996 -9 794 -10 108
10 1 529 -2 266 -3 621 -4 264 -5 236 -6 691 -7 949 -8 405 9 51 10 630
10 -1 575 2 448 3 834 4 858 5 657 6 357 -7 863 8 529 -9 87 10 10
10 -1 926 -2 472 3 687 4 787 -5 234 -6 249 -7 814 8 536 -9 400 10 661
10 -1 42 2 750 3 947 4 317 -5 884 6 97 7 762 8 884 9 13 10 709
10 -1 584 2 219 3 585 -4 176 5 821 -6 425 7 666 8 221 -9 934 -10 78
10 1 871 2 159 3 801 -4 425 5 94 -6 321 -7 32 8 728 9 546 -10 553
10 1 457 -2 400 -3 974 -4 637 -5 209 6 825 7 290 -8 593 9 532 -10 632
10 1 108 -2 282 -3 337 4 1 -5 887 -6 879 -7 772 8 34 9 526 -10 897
10 1 910 -2 903 3 214 -4 132 -5 515 -6 164 7 292 8 409 9 53 10 151
10 1 696 -2 917 3 42 -4 957 5 754 6 553 -7 875 -8 642 -9 323 -10 89
10 1 312 -2 439 -3 778 -4 458 5 265 6 548 -7 978 -8 762 -9 830 10 824
10 -1 361 2 502 3 813 -4 96 5 619 -6 929 7 208 -8 664 9 443 -10 916
10 -1 438 -2 826 -3 786 4 242 -5 22 6 237 -7 922 8 456 9 803 10 222
10 -1 346 2 553 -3 432 4 391 5 306 6 465 -7 133 8 55 -9 861 -10 445
10 1 380 -2 557 -3 158 4 339 5 979 -6 884 -7 421 8 927 9 335 10 295
10 -1 577 -2 408 -3 842 4 733 -5 614 -6 173 -7 787 -8 210 9 20 -10 520
10 -1 288 -2 900 -3 155 -4 189 5 405 -6 212 -7 62 8 251 -9 311 -10 643
10 1 771 2 918 -3 80 4 961 5 48 -6 470 7 795 -8 2 9 110 10 381
10 -1 406 -2 663 3 444 -4 718 -5 663 -6 868 -7 818 -8 95 9 855 -10 133
10 -1 528 2 298 -3 196 -4 392 -5 448 6 135 -7 987 8 900 -9 902 10 84
10 1 453 -2 48 3 239 -4 188 5 405 -6 528 7 509 -8 694 9 371 -10 545
10 -1 536 -2 291 3 837 -4 211 -5 535 6 545 -7 222 -8 60 9 572 10 47
10 -1 794 2 76 3 189 4 612 5 451 6 355 -7 16 8 744 9 520 10 914
10 -1 784 -2 991 -3 145 4 496 -5 383 -6 923 -7 600 8 239 -9 208 10 799
10 -1 747 -2 95 -3 199 4 894 5 535 -6 18 7 998 8 421 9 176 10 914
10 1 828 2 430 -3 66 4 802 5 220 6 642 -7 733 8 636 9 339 -10 83
10 1 32 2 674 -3 968 -4 700 -5 312 -6 205 7 754 8 481 9 351 -10 832
10 -1 6 2 75 3 250 -4 89 -5 48 -6 409 7 302 -8 223 9 295 10 909
10 1 401 -2 303 -3 463 -4 175 5 344 6 572 -7 113 8 724 -9 842 10 405
10 -1 20 -2 145 -3 256 4 848 5 631 -6 846 7 93 8 834 -9 752 -10 585
10 -1 110 2 214 3 320 -4 279 -5 215 -6 603 7 238 8 591 9 85 -10 504
10 1 187 -2 229 3 89 4 798 -5 690 -6 427 -7 5 8 653 -9 760 10 200
10 -1 406 2 477 -3 818 4 850 5 496 -6 166 -7 762 8 133 -9 617 -10 130
10 -1 571 2 161 3 333 -4 196 -5 428 -6 273 7 106 -8 196 9 970 -10 120
10 -1 907 2 376 -3 581 -4 886 5 772 6 374 -7 458 -8 765 -9 624 -10 206
10 -1 964 -2 365 -3 420 4 140 -5 718 -6 84 -7 852 -8 475 9 687 -10 243
10 -1 76 -2 385 3 663 -4 342 -5 966 -6 320 -7 550 8 472 -9 940 10 914
10 -1 228 2 800 -3 9 4 159 -5 252 6 542 -7 633 8 254 9 133 -10 504
10 1 49 -2 711 -3 453 4 740 -5 527 -6 806 -7 62 -8 945 9 567 -10 445
10 -1 988 -2 831 -3 825 4 903 5 1000 6 803 7 998 8 298 -9 361 10 411
10 -1 112 2 8 3 785 -4 280 -5 554 -6 237 -7 354 -8 270 -9 989 10 290
10 -1 723 -2 758 3 555 4 112 5 215 6 348 -7 455 8 957 -9 925 -10 839
10 1 159 -2 719 3 98 -4 209 5 872 6 511 -7 635 8 31 9 909 10 484
10 -1 556 2 979 3 19 4 172 -5 246 6 530 7 214 -8 739 9 185 10 828
10 -1 682 2 268 3 822 4 244 5 675 6 842 -7 463 8 592 -9 855 -10 516
10 -1 876 -2 395 3 284 4 880 5 982 -6 90 7 945 8 461 9 262 10 654
10 1 273 2 352 -3 148 -4 245 -5 789 -6 322 -7 136 8 740 9 270 10 605
10 1 450 -2 583 -3 2 4 894 5 814 6 207 7 53 8 64 -9 63 -10 781
10 1 876 -2 11 -3 282 -4 667 -5 62 -6 512 -7 69 8 331 -9 649 10 159
10 1 409 -2 401 -3 809 -4 555 5 832 -6 37 7 124 -8 172 -9 849 -10 369
10 -1 509 2 7 3 576 -4 105 5 206 -6 341 -7 743 8 188 9 896 10 479
10 -1 648 2 33 -3 155 4 280 -5 352 6 126 -7 464 8 598 9 324 -10 576
10 -1 635 -2 781 -3 719 4 83 -5 469 -6 574 7 560 8 288 9 810 10 853
10 1 872 -2 974 3 312 -4 118 5 993 6 43 -7 874 8 439 9 635 10 382
10 1 979 -2 256 3 148 4 895 5 13 6 526 7 559 -8 249 -9 81 -10 170
10 1 742 2 367 3 810 4 670 -5 392 6 560 7 153 8 508 -9 235 -10 418
10 -1 645 -2 721 3 883 -4 328 -5 601 -6 211 -7 617 8 511 -9 700 10 471
10 1 415 -2 474 3 374 -4 884 5 269 -6 17 7 578 -8 75 -9 963 -10 72
10 -1 996 2 112 -3 889 -4 568 -5 647 6 689 -7 539 8 795 9 367 10 105
10 -1 782 -2 579 -3 538 4 806 -5 602 -6 561 -7 219 -8 969 9 705 -10 811
10 -1 841 -2 164 3 82 -4 18 5 262 -6 273 7 535 8 550 -9 269 10 580
10 -1 198 -2 688 3 675 4 500 -5 342 -6 629 -7 633 8 321 9 571 10 66
10 -1 360 -2 246 -3 73 4 986 5 73 -6 965 -7 665 -8 546 9 479 10 861
10 -1 427 -2 437 3 55 4 574 -5 692 -6 888 -7 150 -8 475 9 684 -10 874
10 1 773 -2 325 -3 268 4 690 -5 451 -6 218 -7 481 -8 46 -9 858 -10 762
10 -1 3 -2 180 3 677 -4 895 -5 323 -6 251 -7 173 8 861 9 105 -10 372
10 1 581 -2 770 3 985 4 635 -5 22 6 999 -7 646 8 359 -9 233 -10 201
10 -1 917 -2 773 -3 420 -4 689 5 798 6 42 -7 725 -8 672 -9 85 10 365
10 -1 863 -2 102 -3 47 4 765 5 798 -6 967 7 230 8 289 -9 609 -10 349
10 -1 127 2 395 -3 166 -4 528 -5 450 6 969 7 810 -8 309 -9 250 10 657
10 1 53 2 325 3 368 -4 618 -5 924 -6 227 -7 957 -8 626 -9 488 10 573
10 -1 13 2 714 3 923 4 453 5 168 6 149 7 946 8 769 -9 649 -10 276
10 -1 55 -2 322 3 173 4 504 -5 331 -6 410 7 32 -8 135 9 51 10 348
10 1 185 2 732 -3 531 -4 136 -5 889 -6 903 7 492 -8 589 9 397 -10 889
10 -1 98 2 292 3 740 4 942 5 827 -6 64 -7 382 -8 65 -9 702 10 675
10 1 266 2 447 -3 818 -4 641 5 57 -6 240 -7 41 -8 392 -9 17 10 911
10 -1 892 2 965 3 506 4 143 -5 327 6 433 -7 567 -8 355 9 748 -10 998
10 -1 556 -2 326 3 282 -4 886 -5 503 -6 274 7 332 8 31 -9 726 10 80
10 1 674 2 872 3 76 4 205 5 468 -6 895 -7 652 -8 183 9 721 10 180
10 1 200 2 591 3 782 4 503 5 661 -6 899 -7 193 8 542 -9 242 -10 764
10 -1 378 2 383 -3 35 4 666 -5 348 6 149 7 414 -8 874 -9 371 10 545
10 1 654 2 81 -3 996 -4 691 -5 300 6 649 7 788 8 429 9 551 -10 540
10 -1 804 2 118 3 688 -4 92 5 761 6 776 7 329 -8 457 9 647 10 300
10 1 809 -2 691 3 810 -4 409 -5 780 -6 794 -7 948 8 213 -9 471 10 281
10 -1 743 -2 30 -3 22 4 595 5 408 -6 549 -7 136 8 223 9 83 10 808
10 -1 545 2 804 3 578 -4 366 5 856 6 40 7 410 -8 749 9 867 -10 664
10 1 969 2 396 -3 375 -4 575 -5 520 6 614 7 337 -8 43 -9 379 10 714
10 1 223 -2 841 3 896 -4 451 5 53 6 38 -7 325 -8 211 9 979 -10 549
10 -1 302 -2 143 3 890 -4 975 -5 292 -6 928 7 407 8 275 -9 583 -10 325
10 1 59 -2 646 3 938 -4 792 -5 496 6 564 7 585 8 871 -9 941 -10 384
10 -1 638 -2 578 -3 352 -4 268 5 242 -6 457 7 412 -8 597 9 319 -10 959
10 1 38 -2 49 -3 660 -4 715 5 282 -6 528 7 588 8 241 9 420 10 362
10 -1 90 -2 157 3 658 4 359 5 630 6 245 7 691 8 592 -9 334 10 312
10 1 619 2 63 -3 687 4 192 5 88 -6 211 -7 885 -8 539 9 189 -10 571
10 -1 15 -2 704 3 192 -4 48 -5 437 6 238 7 34 -8 89 -9 841 10 601
10 -1 811 -2 968 -3 694 -4 44 5 772 6 81 -7 321 -8 886 -9 699 -10 536
10 -1 701 -2 956 -3 129 -4 208 -5 809 6 27 7 286 -8 771 -9 631 10 671
10 1 303 -2 213 3 986 -4 559 5 811 6 814 7 626 8 545 -9 655 -10 315
10 -1 693 -2 280 -3 555 4 537 -5 359 6 94 -7 869 -8 36 -9 68 10 902
10 -1 955 2 602 3 699 -4 560 -5 609 6 927 7 251 8 183 9 141 -10 301
10 -1 925 -2 456 -3 335 4 273 5 201 -6 193 -7 561 8 83 9 655 10 178
10 -1 574 -2 805 3 159 4 762 -5 9 -6 185 7 995 -8 958 -9 916 10 570
10 -1 490 2 415 -3 959 -4 855 -5 659 -6 551 7 495 -8 83 -9 155 10 205
10 1 530 -2 141 3 268 -4 985 5 906 6 559 -7 194 8 95 9 24 -10 550
10 -1 967 2 190 -3 195 -4 649 -5 621 6 149 7 1000 8 258 9 333 -10 191
10 1 332 -2 864 -3 753 -4 305 5 174 6 283 7 861 -8 161 9 288 -10 910
10 -1 41 2 571 -3 109 4 717 -5 248 6 148 -7 613 -8 376 9 770 10 579
10 1 189 2 553 -3 634 -4 29 -5 200 6 708 -7 393 -8 695 -9 806 10 652
10 1 749 -2 322 -3 824 -4 883 5 869 6 906 7 794 -8 230 9 983 -10 631
10 -1 317 -2 563 -3 692 4 851 -5 941 -6 318 -7 728 -8 542 9 567 10 954
10 -1 975 2 389 -3 150 4 828 -5 168 -6 280 -7 483 8 311 9 466 10 509
10 1 311 -2 216 3 633 4 940 5 848 6 859 7 965 8 247 9 610 10 840
10 1 111 2 96 -3 295 -4 296 5 739 -6 543 7 497 -8 587 -9 986 -10 311
10 -1 681 -2 296 3 233 -4 542 5 980 6 502 7 533 8 89 -9 991 -10 473
10 1 863 2 198 -3 141 -4 212 5 838 -6 901 7 417 8 37 9 744 10 351
10 1 957 -2 53 -3 653 4 762 -5 764 6 895 7 432 8 275 9 793 -10 663
10 1 587 -2 398 3 166 4 679 5 60 -6 156 -7 385 8 743 -9 735 -10 446
10 -1 709 2 44 -3 514 -4 110 5 754 -6 263 -7 66 8 974 -9 948 -10 12
10 -1 619 2 267 3 759 -4 122 -5 49 -6 905 -7 791 -8 161 9 843 10 358
10 -1 577 -2 257 3 942 4 60 -5 440 6 696 -7 795 -8 398 9 6 10 707
10 1 922 -2 562 -3 662 4 219 5 270 6 305 -7 310 8 563 9 101 10 453
10 -1 133 2 904 3 150 -4 234 -5 557 -6 298 -7 994 8 883 -9 395 10 402
10 1 772 2 759 3 992 -4 526 5 701 6 73 7 408 8 140 9 534 10 159
10 1 576 2 108 3 646 -4 774 5 208 6 362 7 257 8 731 9 110 10 689
10 -1 384 2 982 -3 761 -4 908 -5 9 6 737 -7 729 -8 554 9 941 -10 561
10 -1 914 2 817 3 332 -4 253 5 640 6 465 -7 91 8 776 -9 274 -10 396
10 -1 81 -2 287 3 90 4 62 5 216 -6 634 7 234 8 380 -9 648 10 574
10 1 555 -2 59 -3 190 -4 912 -5 896 6 123 7 52 -8 961 -9 501 -10 574
10 -1 153 -2 399 -3 889 4 882 5 269 -6 250 7 309 -8 376 9 347 10 213
10 -1 710 2 584 3 311 -4 532 -5 866 -6 923 -7 309 8 727 9 295 -10 106
10 -1 200 -2 405 -3 984 -4 156 -5 226 -6 958 7 544 8 101 -9 929 10 550
10 -1 969 -2 90 -3 906 -4 832 -5 481 6 841 7 594 8 650 -9 354 10 594
10 1 60 2 13 -3 980 -4 751 5 401 -6 127 -7 698 -8 788 -9 389 10 965
10 1 471 -2 330 -3 506 4 634 5 943 -6 489 -7 928 8 82 -9 157 10 118
10 1 566 -2 940 3 573 -4 246 5 53 6 236 7 296 -8 941 9 227 10 360
10 1 691 -2 26 3 884 4 259 -5 82 -6 460 7 691 8 293 -9 540 10 766
10 1 581 2 489 3 814 4 480 5 873 6 460 7 998 8 950 9 965 10 218
10 -1 372 2 30 -3 258 -4 403 5 470 -6 809 7 709 -8 409 9 380 -10 137
10 1 918 2 593 3 37 -4 395 -5 18 6 787 -7 319 8 247 9 217 -10 773
10 1 926 -2 645 3 512 4 156 -5 990 6 242 7 150 -8 613 -9 614 -10 137
10 1 209 -2 742 3 297 -4 469 5 934 -6 531 7 83 8 369 9 354 10 776
10 1 642 2 53 -3 426 -4 524 -5 272 6 804 7 921 8 650 9 322 -10 461
10 1 489 -2 643 -3 414 -4 640 -5 438 6 833 7 665 8 359 -9 163 10 684
10 1 516 2 942 -3 909 -4 327 5 377 6 84 -7 654 8 791 9 594 10 875
10 -1 573 -2 39 3 155 -4 348 -5 351 -6 419 7 423 8 700 -9 12 -10 648
10 1 552 -2 323 3 636 4 133 -5 608 -6 89 -7 919 -8 615 -9 207 -10 375
10 -1 120 -2 734 -3 761 -4 362 5 440 -6 833 -7 893 -8 581 -9 501 10 145
10 1 520 2 524 -3 390 -4 650 -5 775 -6 306 -7 10 8 315 9 161 -10 488
10 -1 500 -2 193 -3 620 4 898 5 844 -6 470 7 185 -8 780 9 39 -10 752
10 1 405 2 758 -3 101 -4 224 5 932 6 158 -7 879 8 563 9 829 -10 276
10 1 731 -2 962 3 960 -4 399 -5 558 -6 533 -7 893 8 159 -9 887 10 576
10 -1 801 -2 596 3 936 -4 187 5 484 -6 881 7 571 8 593 -9 898 10 779
10 1 704 2 668 -3 980 -4 219 5 19 6 579 -7 826 -8 994 -9 452 10 465
10 1 67 -2 396 3 634 -4 469 -5 728 -6 590 -7 667 8 596 -9 422 10 481
10 1 143 2 406 -3 132 -4 194 -5 418 6 545 -7 528 8 201 9 402 -10 935
10 -1 900 2 214 -3 232 -4 698 -5 711 -6 115 7 88 8 403 9 979 10 572
10 -1 822 -2 851 -3 533 4 435 -5 258 6 587 -7 94 8 220 -9 772 10 18
10 1 39 -2 747 -3 688 -4 999 5 413 -6 730 7 302 -8 702 9 39 -10 970
10 -1 995 2 920 -3 915 -4 256 -5 681 6 241 -7 788 8 594 9 335 -10 624
10 -1 106 -2 248 3 808 -4 336 -5 569 -6 9 7 534 -8 654 -9 875 -10 225
10 -1 930 2 70 -3 454 -4 116 -5 461 -6 836 7 190 8 804 -9 656 -10 461
10 1 837 2 921 3 767 -4 702 -5 728 -6 702 -7 901 8 929 9 941 10 107
10 -1 872 2 341 -3 554 -4 176 -5 624 -6 833 -7 824 -8 935 9 50 10 230
10 -1 728 -2 152 3 80 -4 213 5 617 6 883 -7 338 8 583 9 301 -10 438
10 -1 286 -2 387 -3 802 4 494 5 907 -6 849 7 146 8 753 -9 439 10 651
10 -1 355 2 9 -3 327 4 415 5 888 6 140 -7 969 -8 146 -9 897 10 318
10 1 361 2 918 -3 419 4 490 5 306 -6 887 -7 168 -8 641 9 509 10 220
10 1 78 -2 263 3 483 4 917 -5 678 6 79 -7 517 -8 250 -9 285 10 297
10 1 132 2 977 -3 679 4 920 -5 15 -6 571 7 4 8 633 -9 649 10 489
10 1 503 -2 879 -3 570 4 425 5 447 -6 968 -7 640 -8 922 -9 363 -10 786
10 -1 806 -2 855 3 995 -4 309 -5 552 -6 899 7 612 -8 293 -9 208 -10 812
10 1 215 2 384 -3 525 4 844 5 947 -6 953 -7 641 -8 728 9 809 -10 458
10 1 242 -2 160 3 741 4 797 -5 684 -6 246 -7 899 8 122 -9 881 10 847
10 -1 394 -2 435 3 688 -4 84 5 863 6 182 7 568 -8 576 9 113 10 105
10 -1 687 -2 473 3 793 -4 487 5 795 -6 627 7 41 8 304 9 982 -10 857
10 1 591 -2 483 -3 713 4 593 5 680 6 371 -7 789 8 718 -9 400 10 811
10 -1 160 -2 714 -3 398 -4 949 -5 544 -6 400 -7 923 -8 468 -9 862 10 702
10 -1 286 -2 876 3 892 4 858 -5 907 6 71 -7 285 8 127 -9 780 10 474
10 -1 820 -2 412 3 790 4 160 -5 802 -6 64 7 870 8 54 9 824 10 423
10 1 402 -2 541 -3 383 -4 358 5 527 6 840 -7 490 -8 965 -9 582 -10 856
10 1 161 2 630 3 603 -4 558 -5 915 -6 310 7 888 8 393 -9 206 -10 711
10 1 911 -2 335 3 602 -4 994 5 686 -6 168 -7 327 8 501 9 438 10 826
10 1 716 -2 404 -3 934 -4 339 5 499 6 36 -7 523 8 873 9 116 10 652
10 1 910 -2 802 -3 706 4 63 5 165 6 756 -7 440 8 151 9 879 -10 587
10 1 459 -2 561 -3 194 -4 333 -5 219 6 900 -7 764 8 628 -9 766 10 727
10 -1 877 -2 902 -3 380 4 22 -5 218 6 21 7 637 8 912 9 551 10 462
10 1 457 2 764 -3 468 -4 735 -5 266 -6 257 7 592 -8 434 9 210 10 318
10 1 310 2 812 -3 652 -4 365 5 79 -6 282 -7 135 8 964 -9 880 -10 564
10 1 739 2 902 3 498 -4 848 5 843 6 78 -7 628 -8 220 -9 859 -10 334
10 -1 148 -2 114 3 898 -4 284 -5 144 6 959 7 811 8 648 9 965 -10 510
10 -1 507 2 2 3 609 -4 674 -5 256 6 471 -7 8 8 786 -9 919 -10 581
10 1 232 -2 736 -3 692 -4 102 -5 506 6 889 -7 951 8 114 -9 246 -10 291
10 1 159 2 271 -3 144 4 877 -5 123 -6 834 7 28 -8 273 -9 676 -10 58
10 1 961 -2 501 -3 534 -4 999 -5 696 -6 143 7 360 8 589 9 444 -10 726
10 1 444 2 445 3 512 -4 820 -5 949 6 792 -7 827 -8 398 -9 592 -10 219
10 -1 294 -2 290 3 963 4 30 5 868 -6 832 7 265 8 390 -9 542 10 400
10 1 273 -2 847 -3 324 4 40 5 383 6 363 7 414 8 332 -9 472 10 829
10 1 974 -2 235 -3 974 4 631 -5 917 -6 457 7 36 -8 965 -9 602 10 723
10 -1 690 2 735 3 667 -4 40 -5 298 -6 848 -7 5 -8 687 9 284 10 908
10 1 364 -2 155 3 269 -4 580 -5 532 6 448 7 496 8 329 -9 702 10 854
10 1 370 -2 218 -3 816 4 503 -5 836 6 774 -7 971 8 892 -9 724 10 470
10 1 314 -2 481 3 166 4 939 5 663 -6 866 -7 595 8 706 9 782 10 494
10 1 733 2 119 -3 148 -4 160 -5 458 -6 591 -7 470 -8 417 9 1000 -10 649
10 -1 784 2 184 3 280 -4 566 -5 473 6 481 7 318 8 34 -9 464 10 356
10 -1 177 2 729 -3 295 4 173 -5 211 -6 267 7 762 -8 485 9 719 10 699
10 1 662 2 610 -3 51 4 200 5 141 -6 793 7 578 8 464 -9 274 -10 368
10 1 743 -2 332 -3 918 -4 771 5 676 -6 526 7 702 -8 532 9 387 -10 12
10 -1 992 2 763 3 222 4 412 -5 909 -6 483 -7 426 -8 42 9 127 -10 45
10 1 165 2 743 3 386 -4 464 -5 498 -6 746 7 835 8 794 9 946 -10 399
10 1 133 -2 333 3 378 -4 894 -5 535 6 568 -7 410 8 426 9 468 10 458
10 -1 908 2 88 3 788 4 87 -5 670 6 505 -7 65 8 424 9 636 -10 330
10 -1 708 -2 196 3 755 -4 180 -5 32 6 575 7 357 -8 230 9 840 -10 986
10 -1 67 -2 735 -3 442 -4 488 5 903 6 924 -7 757 8 376 9 817 -10 839
10 1 202 2 776 -3 450 4 126 -5 706 -6 333 7 443 -8 461 -9 564 -10 348
10 -1 901 -2 766 3 499 4 705 -5 505 6 58 7 153 -8 109 9 692 10 218
10 1 373 2 297 3 570 4 668 5 92 6 487 -7 537 -8 361 9 471 10 82
10 -1 717 2 194 -3 486 -4 739 5 975 -6 290 7 312 8 16 -9 42 -10 316
10 1 112 -2 731 -3 33 4 1000 -5 701 -6 798 -7 154 -8 169 -9 863 10 233
10 1 52 2 586 3 601 4 277 -5 434 6 701 7 715 -8 725 -9 59 10 263
10 1 763 -2 644 3 267 4 97 5 246 6 52 7 844 -8 146 9 372 10 558
10 -1 723 2 993 -3 225 -4 654 5 778 6 866 7 668 -8 512 -9 740 10 921
10 1 892 -2 266 -3 265 -4 715 5 106 -6 41 -7 243 -8 118 -9 774 -10 447
10 -1 802 2 211 3 969 4 1000 5 381 -6 730 7 989 -8 213 -9 692 10 707
10 -1 47 2 54 3 347 -4 356 -5 861 6 753 7 802 -8 189 -9 907 -10 710
10 1 291 2 854 3 944 -4 150 5 904 6 689 7 339 -8 729 9 368 -10 611
10 -1 126 -2 3 3 784 -4 997 5 99 -6 691 7 441 -8 43 9 646 10 566
10 1 545 2 923 3 177 4 223 5 391 6 420 -7 8 8 915 9 374 10 178
10 -1 401 2 863 3 23 -4 336 5 102 6 440 7 546 -8 707 9 364 -10 751
10 -1 536 2 186 -3 413 4 5 5 453 6 824 -7 933 8 997 9 766 10 787
10 -1 511 -2 390 -3 439 4 534 5 304 6 33 7 975 8 717 -9 306 10 983
10 1 876 2 997 -3 929 4 740 5 401 6 605 -7 454 -8 342 -9 993 -10 707
10 1 249 -2 469 3 451 -4 20 5 214 -6 817 -7 822 -8 206 9 554 -10 587
10 1 848 2 588 -3 640 -4 761 -5 76 -6 114 7 2 8 945 -9 304 -10 801
10 -1 767 2 876 -3 249 -4 835 -5 882 -6 275 -7 638 -8 158 9 10 -10 320
10 1 490 -2 778 -3 927 -4 23 -5 977 -6 209 7 4 -8 730 9 256 10 554
10 -1 153 2 272 3 841 4 325 -5 553 6 582 -7 183 -8 288 9 286 10 88
10 -1 877 -2 950 3 783 -4 303 5 459 -6 464 7 778 8 268 -9 816 -10 590
10 -1 541 -2 24 -3 500 4 548 5 120 6 987 7 856 8 82 9 154 -10 84
10 1 521 2 193 -3 524 -4 279 -5 189 -6 740 7 159 8 272 9 351 10 956
10 1 814 -2 204 -3 840 -4 611 -5 414 -6 286 7 484 -8 51 -9 63 -10 348
10 -1 541 -2 322 3 991 4 742 5 443 -6 388 -7 852 8 97 9 244 -10 620
10 -1 495 -2 123 3 785 -4 439 5 32 -6 845 7 548 8 518 -9 509 -10 440
10 -1 104 2 753 -3 299 4 812 5 823 6 18 -7 780 8 913 9 323 10 487
10 1 828 2 895 3 545 -4 677 5 206 6 701 7 185 8 840 -9 465 -10 896
10 -1 179 2 472 -3 88 4 982 -5 251 6 757 -7 531 8 679 -9 588 10 631
10 -1 894 2 812 -3 130 4 996 5 909 -6 592 -7 283 -8 318 9 419 10 756
10 1 634 2 824 -3 326 4 129 -5 517 -6 826 -7 269 8 808 9 496 -10 8
10 -1 470 2 338 -3 867 -4 430 -5 519 6 564 7 961 8 176 -9 861 10 881
10 1 513 -2 655 -3 981 4 37 5 182 6 357 -7 376 -8 421 9 791 10 336
10 -1 233 2 378 -3 652 4 130 -5 179 -6 849 -7 759 8 985 9 517 -10 860
10 -1 209 2 762 -3 389 4 830 -5 102 -6 974 7 419 8 798 9 260 10 471
10 -1 225 -2 749 3 464 -4 692 -5 916 -6 851 7 665 8 768 -9 892 10 699
10 -1 860 2 397 -3 301 -4 987 5 981 6 642 -7 254 8 692 9 415 -10 812
10 1 106 -2 39 -3 558 4 808 -5 973 6 903 -7 482 -8 361 -9 242 -10 290
10 1 815 2 748 3 140 4 989 5 753 6 7 7 880 -8 32 9 320 10 644
10 1 946 2 254 -3 250 4 831 5 895 -6 332 -7 667 8 724 9 192 10 221
10 1 940 -2 563 -3 197 4 645 -5 359 6 492 -7 145 -8 371 9 503 10 923
10 1 503 2 477 3 795 -4 812 -5 733 -6 99 7 613 8 13 9 359 -10 221
10 -1 373 2 246 3 277 4 518 -5 229 -6 908 7 579 -8 125 -9 928 10 116
10 1 692 2 499 3 558 4 613 -5 778 6 369 7 731 -8 878 9 638 -10 66
10 -1 490 -2 486 3 752 -4 155 5 207 6 954 7 73 8 322 -9 82 10 238
10 1 472 2 42 -3 985 4 693 5 669 -6 92 -7 734 8 623 9 753 10 39
10 1 314 -2 343 -3 364 -4 540 -5 34 -6 767 -7 967 -8 833 9 472 10 247
10 -1 794 2 693 -3 644 -4 569 -5 411 -6 728 -7 970 -8 858 -9 357 -10 144
10 -1 633 2 38 3 85 4 491 5 511 6 251 -7 301 8 362 9 672 10 10
10 1 252 2 368 -3 929 -4 656 5 448 6 985 7 493 8 463 -9 696 -10 157
10 1 47 -2 320 3 206 4 444 -5 767 6 235 -7 796 -8 755 -9 665 10 969
10 -1 82 2 447 3 575 -4 902 5 728 6 150 -7 910 -8 119 -9 990 10 873
10 1 968 -2 763 3 8 -4 56 -5 908 -6 635 -7 223 8 447 9 116 10 500
10 1 928 -2 713 -3 845 -4 175 -5 947 -6 791 -7 93 8 690 9 808 10 931
10 1 164 -2 242 -3 686 4 292 5 237 -6 290 7 747 -8 118 9 900 10 848
10 1 787 -2 620 -3 142 4 307 -5 602 -6 859 -7 805 8 491 -9 882 10 886
10 1 163 -2 391 3 659 4 750 5 481 -6 618 -7 602 -8 524 9 5 -10 17
10 -1 223 -2 722 3 956 4 264 -5 647 -6 95 7 992 8 582 9 539 10 459
10 -1 212 -2 975 3 95 -4 868 -5 721 -6 838 7 538 -8 66 -9 407 10 431
10 1 429 -2 552 -3 440 -4 176 -5 38 -6 934 7 493 -8 278 -9 195 10 618
10 -1 305 2 750 -3 699 -4 665 5 183 -6 648 7 246 -8 695 -9 986 -10 311
10 -1 140 2 987 -3 379 4 486 -5 706 -6 881 7 694 8 855 -9 400 10 619
10 1 127 2 245 3 237 -4 842 5 796 6 854 -7 524 8 138 9 866 -10 1
10 1 28 2 754 3 844 4 704 -5 198 -6 325 7 481 -8 842 9 115 10 654
10 -1 189 2 3 -3 908 4 451 5 652 -6 514 -7 257 8 302 9 701 10 406
10 -1 383 -2 824 -3 292 -4 643 5 114 6 505 -7 508 -8 597 9 667 10 370
10 1 500 2 333 -3 168 4 749 -5 664 -6 927 7 63 8 706 9 879 10 869
10 1 988 2 60 -3 640 4 441 5 264 6 126 -7 661 -8 746 -9 226 -10 278
10 -1 986 -2 803 3 94 -4 504 5 11 -6 901 -7 886 8 605 -9 256 10 838
10 -1 336 2 608 -3 673 -4 316 5 201 6 886 -7 418 -8 671 9 864 10 746
10 -1 269 2 219 3 402 4 710 -5 306 6 242 -7 770 8 159 -9 51 -10 742
10 -1 66 -2 404 3 347 -4 165 5 51 -6 794 7 835 -8 505 -9 841 -10 662
10 -1 521 2 886 3 519 4 253 -5 445 6 547 -7 495 8 300 9 282 -10 882
10 1 651 -2 381 3 364 4 678 5 64 6 595 7 28 -8 292 -9 438 10 578
10 1 88 2 492 -3 869 -4 907 -5 40 -6 536 -7 714 -8 841 -9 954 -10 990
10 -1 82 -2 942 3 105 -4 688 5 987 -6 799 -7 894 -8 768 -9 320 10 260
10 1 79 2 183 3 502 4 325 -5 205 6 636 -7 879 8 943 9 378 -10 290
10 1 433 2 329 -3 582 -4 695 5 749 -6 513 -7 147 8 624 -9 760 -10 537
10 1 997 -2 425 -3 323 4 536 -5 171 -6 837 -7 92 -8 629 -9 288 10 567
10 1 708 -2 82 3 442 -4 851 -5 265 6 734 7 311 8 973 -9 790 -10 725
10 1 149 -2 869 3 469 4 987 -5 843 6 880 7 116 8 753 9 930 10 109
10 -1 744 2 347 -3 128 -4 857 -5 15 6 548 -7 543 8 397 9 592 -10 747
10 1 723 -2 779 3 147 4 738 5 277 6 211 7 524 8 360 -9 716 10 301
10 1 935 2 219 -3 212 4 103 5 927 -6 284 7 441 8 538 -9 67 10 631
10 -1 146 2 419 3 326 4 788 -5 19 -6 447 -7 39 -8 677 -9 600 10 875
10 1 627 -2 460 -3 964 -4 568 -5 261 6 635 7 683 8 176 9 602 10 860
10 1 458 -2 983 3 564 -4 890 -5 388 -6 47 7 137 8 698 -9 559 10 974
10 1 260 -2 832 -3 230 4 670 5 51 6 333 7 242 -8 812 9 593 10 980
10 -1 451 -2 467 3 522 -4 569 5 500 -6 506 7 384 8 146 -9 658 10 119
10 -1 603 -2 194 3 38 4 280 5 700 6 401 -7 569 8 405 -9 479 10 712
10 -1 715 2 538 3 961 -4 823 -5 769 -6 437 -7 272 8 901 -9 847 -10 48
10 1 37 2 308 -3 502 4 761 -5 901 -6 128 -7 311 8 369 -9 526 10 677
10 1 398 2 373 -3 883 4 888 -5 40 6 906 7 695 -8 720 9 232 -10 268
10 -1 519 2 521 -3 383 -4 517 5 28 6 896 -7 298 -8 621 -9 45 10 971
10 1 297 -2 873 -3 623 -4 729 -5 22 -6 137 7 724 8 231 9 878 10 814
10 1 504 2 666 -3 828 -4 420 5 874 -6 69 7 537 8 748 9 60 10 45
10 -1 763 2 993 -3 949 4 318 5 658 -6 325 -7 496 8 637 -9 887 10 117
10 1 935 -2 685 -3 950 -4 277 5 948 -6 914 -7 429 -8 766 -9 341 -10 506
10 1 548 2 367 -3 750 -4 275 -5 885 6 447 -7 467 8 273 9 646 10 177
10 1 315 -2 851 3 772 4 650 -5 299 -6 377 -7 888 8 395 9 891 -10 129
10 1 703 2 863 -3 760 4 271 5 969 6 278 7 294 8 955 -9 725 10 851
10 -1 112 -2 527 -3 500 4 265 5 994 6 738 -7 491 8 196 -9 971 10 538
10 -1 309 -2 616 3 889 4 917 5 831 -6 14 7 652 8 265 -9 232 -10 871
10 -1 800 2 550 -3 258 -4 871 -5 861 -6 20 7 962 8 623 -9 998 -10 707
10 -1 464 -2 139 -3 522 4 280 -5 860 -6 449 7 764 8 151 9 627 10 803
10 -1 886 2 508 -3 871 4 457 5 207 6 456 -7 378 8 652 -9 783 -10 963
10 1 455 2 748 -3 418 4 581 -5 637 6 225 7 336 8 340 -9 115 10 740
10 1 532 2 244 3 918 -4 252 -5 58 6 355 -7 679 -8 974 9 924 -10 377
10 -1 352 -2 124 3 690 -4 620 5 549 -6 823 7 426 8 889 -9 350 10 795
10 -1 570 2 266 -3 459 4 658 -5 663 6 167 -7 960 -8 476 9 584 -10 734
10 1 890 2 696 -3 461 4 694 5 222 6 183 -7 119 8 199 -9 746 -10 346
10 1 770 2 844 3 847 -4 479 5 995 6 252 -7 296 8 877 9 930 10 136
10 1 40 -2 98 -3 525 4 240 5 249 6 417 -7 318 -8 611 9 331 -10 880
10 1 372 2 773 -3 59 -4 188 -5 671 -6 873 7 60 8 383 -9 440 -10 125
10 -1 215 2 577 3 608 -4 181 -5 331 -6 328 -7 801 8 627 -9 613 10 600
10 1 926 2 610 -3 851 4 710 5 571 6 884 7 730 -8 670 -9 325 10 592
10 1 794 2 549 -3 575 4 127 -5 619 -6 421 7 558 8 724 -9 435 10 136
10 -1 470 2 127 3 336 4 830 5 610 6 265 -7 735 8 951 -9 331 10 655
10 -1 167 2 858 3 208 4 109 -5 65 6 85 -7 723 8 305 -9 504 -10 774
10 1 19 2 503 3 953 4 351 5 649 6 426 7 399 -8 67 -9 876 10 302
10 1 699 -2 166 3 900 -4 495 5 629 6 31 -7 352 8 621 -9 698 -10 80
10 -1 956 -2 562 3 586 -4 263 -5 599 -6 393 7 902 -8 974 9 416 10 623
10 1 202 2 270 -3 805 4 180 -5 627 -6 452 7 299 -8 866 -9 436 10 493
10 -1 470 -2 19 3 665 -4 40 -5 894 6 380 7 613 8 853 9 41 10 329
10 -1 585 2 701 3 159 -4 449 5 762 6 908 7 143 -8 621 -9 36 10 352
10 1 407 2 189 3 444 4 923 5 980 6 788 7 261 8 246 9 477 10 724
10 -1 286 -2 392 -3 963 -4 38 -5 682 -6 538 7 362 -8 605 9 21 -10 960
10 -1 211 -2 463 3 52 4 197 5 88 -6 516 -7 146 -8 185 -9 525 10 199
10 -1 446 -2 967 3 624 4 327 5 512 -6 712 -7 954 -8 124 -9 483 10 904
10 -1 321 -2 801 3 774 -4 220 5 335 -6 564 7 156 8 437 9 210 10 518
10 1 493 -2 211 -3 641 4 41 -5 532 -6 838 7 777 -8 191 -9 3 -10 185
10 1 401 2 995 -3 446 4 193 5 731 6 128 7 2 -8 700 9 88 10 329
10 1 681 2 604 3 687 -4 860 -5 754 6 968 7 404 -8 238 -9 169 10 9
10 -1 277 2 561 -3 12 4 339 -5 342 -6 992 -7 410 8 876 -9 205 10 669
10 1 86 -2 850 3 410 4 657 -5 184 -6 851 -7 158 8 475 -9 841 -10 630
10 -1 487 2 266 -3 613 -4 276 -5 354 -6 161 7 176 -8 641 9 237 -10 709
