1000
1 -6 405
1 -1 841
1 -9 375
1 -10 932
1 -9 39
1 2 429
1 -2 93
1 9 61
1 -10 971
1 -4 591
1 10 51
1 -4 571
1 3 430
1 -3 585
1 -5 106
1 -10 382
1 -2 578
1 -1 509
1 9 796
1 6 600
1 8 307
1 -4 716
1 -4 589
1 5 897
1 6 295
1 -10 121
1 9 169
1 -6 956
1 8 41
1 2 349
1 6 594
1 -8 861
1 2 486
1 -2 749
1 5 292
1 7 24
1 8 173
1 -10 506
1 -1 787
1 -5 757
1 4 401
1 -8 171
1 8 563
1 -5 839
1 7 724
1 7 700
1 -7 155
1 -2 155
1 -4 13
1 -8 270
1 -5 150
1 7 625
1 10 976
1 -3 468
1 9 408
1 7 107
1 8 64
1 -4 214
1 -8 113
1 -6 105
1 -1 550
1 2 629
1 -1 896
1 4 153
1 5 617
1 6 126
1 2 478
1 8 320
1 -2 105
1 6 491
1 -3 211
1 9 151
1 -9 777
1 9 659
1 2 531
1 -6 365
1 4 652
1 -4 826
1 4 758
1 -4 531
1 8 749
1 -1 810
1 5 266
1 4 458
1 6 83
1 -4 233
1 -8 346
1 4 640
1 -10 491
1 -6 855
1 2 802
1 4 911
1 3 809
1 -6 821
1 7 412
1 -2 175
1 -3 155
1 10 826
1 3 674
1 -6 562
1 -9 22
1 -1 540
1 3 893
1 -4 29
1 -5 300
1 -9 783
1 10 266
1 9 855
1 -3 932
1 6 679
1 10 847
1 -9 545
1 -3 894
1 -8 624
1 -1 177
1 3 634
1 -2 334
1 9 804
1 -2 255
1 4 44
1 2 576
1 -1 454
1 -6 710
1 5 521
1 9 520
1 4 945
1 -9 861
1 -8 427
1 2 453
1 -6 688
1 4 75
1 4 803
1 -2 963
1 -6 260
1 3 225
1 2 907
1 -8 684
1 -4 724
1 7 348
1 -7 366
1 -6 740
1 -6 347
1 9 452
1 1 340
1 9 525
1 -2 941
1 -4 87
1 5 41
1 3 774
1 3 870
1 5 153
1 9 718
1 -6 286
1 -1 436
1 2 961
1 -1 821
1 -5 623
1 -4 271
1 2 12
1 6 949
1 -5 45
1 -9 961
1 -2 269
1 -1 207
1 5 544
1 4 457
1 -9 278
1 -6 257
1 -1 19
1 -9 527
1 -8 958
1 -8 675
1 7 560
1 7 705
1 -4 351
1 -4 415
1 -6 858
1 -3 73
1 5 168
1 -1 682
1 7 614
1 4 47
1 -8 162
1 5 4
1 5 985
1 6 251
1 1 224
1 -6 2
1 6 86
1 8 515
1 -4 517
1 -1 271
1 -2 410
1 -10 404
1 1 312
1 -4 600
1 -9 674
1 10 783
1 6 154
1 -5 45
1 9 752
1 -9 932
1 -9 847
1 -10 88
1 -1 137
1 -6 386
1 -8 643
1 -1 502
1 -5 468
1 -2 676
1 -9 764
1 8 829
1 2 241
1 -4 758
1 8 866
1 -7 491
1 -5 632
1 -4 615
1 3 261
1 -5 13
1 -8 498
1 -5 709
1 4 298
1 9 476
1 8 786
1 -2 320
1 2 18
1 5 79
1 9 276
1 -7 939
1 -4 596
1 -2 766
1 9 976
1 -6 618
1 9 909
1 2 237
1 8 404
1 -1 4
1 8 416
1 -5 427
1 6 324
1 2 2
1 6 860
1 -7 963
1 -4 924
1 5 382
1 2 400
1 -10 370
1 7 875
1 1 105
1 1 651
1 -3 995
1 5 524
1 -6 792
1 6 906
1 1 936
1 -9 737
1 -2 956
1 7 630
1 3 498
1 -1 175
1 8 352
1 5 262
1 5 672
1 4 495
1 9 123
1 -3 77
1 4 564
1 4 929
1 6 438
1 -3 250
1 -2 351
1 -9 327
1 4 265
1 -10 909
1 1 393
1 -7 386
1 5 771
1 1 285
1 10 129
1 -9 95
1 -5 394
1 7 443
1 -5 131
1 1 727
1 8 1
1 2 953
1 9 996
1 -8 802
1 -2 159
1 -3 965
1 -8 565
1 -1 802
1 -3 584
1 1 986
1 3 541
1 -7 102
1 2 538
1 -10 398
1 -5 810
1 -10 11
1 9 472
1 5 661
1 4 539
1 -4 30
1 7 57
1 -1 511
1 -7 264
1 4 948
1 -6 505
1 1 736
1 7 699
1 -7 7
1 -5 211
1 -8 320
1 -4 477
1 4 779
1 -5 975
1 10 625
1 -3 497
1 -7 972
1 -10 945
1 -7 219
1 -1 426
1 -1 189
1 7 920
1 -6 82
1 3 196
1 3 33
1 5 860
1 6 454
1 -3 3
1 2 83
1 6 979
1 -2 390
1 6 842
1 -7 51
1 -8 382
1 9 198
1 6 756
1 -8 647
1 -7 832
1 -7 385
1 1 65
1 1 200
1 2 372
1 5 981
1 -10 269
1 6 305
1 -1 25
1 -4 487
1 8 809
1 5 835
1 -8 951
1 -8 9
1 -5 622
1 4 882
1 6 371
1 -10 525
1 4 771
1 -3 418
1 -2 494
1 9 165
1 -7 74
1 -5 214
1 2 511
1 -8 240
1 3 472
1 -10 766
1 -9 799
1 5 287
1 10 382
1 5 204
1 -8 191
1 -4 158
1 -5 335
1 2 258
1 -4 666
1 2 38
1 -2 487
1 4 937
1 -6 898
1 -5 123
1 -1 615
1 -10 953
1 2 525
1 3 618
1 -5 109
1 10 223
1 1 349
1 -3 209
1 -5 614
1 -4 839
1 6 695
1 -6 636
1 -5 209
1 1 562
1 -8 418
1 2 680
1 -9 655
1 -9 669
1 3 713
1 5 291
1 5 977
1 1 764
1 10 425
1 -7 885
1 -6 401
1 -7 965
1 1 924
1 3 117
1 2 592
1 6 792
1 -3 16
1 -1 657
1 -7 587
1 10 755
1 -9 150
1 6 166
1 -9 948
1 -2 393
1 -8 309
1 -3 999
1 8 55
1 10 89
1 -10 656
1 4 630
1 4 188
1 -10 43
1 -7 393
1 -6 154
1 -4 43
1 -9 684
1 -6 400
1 10 564
1 5 316
1 -10 436
1 7 458
1 9 184
1 -1 634
1 8 241
1 8 857
1 3 410
1 -2 132
1 6 375
1 2 517
1 -9 42
1 -3 945
1 -6 56
1 9 669
1 -3 878
1 -2 199
1 3 295
1 -3 68
1 6 163
1 6 927
1 -8 261
1 9 214
1 10 631
1 -9 327
1 -6 204
1 3 166
1 5 917
1 -7 812
1 -5 787
1 -9 652
1 6 569
1 -9 259
1 9 756
1 6 385
1 -6 369
1 -6 453
1 -4 631
1 1 840
1 9 318
1 10 751
1 -1 227
1 3 631
1 7 525
1 -6 136
1 -8 628
1 -1 56
1 1 312
1 2 547
1 4 598
1 -5 210
1 6 163
1 -3 960
1 -4 462
1 -2 654
1 3 412
1 -5 58
1 9 609
1 10 617
1 9 255
1 -3 46
1 -1 416
1 -3 164
1 -1 13
1 -10 146
1 -7 531
1 10 833
1 -10 521
1 -5 308
1 1 733
1 -9 385
1 7 83
1 -8 232
1 2 238
1 -1 344
1 -5 273
1 9 703
1 9 303
1 -4 902
1 -9 174
1 -5 862
1 -4 765
1 -6 902
1 7 616
1 4 930
1 9 484
1 -9 879
1 1 979
1 4 809
1 4 638
1 -10 579
1 -3 34
1 -1 110
1 -10 354
1 -3 32
1 -1 710
1 -1 755
1 -1 878
1 10 205
1 -9 901
1 -7 253
1 -4 115
1 -1 973
1 2 489
1 -2 101
1 4 327
1 6 268
1 1 263
1 -5 733
1 6 788
1 10 872
1 -5 808
1 -7 447
1 -9 356
1 -8 551
1 -10 732
1 2 175
1 -7 537
1 4 781
1 -1 357
1 -8 504
1 3 607
1 6 592
1 3 835
1 -4 511
1 -3 962
1 2 807
1 -9 644
1 6 98
1 7 914
1 2 910
1 1 212
1 5 439
1 -9 389
1 4 130
1 -9 357
1 10 535
1 3 678
1 9 174
1 8 706
1 -5 130
1 6 659
1 -4 274
1 -5 741
1 -3 741
1 6 165
1 4 979
1 4 999
1 -2 986
1 -2 394
1 -3 814
1 5 446
1 -5 112
1 2 212
1 7 35
1 1 875
1 -7 513
1 5 23
1 3 619
1 -7 759
1 4 718
1 10 867
1 -4 696
1 -3 465
1 7 267
1 2 249
1 -7 257
1 7 467
1 1 531
1 3 797
1 1 852
1 -8 40
1 -5 165
1 4 104
1 10 555
1 4 525
1 1 535
1 6 760
1 -8 701
1 3 527
1 2 653
1 1 281
1 7 63
1 -1 429
1 7 595
1 -5 230
1 5 963
1 -9 821
1 7 218
1 -3 952
1 -2 481
1 -9 835
1 3 683
1 7 302
1 -9 799
1 8 803
1 4 722
1 7 437
1 3 3
1 5 251
1 5 492
1 8 639
1 2 157
1 5 59
1 2 803
1 3 649
1 -10 674
1 -1 975
1 2 257
1 -10 593
1 -3 191
1 8 804
1 -3 926
1 -7 625
1 -10 685
1 9 203
1 -8 544
1 2 688
1 -2 271
1 -7 847
1 3 505
1 -9 496
1 -8 718
1 -8 511
1 -3 165
1 6 713
1 10 682
1 5 384
1 7 984
1 -2 653
1 -6 22
1 -10 699
1 -6 523
1 8 776
1 -3 219
1 -7 347
1 2 350
1 -8 291
1 7 433
1 -5 847
1 5 364
1 8 342
1 9 894
1 9 999
1 4 811
1 2 197
1 6 131
1 -10 804
1 1 741
1 9 559
1 -10 409
1 -5 7
1 -1 842
1 -8 808
1 9 632
1 -3 218
1 1 641
1 -3 680
1 -3 432
1 -2 378
1 3 576
1 5 190
1 -7 327
1 1 580
1 -10 510
1 -10 845
1 2 590
1 7 69
1 1 609
1 -10 487
1 -7 85
1 -8 918
1 -3 438
1 -1 701
1 -2 224
1 -2 484
1 1 737
1 -10 462
1 -3 375
1 -3 301
1 9 472
1 -5 735
1 -1 63
1 -1 399
1 5 747
1 -10 981
1 -8 324
1 6 482
1 -3 990
1 2 977
1 3 489
1 7 968
1 5 300
1 -5 637
1 10 891
1 -10 852
1 3 599
1 -7 386
1 7 617
1 4 291
1 1 270
1 5 162
1 -10 296
1 -3 281
1 9 356
1 -9 553
1 9 817
1 -7 807
1 4 622
1 1 477
1 4 601
1 1 471
1 -9 550
1 -6 239
1 7 907
1 9 489
1 -9 194
1 -4 95
1 3 372
1 10 413
1 -9 253
1 1 384
1 2 648
1 -8 160
1 -6 354
1 -5 97
1 -1 892
1 10 601
1 -10 268
1 5 100
1 -8 261
1 1 206
1 3 86
1 -1 36
1 9 892
1 8 970
1 2 945
1 -2 264
1 -6 657
1 2 188
1 -8 380
1 -4 177
1 1 964
1 -6 925
1 -9 858
1 1 806
1 9 58
1 -2 326
1 -1 694
1 5 777
1 2 332
1 6 400
1 2 493
1 -7 452
1 -4 937
1 1 735
1 -4 161
1 -4 957
1 10 911
1 3 981
1 2 863
1 -1 464
1 6 843
1 4 119
1 -6 340
1 -4 185
1 -8 450
1 3 429
1 -7 160
1 1 585
1 5 824
1 3 503
1 2 468
1 -8 158
1 -9 647
1 4 856
1 -5 264
1 4 443
1 -5 948
1 -4 400
1 5 918
1 -3 853
1 -5 656
1 1 827
1 9 524
1 3 2
1 9 191
1 6 42
1 -7 284
1 -10 142
1 -3 729
1 -3 616
1 -2 911
1 10 780
1 -5 211
1 -3 597
1 -5 11
1 2 862
1 1 344
1 5 93
1 1 933
1 -8 893
1 -5 191
1 10 38
1 3 589
1 -10 365
1 9 992
1 -9 124
1 -6 837
1 6 591
1 1 894
1 2 458
1 -9 544
1 -9 22
1 -4 230
1 -10 172
1 2 257
1 -9 20
1 -2 268
1 1 536
1 4 106
1 -6 735
1 -3 280
1 2 506
1 10 113
1 -2 416
1 -3 882
1 -4 685
1 10 765
1 -7 971
1 1 711
1 -7 406
1 1 347
1 -7 859
1 6 864
1 10 835
1 -7 333
1 -9 981
1 -6 892
1 -7 374
1 -2 71
1 6 206
1 -9 231
1 3 993
1 7 649
1 -1 36
1 10 940
1 10 644
1 -9 637
1 2 125
1 -9 445
1 -4 295
1 2 356
1 -3 62
1 10 87
1 -8 451
1 -2 907
1 5 592
1 5 250
1 2 860
1 -8 666
1 -7 562
1 6 914
1 9 628
1 8 839
1 -5 249
1 -6 194
1 9 993
1 10 13
1 -6 883
1 4 571
1 6 277
1 -5 303
1 -1 163
1 -9 621
1 6 674
1 1 855
1 8 754
1 -2 983
1 3 346
1 -6 692
1 4 841
1 -9 757
1 8 804
1 3 892
1 -2 421
1 -9 510
1 -7 428
1 -5 389
1 8 295
1 6 362
1 7 664
1 -6 806
1 8 455
1 -5 550
1 -5 447
1 10 596
1 -4 842
1 6 993
1 -10 982
1 -6 996
1 -7 27
1 1 579
1 8 943
1 9 552
1 10 530
1 9 399
1 8 42
1 10 464
1 -1 538
1 -4 420
1 6 665
1 -9 901
1 4 499
1 7 786
1 10 709
1 -9 175
1 6 376
1 2 525
1 -3 672
1 5 841
1 9 647
1 3 836
1 -9 518
1 4 187
1 -1 362
1 -10 709
1 -7 807
1 1 728
1 -9 940
1 5 863
1 -2 685
1 -1 180
1 8 893
1 -9 589
1 4 617
1 -2 161
1 -9 30
1 -2 175
1 9 843
1 8 826
1 -1 701
1 10 148
1 4 283
1 -3 274
1 -2 358
1 4 639
1 -7 56
1 4 597
1 1 56
1 -10 256
1 -4 164
1 -10 323
1 1 311
1 7 984
1 -8 249
1 -7 424
1 5 897
1 -8 812
1 -4 178
1 3 389
1 -3 995
1 5 576
1 -6 344
1 9 344
