15
10 1 583 2 262 3 508 -4 484 -5 808 6 97 -7 30 -8 444 9 713 -10 273
10 1 606 2 924 -3 32 4 27 5 962 -6 703 7 993 -8 744 9 541 10 783
10 -1 962 -2 567 3 354 4 694 5 780 -6 976 -7 949 8 427 9 191 -10 124
10 -1 918 -2 520 3 311 -4 602 -5 867 -6 604 7 492 8 762 -9 425 10 376
10 -1 89 -2 680 3 798 4 534 -5 380 -6 751 7 481 8 316 -9 663 10 173
10 1 13 2 553 3 415 -4 976 -5 471 -6 676 7 393 8 532 9 437 10 493
10 -1 584 2 964 -3 497 -4 425 -5 2 -6 470 7 824 8 651 9 564 10 882
10 1 818 -2 34 3 86 4 464 5 773 -6 256 -7 113 8 353 -9 72 10 164
10 -1 541 2 673 -3 664 -4 466 -5 509 -6 117 7 320 -8 352 -9 816 10 265
10 1 260 2 989 -3 837 4 231 5 407 6 37 7 457 -8 558 9 1000 -10 229
10 1 405 -2 676 -3 61 -4 129 5 897 6 314 7 880 8 318 -9 762 10 427
10 -1 134 2 575 3 605 4 986 -5 176 6 388 7 356 8 211 -9 606 10 505
10 1 961 -2 304 -3 18 -4 627 -5 922 -6 19 7 206 -8 831 9 348 -10 219
10 -1 691 2 858 -3 955 -4 937 -5 787 6 67 7 87 8 174 9 933 10 275
10 -1 615 -2 377 -3 349 4 299 5 889 -6 139 7 329 8 417 9 390 10 849
