1000
1 4 986
1 -7 198
1 -1 141
1 -4 411
1 1 500
1 8 507
1 -10 919
1 -7 497
1 -4 718
1 5 486
1 -7 679
1 -5 834
1 2 636
1 -7 677
1 1 241
1 2 926
1 -9 596
1 -3 553
1 1 719
1 -4 969
1 10 747
1 10 293
1 9 876
1 -7 163
1 -10 545
1 6 973
1 -8 317
1 3 542
1 -5 828
1 -9 353
1 -4 303
1 -6 274
1 1 261
1 7 855
1 -7 674
1 -7 171
1 -1 997
1 3 120
1 1 351
1 3 927
1 -4 420
1 10 417
1 -7 603
1 2 735
1 -2 88
1 2 158
1 9 726
1 -3 195
1 -1 349
1 -7 762
1 5 334
1 -6 662
1 -8 63
1 -10 905
1 -10 183
1 6 453
1 -2 206
1 -10 510
1 -8 391
1 -2 595
1 -8 737
1 -8 733
1 8 837
1 6 231
1 -1 51
1 -8 111
1 -4 726
1 -10 671
1 6 541
1 -2 514
1 4 539
1 -7 7
1 5 931
1 2 950
1 -7 648
1 -5 561
1 7 827
1 6 641
1 6 668
1 -2 497
1 6 982
1 10 211
1 5 628
1 7 841
1 10 690
1 -7 502
1 -9 276
1 -3 511
1 5 799
1 2 299
1 5 284
1 -7 371
1 -4 810
1 9 256
1 -4 377
1 -8 813
1 2 87
1 3 943
1 -1 23
1 -10 702
1 -5 98
1 8 890
1 -5 130
1 10 886
1 2 810
1 -1 880
1 3 849
1 -2 743
1 1 228
1 5 991
1 -6 533
1 2 445
1 -3 262
1 -7 442
1 -2 548
1 -4 301
1 3 768
1 -4 969
1 -1 570
1 -3 573
1 6 904
1 4 114
1 -10 141
1 -3 335
1 4 179
1 -3 781
1 -8 712
1 8 425
1 7 709
1 10 890
1 -6 317
1 5 854
1 3 512
1 9 827
1 4 786
1 3 663
1 -8 299
1 -7 36
1 6 356
1 -7 637
1 -3 82
1 3 594
1 3 578
1 -10 382
1 -9 616
1 6 109
1 -6 489
1 -3 489
1 6 956
1 6 384
1 -1 952
1 -6 34
1 4 496
1 6 575
1 3 143
1 -5 803
1 8 599
1 5 862
1 5 413
1 8 673
1 2 920
1 8 140
1 -10 371
1 10 371
1 8 209
1 -9 801
1 -3 91
1 9 223
1 3 260
1 -4 15
1 1 736
1 4 322
1 -1 754
1 -1 590
1 5 12
1 -1 337
1 -6 425
1 -4 891
1 -2 494
1 -7 436
1 -9 77
1 3 959
1 10 673
1 1 420
1 -4 292
1 2 323
1 -3 57
1 7 270
1 5 618
1 1 814
1 -4 194
1 2 160
1 -6 670
1 2 355
1 9 931
1 8 633
1 -3 481
1 -2 532
1 -6 569
1 -4 436
1 -10 346
1 3 74
1 8 586
1 -3 738
1 10 861
1 1 409
1 6 122
1 2 695
1 8 613
1 1 347
1 -9 17
1 1 382
1 -8 627
1 -3 56
1 8 84
1 -9 204
1 -4 62
1 6 394
1 6 620
1 3 755
1 -5 489
1 -8 901
1 -9 527
1 9 963
1 8 898
1 -3 588
1 -10 938
1 6 581
1 9 640
1 2 568
1 3 164
1 6 542
1 1 622
1 -5 934
1 4 449
1 -5 489
1 -9 668
1 2 70
1 3 104
1 -9 187
1 3 331
1 -10 723
1 4 256
1 -7 533
1 6 123
1 9 587
1 -1 455
1 6 337
1 -2 198
1 8 582
1 -8 708
1 -3 361
1 3 459
1 6 609
1 2 482
1 -7 796
1 -2 242
1 -8 283
1 -10 217
1 -9 835
1 6 89
1 3 576
1 7 140
1 4 939
1 -1 924
1 -3 67
1 -3 507
1 5 91
1 8 981
1 2 453
1 8 343
1 -8 318
1 -1 22
1 9 666
1 -7 743
1 5 43
1 -3 559
1 -8 516
1 -1 740
1 2 141
1 4 865
1 6 859
1 -2 1000
1 -4 288
1 2 31
1 -4 116
1 7 152
1 9 232
1 1 907
1 6 782
1 -9 880
1 10 998
1 -5 22
1 -5 541
1 1 567
1 3 909
1 -9 28
1 -3 739
1 -9 362
1 5 741
1 5 1000
1 -5 373
1 8 629
1 4 845
1 2 982
1 -10 890
1 5 907
1 -9 280
1 -1 596
1 8 914
1 -10 871
1 -1 132
1 -9 909
1 6 573
1 4 569
1 -10 502
1 8 416
1 9 503
1 2 543
1 6 909
1 8 617
1 -1 823
1 -4 398
1 7 249
1 5 820
1 -9 883
1 -5 429
1 7 866
1 8 63
1 -8 879
1 -10 368
1 -3 774
1 -4 839
1 1 585
1 -9 579
1 -2 680
1 5 36
1 3 81
1 -6 625
1 9 795
1 -2 674
1 -1 356
1 5 749
1 -5 806
1 -10 898
1 3 10
1 1 480
1 6 233
1 1 605
1 8 308
1 9 137
1 5 72
1 -2 338
1 4 57
1 8 241
1 5 906
1 5 61
1 -1 438
1 -1 234
1 -9 815
1 2 631
1 -10 187
1 8 884
1 -2 567
1 5 52
1 9 83
1 5 517
1 5 550
1 -4 64
1 -2 451
1 -5 868
1 2 911
1 9 890
1 -7 142
1 6 702
1 6 386
1 8 524
1 2 350
1 7 430
1 5 483
1 -8 759
1 -4 271
1 -2 819
1 -3 898
1 -1 623
1 4 458
1 -5 90
1 5 312
1 -8 890
1 10 360
1 5 908
1 3 800
1 -5 745
1 -2 741
1 4 564
1 -4 845
1 -3 181
1 5 460
1 -3 699
1 7 419
1 10 706
1 -1 625
1 1 111
1 3 768
1 -8 443
1 -5 38
1 2 654
1 3 334
1 1 344
1 -1 986
1 -10 906
1 -8 750
1 -8 269
1 8 276
1 6 593
1 5 17
1 -4 402
1 -5 93
1 5 43
1 3 268
1 -10 637
1 10 440
1 -3 902
1 9 323
1 -5 743
1 -5 580
1 -7 807
1 -8 628
1 -4 14
1 -2 274
1 -9 676
1 1 973
1 3 704
1 6 417
1 -4 409
1 7 534
1 -5 418
1 4 470
1 -5 452
1 -2 636
1 -8 326
1 4 854
1 -3 376
1 -5 85
1 1 802
1 -8 541
1 -10 359
1 -1 505
1 -3 733
1 -7 830
1 9 801
1 3 376
1 1 70
1 4 504
1 -6 768
1 3 508
1 4 994
1 1 927
1 -6 118
1 -9 761
1 -7 220
1 -1 142
1 -7 304
1 2 7
1 -9 815
1 -8 292
1 -10 681
1 2 622
1 3 320
1 5 658
1 7 353
1 2 159
1 6 420
1 -9 61
1 2 411
1 4 536
1 -6 752
1 -1 151
1 -9 297
1 1 69
1 -9 552
1 -8 376
1 -1 245
1 4 363
1 -4 387
1 2 180
1 9 99
1 -7 56
1 10 68
1 4 985
1 3 796
1 -10 386
1 -7 109
1 5 510
1 -10 156
1 9 165
1 1 274
1 1 489
1 -7 723
1 5 904
1 -3 585
1 -7 265
1 -3 155
1 10 68
1 -2 507
1 5 523
1 -7 463
1 -6 539
1 7 374
1 -8 878
1 3 904
1 5 538
1 3 829
1 -5 239
1 -4 318
1 7 730
1 -2 689
1 3 413
1 -1 402
1 -2 69
1 4 162
1 3 778
1 4 30
1 6 825
1 1 756
1 8 569
1 5 189
1 -1 574
1 -5 727
1 -5 896
1 -6 983
1 4 773
1 -3 514
1 -10 705
1 -7 219
1 -4 371
1 8 768
1 -2 474
1 -10 626
1 -7 299
1 2 26
1 10 571
1 6 998
1 -8 705
1 -5 112
1 -9 315
1 -10 793
1 2 197
1 9 790
1 7 149
1 -2 253
1 -3 236
1 1 268
1 1 864
1 -9 414
1 9 340
1 9 386
1 6 776
1 -2 41
1 -4 168
1 -3 518
1 -9 711
1 -3 870
1 -9 155
1 7 80
1 9 553
1 1 562
1 2 106
1 5 804
1 -7 522
1 6 793
1 -8 590
1 -5 564
1 -7 491
1 -2 498
1 -2 817
1 7 90
1 -9 879
1 -4 792
1 -4 346
1 -9 963
1 -6 941
1 4 834
1 3 258
1 10 91
1 -6 268
1 -7 270
1 3 220
1 -3 770
1 -1 585
1 -10 336
1 1 620
1 -1 769
1 8 758
1 -3 11
1 4 347
1 6 558
1 5 717
1 9 87
1 2 209
1 4 44
1 -6 389
1 -1 37
1 7 220
1 -3 851
1 8 181
1 -4 919
1 1 820
1 -6 307
1 -2 564
1 2 171
1 1 576
1 6 306
1 3 941
1 -4 342
1 2 589
1 8 686
1 -6 98
1 6 334
1 5 717
1 2 318
1 -8 289
1 -8 129
1 -9 110
1 6 411
1 4 742
1 -4 33
1 8 203
1 -4 253
1 4 389
1 -8 838
1 -3 511
1 -10 112
1 -4 656
1 5 924
1 -4 692
1 -6 276
1 8 855
1 2 519
1 -4 93
1 -10 869
1 8 701
1 9 810
1 -7 589
1 -9 171
1 -9 244
1 7 289
1 -9 765
1 2 481
1 -3 407
1 -10 152
1 -10 44
1 -10 53
1 6 274
1 -1 819
1 2 99
1 5 659
1 8 58
1 -3 543
1 -8 803
1 -4 566
1 7 651
1 -2 723
1 -5 236
1 7 952
1 -9 26
1 6 43
1 -8 517
1 10 284
1 9 284
1 8 431
1 -1 899
1 3 858
1 -10 962
1 -7 673
1 10 85
1 7 540
1 2 65
1 9 109
1 -9 614
1 -6 788
1 -8 427
1 4 193
1 10 529
1 7 907
1 -1 761
1 2 861
1 3 274
1 -9 720
1 -9 298
1 -5 271
1 5 337
1 -8 723
1 -1 962
1 3 16
1 -3 258
1 -8 892
1 -6 512
1 -7 802
1 -1 123
1 5 709
1 2 762
1 5 287
1 -8 786
1 -10 911
1 2 166
1 7 273
1 1 324
1 4 490
1 -1 368
1 2 593
1 5 468
1 2 138
1 -10 911
1 -10 564
1 -7 66
1 -9 645
1 8 505
1 -8 742
1 5 579
1 5 810
1 9 919
1 -5 934
1 5 262
1 9 28
1 -2 269
1 1 984
1 2 943
1 2 298
1 4 605
1 -8 607
1 3 273
1 8 920
1 -5 746
1 5 373
1 8 191
1 1 839
1 4 369
1 -2 251
1 2 170
1 1 455
1 2 281
1 -5 968
1 -7 534
1 3 833
1 -1 653
1 -10 449
1 -8 474
1 -8 927
1 -8 443
1 8 701
1 -7 238
1 1 987
1 -2 363
1 -10 925
1 10 920
1 -5 578
1 10 721
1 7 365
1 10 333
1 -2 441
1 4 974
1 9 89
1 3 201
1 -6 861
1 -10 333
1 -6 769
1 -6 682
1 -10 380
1 4 898
1 -1 505
1 8 577
1 8 954
1 7 757
1 -7 6
1 -4 749
1 -8 157
1 -10 16
1 6 733
1 4 294
1 -2 83
1 -6 402
1 3 677
1 1 885
1 -3 840
1 9 234
1 6 490
1 4 199
1 3 566
1 4 296
1 1 96
1 9 929
1 7 81
1 3 487
1 -9 159
1 -5 38
1 1 814
1 9 213
1 4 972
1 2 480
1 5 442
1 6 802
1 -10 467
1 9 338
1 -8 201
1 9 116
1 -9 18
1 -3 613
1 6 62
1 3 199
1 5 515
1 -2 969
1 4 557
1 -3 340
1 -6 376
1 -2 893
1 -6 493
1 -9 523
1 3 661
1 -1 462
1 -5 294
1 -8 304
1 -1 226
1 -2 788
1 6 181
1 5 543
1 1 459
1 -4 412
1 -8 490
1 2 869
1 4 815
1 -4 799
1 -5 571
1 2 447
1 2 840
1 -5 243
1 2 189
1 -5 566
1 -8 313
1 -5 407
1 8 359
1 -6 436
1 3 880
1 -6 292
1 10 78
1 7 353
1 -10 235
1 3 722
1 7 191
1 -6 321
1 1 813
1 -5 429
1 -8 143
1 1 832
1 -7 785
1 9 507
1 -2 91
1 1 356
1 -1 218
1 -7 239
1 6 956
1 9 645
1 4 337
1 -3 934
1 5 618
1 7 121
1 10 679
1 -3 52
1 5 757
1 -5 836
1 -7 240
1 -6 886
1 9 900
1 2 929
1 -5 315
1 -9 746
1 2 73
1 4 543
1 -4 686
1 10 999
1 -8 396
1 5 539
1 -6 986
1 -10 422
1 -5 846
1 -10 361
1 -3 692
1 -1 301
1 -10 47
1 5 367
1 -2 705
1 10 536
1 -7 980
1 -6 386
1 -4 688
1 -10 299
1 2 231
1 -3 762
1 -8 642
1 -4 393
1 -1 884
1 -7 236
1 -3 640
1 3 871
1 7 793
1 2 134
1 -2 558
1 -10 255
1 -2 1000
1 6 792
1 8 954
1 3 90
1 -9 212
1 -3 287
1 -7 988
1 -6 84
1 -3 33
1 6 357
1 8 977
1 -7 609
1 -7 94
1 -8 908
1 6 365
1 -9 257
1 9 667
1 3 706
1 -10 190
1 6 378
1 9 834
1 1 354
1 -8 810
1 3 905
1 -2 886
1 -6 493
1 -2 843
1 -1 571
1 -7 985
1 -9 873
1 -6 460
1 -3 234
1 5 776
1 -9 253
1 10 659
1 -7 312
1 -1 466
1 3 835
1 -4 876
1 3 163
1 9 740
1 5 496
1 -5 546
1 1 60
1 -9 605
1 -3 228
1 3 465
1 -10 737
1 6 713
1 4 347
1 4 299
1 -6 363
1 -2 755
1 4 885
1 3 501
1 -5 82
1 -4 635
1 10 482
1 6 198
1 -3 981
1 -1 772
1 8 132
1 7 908
1 6 942
1 -4 30
1 9 533
1 8 505
1 8 370
1 10 654
1 -4 863
1 3 446
1 10 505
1 -3 944
1 -7 487
1 -3 650
1 10 29
1 6 750
1 -10 236
1 10 271
1 3 914
1 8 939
1 2 907
1 -2 267
1 7 168
1 -5 511
1 7 66
1 -1 417
1 7 386
1 2 904
1 -10 854
1 -1 387
1 4 864
