1000
10 1 497 -2 38 3 150 -4 989 -5 328 6 280 -7 822 8 748 -9 933 10 198
10 -1 679 2 865 -3 344 4 371 -5 825 -6 456 7 774 8 718 -9 100 10 603
10 1 848 -2 499 3 528 4 649 -5 251 -6 312 -7 604 8 92 9 120 -10 320
10 1 389 -2 229 3 612 4 855 5 194 6 18 -7 572 -8 384 -9 541 -10 297
10 1 696 -2 56 3 434 -4 99 -5 252 6 914 -7 458 -8 816 9 530 -10 483
10 -1 723 -2 964 3 197 -4 463 -5 740 6 19 7 551 8 258 -9 193 -10 515
10 -1 338 -2 421 -3 627 -4 275 -5 673 -6 504 7 739 -8 509 -9 650 -10 332
10 -1 676 2 995 -3 712 -4 328 -5 999 -6 747 7 960 -8 574 9 639 -10 988
10 1 187 2 625 3 699 -4 371 -5 874 6 942 7 159 -8 629 9 433 -10 78
10 -1 238 2 380 -3 986 4 698 5 622 -6 148 7 644 8 732 9 47 -10 474
10 1 645 2 719 3 632 4 165 -5 930 -6 512 7 811 8 838 9 931 -10 491
10 -1 458 -2 489 3 852 -4 373 -5 369 6 86 -7 287 -8 990 -9 442 -10 945
10 -1 33 2 256 3 549 4 757 5 345 -6 33 7 975 8 718 -9 352 10 162
10 1 410 2 476 -3 655 4 132 5 359 6 191 7 189 -8 757 9 520 -10 816
10 1 968 2 713 3 430 4 776 -5 247 6 806 -7 193 -8 876 -9 539 -10 10
10 -1 866 2 734 3 661 -4 279 5 996 6 169 7 394 8 63 9 41 -10 778
10 1 118 2 690 -3 610 4 62 5 806 -6 231 -7 95 -8 80 9 173 -10 123
10 1 719 2 52 3 769 -4 667 -5 262 -6 238 7 836 8 285 9 262 -10 796
10 1 599 2 371 -3 708 4 232 5 370 -6 447 7 353 8 32 9 345 10 497
10 1 475 -2 90 -3 236 4 129 -5 559 6 249 -7 609 -8 578 -9 951 -10 260
10 1 307 2 198 -3 108 4 590 5 971 6 526 7 123 8 607 -9 486 -10 883
10 -1 221 -2 159 -3 891 4 346 -5 258 -6 137 -7 380 -8 229 9 799 -10 181
10 1 418 2 949 3 199 -4 422 5 772 6 533 7 533 -8 944 -9 905 -10 862
10 -1 889 -2 666 3 268 4 43 5 604 6 840 7 802 8 89 9 222 -10 347
10 1 997 2 180 3 231 4 881 -5 757 -6 638 7 744 8 467 9 586 -10 752
10 1 995 -2 642 -3 934 4 281 5 63 6 492 -7 326 8 12 -9 914 10 394
10 -1 105 -2 146 3 380 -4 762 -5 807 6 969 7 107 -8 383 9 915 10 695
10 -1 272 2 490 3 409 4 814 5 449 -6 262 -7 302 -8 464 9 513 10 678
10 1 540 -2 571 -3 175 4 329 5 880 6 585 -7 196 8 285 9 280 -10 720
10 -1 223 2 609 3 93 -4 591 5 359 6 489 7 488 -8 912 -9 126 10 995
10 -1 56 2 624 -3 276 4 654 5 495 -6 534 -7 656 -8 308 -9 767 -10 97
10 -1 918 2 961 -3 63 -4 838 5 81 6 63 -7 441 8 181 -9 361 10 65
10 -1 733 -2 355 -3 414 4 759 5 290 -6 458 -7 916 -8 247 9 944 10 794
10 -1 158 2 803 -3 657 4 110 -5 813 6 573 7 32 -8 264 -9 218 10 746
10 -1 783 2 912 3 158 4 876 5 813 6 610 -7 914 -8 921 -9 627 -10 463
10 -1 988 -2 198 3 545 4 227 5 401 6 602 -7 477 -8 607 9 584 10 755
10 1 417 2 407 3 941 4 925 -5 373 -6 661 -7 932 -8 386 -9 370 -10 598
10 1 422 2 313 -3 604 -4 247 5 472 6 376 -7 694 -8 820 -9 74 -10 444
10 -1 13 2 622 3 493 -4 654 5 656 6 851 -7 372 8 933 9 492 10 416
10 1 31 -2 837 3 628 -4 850 -5 852 -6 370 7 635 -8 429 -9 180 -10 869
10 -1 39 2 556 3 7 4 842 5 487 6 576 -7 496 -8 958 -9 208 10 384
10 1 113 2 51 3 889 -4 428 5 366 -6 379 7 380 -8 861 9 761 10 514
10 1 206 -2 1000 3 691 -4 655 5 943 6 750 7 122 8 518 9 531 -10 997
10 -1 906 2 452 3 786 4 226 -5 220 -6 154 7 30 -8 108 -9 525 10 681
10 1 747 -2 571 -3 92 -4 888 5 966 6 688 7 646 -8 432 -9 714 -10 675
10 1 993 -2 221 3 305 4 756 -5 372 6 668 -7 372 -8 416 -9 367 -10 856
10 -1 802 2 620 -3 672 4 625 -5 514 6 645 7 154 8 230 -9 476 10 992
10 1 559 -2 60 3 502 -4 128 -5 332 6 890 -7 553 8 940 -9 814 10 276
10 -1 89 -2 123 3 249 -4 640 5 215 6 442 7 630 -8 812 -9 931 10 947
10 -1 392 2 61 3 672 4 537 5 299 6 263 7 622 -8 362 -9 578 10 164
10 1 130 -2 57 3 83 4 367 -5 458 -6 284 7 427 -8 335 -9 391 10 52
10 1 885 -2 678 -3 110 -4 341 5 103 6 102 7 211 -8 695 9 801 10 367
10 1 863 2 36 -3 8 -4 906 -5 711 6 206 -7 164 8 16 -9 676 -10 252
10 1 454 -2 425 3 336 4 787 5 949 -6 476 7 222 -8 580 -9 860 10 582
10 -1 232 -2 791 -3 882 -4 282 -5 443 -6 459 -7 205 8 601 -9 893 -10 84
10 1 358 2 80 3 161 4 840 -5 19 -6 45 7 198 8 120 -9 176 10 228
10 1 602 2 708 3 708 -4 667 -5 73 6 743 -7 564 8 867 -9 930 10 994
10 -1 285 2 578 -3 938 -4 807 -5 649 6 652 -7 300 8 2 9 305 10 132
10 1 582 -2 365 3 732 4 844 -5 652 -6 845 -7 785 8 197 -9 832 10 470
10 -1 121 -2 372 3 14 -4 897 -5 721 6 177 7 34 8 834 9 325 10 451
10 1 157 -2 284 -3 254 4 256 -5 543 -6 983 7 54 8 248 -9 120 -10 551
10 -1 959 -2 341 3 536 4 152 -5 251 6 225 -7 988 8 391 -9 647 -10 721
10 1 465 2 828 3 323 4 716 5 197 6 86 7 493 8 422 9 454 -10 764
10 1 867 2 933 -3 9 -4 883 -5 480 6 70 -7 911 -8 18 -9 977 10 18
10 -1 57 2 122 3 72 4 999 5 207 6 506 7 94 8 609 -9 126 10 637
10 -1 23 -2 649 3 716 4 718 5 792 -6 263 7 610 -8 869 9 219 -10 42
10 -1 563 2 884 3 123 -4 128 5 899 -6 636 7 411 8 300 -9 649 10 27
10 1 12 2 941 3 142 -4 650 -5 597 -6 87 -7 983 8 287 9 282 -10 726
10 -1 222 -2 796 -3 911 -4 122 -5 695 -6 167 -7 419 8 180 -9 431 -10 14
10 -1 880 -2 716 3 680 -4 206 5 492 6 32 -7 188 -8 243 -9 572 -10 498
10 -1 204 2 950 3 116 4 521 -5 702 6 144 -7 668 -8 891 -9 238 -10 157
10 1 875 2 203 3 298 -4 320 5 187 -6 854 7 556 -8 981 -9 616 10 508
10 1 867 2 526 3 92 4 437 -5 284 -6 560 7 745 8 109 -9 833 -10 241
10 -1 528 -2 572 3 797 -4 363 5 292 6 957 -7 166 -8 310 -9 582 10 469
10 1 260 2 342 -3 731 -4 946 -5 139 6 289 -7 869 8 91 9 685 10 997
10 -1 367 -2 87 3 798 -4 704 5 687 6 669 7 971 -8 699 9 837 10 970
10 -1 298 -2 46 -3 735 -4 968 5 576 6 629 7 283 8 608 9 475 10 191
10 -1 134 -2 176 3 493 -4 154 5 225 6 606 7 951 -8 164 9 45 10 402
10 1 577 2 502 3 620 4 955 -5 984 6 514 7 529 -8 238 -9 941 10 915
10 -1 928 2 308 -3 237 4 785 5 932 -6 351 7 404 -8 188 -9 441 10 448
10 1 547 -2 663 3 466 4 379 5 137 -6 595 -7 495 -8 462 9 730 10 610
10 1 942 -2 470 -3 366 4 966 -5 883 -6 903 -7 195 -8 149 -9 729 -10 720
10 -1 119 2 63 3 486 4 159 -5 12 -6 273 -7 2 -8 786 9 311 -10 979
10 -1 850 2 592 -3 211 -4 84 5 724 6 971 -7 759 8 193 9 691 10 18
10 -1 878 2 313 -3 264 4 918 -5 70 6 65 -7 478 8 224 9 630 -10 19
10 -1 233 2 94 -3 171 4 318 5 347 -6 697 7 669 8 181 9 543 -10 200
10 1 769 2 461 3 117 4 210 -5 74 -6 321 7 379 -8 171 -9 521 10 383
10 1 350 -2 329 -3 771 4 617 -5 99 -6 804 -7 449 8 396 9 788 10 207
10 -1 177 2 400 3 967 4 435 5 645 6 61 -7 762 -8 894 9 665 10 138
10 1 526 2 305 3 3 4 338 5 607 6 4 7 512 -8 737 9 276 10 235
10 1 466 -2 898 -3 546 4 79 -5 647 6 742 7 277 -8 752 9 295 -10 416
10 -1 916 -2 585 3 639 4 249 -5 697 6 542 7 714 -8 502 -9 516 10 365
10 1 796 2 259 -3 755 4 796 -5 320 -6 848 7 66 8 964 9 675 -10 525
10 1 517 -2 707 -3 748 4 984 5 426 -6 249 7 408 -8 723 9 969 10 456
10 -1 820 -2 100 3 506 -4 738 5 779 -6 299 -7 716 8 776 9 347 10 49
10 -1 40 -2 387 3 470 4 716 -5 252 -6 45 7 397 8 844 -9 751 10 940
10 1 935 -2 650 3 926 4 866 5 338 -6 554 -7 12 8 428 9 165 10 937
10 1 431 -2 417 3 392 4 801 5 800 -6 980 7 829 -8 657 9 345 10 279
10 -1 421 2 654 -3 803 -4 295 5 454 -6 725 7 341 -8 175 9 483 -10 599
10 -1 421 2 448 -3 508 -4 754 5 484 -6 835 7 855 8 310 -9 469 10 311
10 1 992 -2 812 -3 52 -4 108 5 96 -6 710 7 389 -8 662 -9 985 10 994
10 -1 352 2 378 3 344 4 415 -5 338 -6 375 -7 443 8 56 -9 171 10 831
10 1 214 2 241 -3 308 4 333 -5 731 6 748 -7 205 8 341 9 566 10 190
10 1 511 2 714 3 958 -4 572 5 223 -6 392 -7 141 -8 183 -9 809 -10 793
10 -1 100 2 901 3 156 4 317 -5 887 6 910 7 454 -8 999 -9 853 -10 604
10 -1 518 2 864 3 161 4 253 -5 188 6 130 -7 263 -8 917 -9 158 10 706
10 1 945 2 805 -3 57 -4 118 5 917 6 938 7 153 8 136 9 270 10 169
10 1 497 2 247 -3 496 4 265 -5 226 -6 147 -7 111 -8 781 9 220 10 875
10 1 305 -2 148 -3 615 4 719 5 341 -6 280 7 182 -8 475 9 651 -10 855
10 1 978 -2 759 3 124 -4 110 -5 248 6 607 7 603 8 799 -9 965 -10 133
10 1 417 2 380 -3 516 -4 756 5 217 -6 403 7 920 8 11 9 195 -10 437
10 1 624 -2 38 -3 44 -4 124 -5 131 -6 605 -7 989 8 945 -9 763 -10 55
10 1 924 -2 532 -3 422 -4 401 -5 436 -6 97 -7 42 8 169 9 117 10 232
10 -1 718 -2 195 3 197 4 627 -5 602 6 953 7 617 -8 352 9 555 10 30
10 -1 719 2 743 3 758 4 40 5 285 -6 959 7 926 8 592 -9 766 10 712
10 -1 46 2 673 3 627 -4 610 -5 757 -6 311 7 667 -8 847 -9 250 -10 75
10 -1 781 2 3 -3 134 4 234 -5 266 6 259 -7 283 -8 618 -9 858 -10 968
10 -1 420 -2 84 -3 201 4 976 5 92 -6 746 -7 267 -8 699 9 577 10 156
10 1 785 2 616 3 872 4 241 -5 316 6 418 7 846 8 644 -9 493 -10 885
10 1 56 2 100 3 183 -4 231 5 256 -6 258 7 751 -8 109 9 681 -10 357
10 -1 386 -2 725 -3 250 4 8 -5 106 6 221 -7 943 8 333 -9 474 10 749
10 -1 185 -2 84 -3 200 4 577 5 619 -6 134 -7 879 -8 216 9 963 -10 729
10 1 969 -2 136 -3 250 4 477 -5 990 6 392 7 45 -8 685 -9 861 10 676
10 1 828 2 829 3 18 4 206 -5 534 -6 991 -7 452 -8 50 9 606 10 610
10 -1 953 2 684 -3 695 -4 409 -5 818 -6 316 -7 87 -8 101 9 796 10 552
10 -1 895 2 116 3 531 4 452 -5 515 6 906 7 427 8 314 -9 986 10 906
10 -1 413 -2 725 -3 46 4 475 -5 645 -6 731 -7 374 -8 60 9 3 10 815
10 -1 843 -2 967 3 291 4 275 5 296 -6 119 7 385 8 116 -9 252 10 935
10 -1 818 2 957 -3 527 -4 894 5 915 -6 21 -7 193 -8 77 9 43 10 832
10 -1 312 -2 625 3 315 -4 455 5 718 6 624 7 770 8 565 9 703 -10 769
10 1 964 2 330 3 235 4 552 5 995 6 713 7 231 -8 892 9 711 -10 556
10 1 334 2 211 -3 140 4 298 -5 64 6 438 -7 625 -8 903 -9 399 -10 551
10 -1 459 2 724 3 939 -4 588 -5 791 -6 919 -7 195 8 1000 9 471 10 198
10 1 501 2 622 3 695 -4 977 -5 471 6 843 -7 741 8 435 9 791 10 33
10 1 229 2 682 -3 375 -4 99 -5 874 6 900 -7 188 -8 843 -9 287 -10 268
10 1 864 -2 115 3 835 4 217 5 735 -6 867 -7 491 8 540 -9 717 -10 170
10 1 466 2 550 -3 127 -4 427 5 747 6 636 -7 865 8 732 9 439 -10 648
10 -1 188 -2 364 3 157 4 146 5 596 6 691 -7 763 -8 887 -9 914 10 526
10 -1 535 -2 260 3 549 -4 404 -5 276 -6 387 7 364 -8 459 -9 566 -10 246
10 -1 908 2 513 3 766 -4 612 -5 654 -6 487 -7 335 -8 574 -9 934 -10 543
10 1 614 2 785 3 648 4 989 -5 967 -6 422 -7 406 8 69 -9 452 10 674
10 1 647 2 274 3 670 -4 122 5 441 6 659 -7 301 -8 105 9 349 10 738
10 1 393 -2 624 -3 609 4 817 -5 6 6 501 -7 441 8 816 9 453 10 297
10 1 48 2 810 3 955 -4 689 -5 655 -6 9 7 356 8 494 9 548 -10 842
10 -1 847 -2 581 -3 60 -4 515 5 685 -6 337 7 962 8 972 9 788 -10 472
10 1 94 -2 360 3 550 -4 486 5 408 6 824 7 81 -8 72 9 809 -10 708
10 1 812 -2 275 3 877 4 267 -5 416 -6 59 -7 307 -8 460 9 201 10 962
10 1 432 -2 194 3 380 4 907 -5 705 -6 545 -7 484 -8 605 -9 562 -10 591
10 -1 476 2 430 -3 406 4 184 5 492 -6 995 7 485 8 675 9 571 -10 35
10 -1 115 2 592 3 936 4 776 5 76 -6 749 7 500 8 962 9 696 10 508
10 1 41 2 72 3 173 -4 40 -5 659 -6 534 7 214 8 811 9 512 -10 26
10 1 721 -2 560 3 568 4 150 -5 45 -6 805 -7 422 8 121 -9 780 -10 894
10 -1 689 2 144 3 588 4 49 -5 235 6 249 7 300 8 397 9 804 -10 27
10 -1 412 -2 456 3 75 4 46 5 809 -6 680 -7 807 -8 513 -9 960 -10 668
10 -1 667 2 439 -3 714 4 252 -5 844 -6 322 7 686 8 361 9 720 -10 95
10 -1 521 -2 36 -3 787 4 496 5 200 6 838 7 837 -8 995 -9 632 -10 190
10 1 687 2 553 -3 93 -4 97 -5 164 -6 392 7 805 8 664 -9 252 -10 381
10 1 968 2 103 -3 80 4 722 -5 506 -6 98 7 506 -8 864 -9 494 10 871
10 -1 135 2 646 3 851 -4 756 -5 552 6 617 7 22 8 127 -9 944 -10 471
10 1 371 2 857 -3 216 4 954 5 878 6 825 7 78 8 987 -9 115 -10 869
10 -1 376 2 877 3 92 -4 406 5 971 6 470 7 691 8 658 -9 883 10 378
10 -1 781 2 165 -3 83 -4 560 -5 613 -6 731 -7 781 8 835 9 213 -10 624
10 -1 544 2 47 -3 306 4 723 5 694 -6 741 -7 313 8 554 -9 19 10 15
10 -1 912 2 156 -3 313 -4 832 5 931 -6 120 -7 799 -8 590 -9 587 -10 320
10 -1 356 2 465 3 157 4 847 5 993 6 90 -7 111 -8 612 -9 953 -10 878
10 -1 561 2 396 -3 384 4 931 -5 291 -6 705 7 344 8 453 -9 250 10 667
10 -1 935 2 894 3 446 4 400 -5 292 -6 281 -7 447 -8 40 9 670 10 990
10 -1 525 -2 126 3 731 4 10 5 452 -6 416 7 51 -8 532 9 277 10 224
10 -1 529 -2 741 3 677 4 120 -5 393 6 377 7 823 8 381 9 17 -10 453
10 -1 187 2 881 -3 321 -4 261 -5 608 6 804 -7 199 -8 110 -9 640 10 390
10 1 683 -2 324 -3 578 4 993 5 22 6 654 -7 535 -8 41 9 239 -10 411
10 1 902 2 134 3 879 -4 553 -5 725 6 769 -7 289 -8 364 -9 940 10 942
10 -1 915 -2 483 -3 385 -4 929 5 484 -6 360 7 924 -8 937 9 693 10 322
10 -1 203 2 264 -3 666 -4 582 5 491 6 720 -7 726 8 888 -9 289 -10 420
10 -1 855 -2 243 -3 724 -4 26 5 218 -6 689 -7 336 8 781 -9 701 -10 808
10 1 119 2 53 -3 565 -4 526 5 14 6 259 7 836 -8 941 9 352 10 646
10 -1 913 2 660 -3 37 -4 687 -5 98 6 123 7 551 8 292 -9 425 10 833
10 1 133 -2 66 -3 925 -4 319 5 249 -6 772 7 513 -8 318 9 725 10 382
10 1 704 -2 676 3 820 -4 102 5 734 -6 892 -7 744 -8 246 9 454 10 77
10 1 817 2 157 3 902 -4 515 5 495 -6 660 7 562 8 70 9 888 10 821
10 1 556 2 77 -3 462 4 222 5 558 6 677 7 70 8 374 -9 224 10 588
10 -1 873 -2 628 -3 757 -4 713 -5 133 6 975 -7 283 -8 950 9 722 -10 671
10 1 961 -2 794 -3 414 4 990 -5 49 6 672 -7 51 -8 220 9 476 -10 746
10 1 902 -2 141 3 659 4 901 5 123 -6 695 7 179 -8 68 -9 701 -10 248
10 -1 200 2 79 -3 137 4 533 5 911 6 491 -7 986 -8 983 -9 103 -10 146
10 -1 359 -2 707 3 795 -4 35 -5 915 6 390 -7 623 -8 301 9 28 10 922
10 -1 257 -2 696 3 296 4 22 -5 787 6 764 7 108 -8 372 -9 866 -10 554
10 1 231 2 138 3 581 4 674 5 783 6 328 -7 123 -8 25 -9 987 -10 481
10 -1 712 2 752 3 501 4 240 -5 381 -6 5 7 198 8 937 9 53 10 73
10 -1 682 2 956 -3 763 4 886 -5 929 6 598 7 593 -8 957 9 158 10 480
10 1 550 2 879 3 692 4 983 5 780 6 445 -7 560 -8 972 9 894 -10 706
10 1 839 2 602 3 29 -4 694 5 591 6 914 -7 603 8 131 -9 285 10 228
10 -1 394 2 483 -3 147 -4 202 -5 931 6 79 -7 446 -8 345 -9 25 -10 747
10 -1 819 -2 493 3 63 -4 901 -5 749 6 869 7 187 8 194 9 960 10 928
10 -1 130 2 284 3 297 -4 188 5 919 6 857 -7 378 8 1 9 815 -10 64
10 -1 261 -2 677 3 994 4 816 5 415 -6 680 7 154 8 10 -9 865 -10 16
10 1 882 2 278 3 521 -4 644 5 64 6 529 7 143 8 803 9 582 10 32
10 -1 183 -2 91 -3 631 -4 456 -5 670 -6 30 -7 782 8 376 9 824 10 121
10 -1 1000 2 336 -3 296 -4 564 -5 444 -6 579 -7 583 -8 502 9 768 -10 83
10 -1 462 2 133 -3 953 4 973 5 680 6 244 -7 758 8 17 9 315 -10 375
10 1 113 -2 856 -3 510 4 915 -5 181 6 64 -7 796 8 13 9 550 -10 841
10 1 804 2 701 3 104 -4 749 5 304 6 794 -7 596 -8 288 9 246 10 292
10 1 845 -2 667 -3 362 4 123 -5 364 6 386 7 208 -8 181 9 547 10 725
10 -1 512 -2 740 3 164 4 639 5 918 6 650 -7 494 -8 507 -9 11 -10 64
10 -1 141 2 968 3 429 4 977 5 738 6 49 -7 673 8 760 9 8 -10 539
10 -1 779 2 883 3 359 -4 736 5 751 6 458 7 545 -8 82 -9 625 -10 279
10 1 341 2 324 3 295 4 702 5 120 -6 64 7 545 -8 654 -9 88 -10 101
10 -1 147 2 263 -3 955 4 406 -5 970 -6 464 7 302 -8 197 9 510 10 236
10 -1 527 2 910 -3 485 4 77 5 873 6 953 7 662 8 226 9 915 10 528
10 -1 870 -2 734 -3 25 -4 761 5 223 -6 579 7 254 -8 821 9 746 10 932
10 1 765 -2 908 3 193 4 242 5 695 -6 69 -7 581 -8 106 -9 977 -10 705
10 -1 294 2 921 -3 551 -4 213 5 768 6 883 7 385 -8 449 -9 651 -10 143
10 1 490 2 837 3 843 4 733 -5 703 6 155 7 364 -8 436 -9 552 10 622
10 -1 644 -2 138 -3 740 4 900 5 726 -6 35 7 967 -8 270 9 934 -10 270
10 -1 560 -2 693 3 760 -4 115 -5 853 -6 469 7 975 8 943 9 149 -10 286
10 -1 931 -2 780 -3 16 -4 678 5 166 6 762 -7 988 8 163 9 289 -10 992
10 -1 470 -2 751 3 189 4 231 -5 200 -6 629 7 917 8 833 9 775 10 252
10 1 859 2 305 -3 435 4 374 -5 90 -6 514 7 3 8 847 -9 507 -10 863
10 -1 279 -2 708 -3 759 -4 533 5 342 -6 168 7 130 -8 353 -9 23 10 127
10 1 74 -2 754 -3 647 -4 975 -5 111 6 916 7 982 -8 866 9 713 10 984
10 -1 4 2 836 -3 76 -4 189 -5 587 6 732 7 880 -8 502 -9 921 10 300
10 1 612 -2 119 3 396 4 417 -5 262 -6 926 -7 593 -8 555 -9 729 10 579
10 1 993 2 711 3 884 -4 595 -5 306 -6 324 -7 553 -8 278 9 436 10 497
10 -1 545 -2 653 -3 191 -4 442 -5 420 6 499 7 560 -8 994 -9 4 10 776
10 1 899 2 991 3 862 4 960 5 246 6 420 -7 762 8 484 9 750 -10 754
10 1 137 -2 859 3 972 -4 241 -5 169 -6 139 -7 606 -8 280 -9 414 10 740
10 1 230 2 90 -3 74 -4 905 -5 429 6 83 7 197 -8 640 -9 110 10 811
10 1 583 -2 401 -3 21 -4 109 5 80 6 510 -7 966 -8 684 9 654 -10 254
10 1 618 2 998 -3 29 -4 294 5 295 -6 309 7 880 -8 587 -9 481 10 190
10 1 179 2 867 -3 186 4 270 -5 911 -6 56 -7 664 8 797 -9 577 -10 302
10 1 543 2 344 3 813 4 344 5 347 -6 619 -7 415 -8 716 9 428 -10 446
10 -1 288 2 680 3 9 4 780 5 529 6 966 7 299 -8 868 -9 631 -10 716
10 1 150 -2 471 3 573 4 802 5 378 -6 222 7 644 -8 937 -9 45 -10 651
10 1 332 2 143 -3 512 -4 366 5 311 -6 904 7 240 -8 795 9 391 -10 377
10 -1 277 2 913 3 215 4 150 -5 543 6 289 -7 763 -8 883 -9 314 -10 823
10 -1 174 2 103 -3 491 4 504 -5 545 -6 423 -7 687 -8 797 -9 855 -10 835
10 1 678 2 863 -3 744 -4 616 -5 306 -6 897 7 398 8 390 9 181 10 195
10 1 67 2 634 3 494 -4 970 -5 629 -6 129 7 457 -8 170 9 964 10 184
10 -1 100 2 91 3 494 -4 721 5 558 6 353 -7 64 8 918 9 912 -10 712
10 1 656 2 613 -3 783 4 17 -5 102 -6 944 -7 914 -8 45 -9 324 -10 966
10 1 585 -2 762 -3 431 -4 9 5 247 6 406 7 471 -8 718 9 804 10 944
10 1 730 -2 679 3 797 -4 325 5 340 -6 671 7 790 -8 552 9 83 10 797
10 -1 443 -2 399 3 790 4 117 5 943 6 326 7 762 8 187 -9 185 10 434
10 1 89 -2 785 3 685 4 83 -5 69 -6 751 -7 454 -8 2 9 266 10 542
10 1 487 -2 602 -3 152 -4 481 -5 434 -6 963 7 702 8 161 9 570 10 555
10 1 58 2 102 3 481 -4 907 5 843 -6 246 -7 428 8 132 -9 575 -10 793
10 -1 695 -2 141 -3 448 -4 317 5 221 6 146 -7 176 8 216 9 421 -10 284
10 -1 269 -2 752 3 104 4 294 -5 671 6 67 7 998 8 530 9 91 -10 813
10 1 606 -2 97 3 972 -4 393 5 246 6 973 7 156 8 150 -9 499 10 71
10 -1 128 2 436 3 546 4 300 -5 397 6 259 7 795 8 177 -9 352 -10 832
10 -1 9 -2 877 3 480 4 394 5 76 6 365 7 88 8 881 9 955 10 903
10 1 693 -2 257 3 841 -4 908 5 697 6 97 7 62 -8 727 -9 27 -10 24
10 -1 44 -2 264 3 672 4 452 5 162 -6 731 -7 683 8 121 -9 751 10 43
10 -1 657 2 950 -3 966 4 348 -5 827 -6 497 7 796 8 528 9 652 10 90
10 1 743 -2 869 3 527 -4 674 -5 382 -6 344 -7 204 8 520 -9 682 10 882
10 1 146 -2 418 -3 153 -4 376 -5 485 6 535 -7 291 -8 39 9 261 -10 865
10 -1 728 -2 86 -3 64 -4 247 -5 314 -6 769 7 874 8 655 -9 309 10 928
10 1 81 -2 523 -3 348 -4 198 5 761 6 402 7 42 8 286 -9 382 -10 36
10 -1 635 2 154 3 976 4 966 5 871 -6 1 -7 845 8 783 9 665 10 511
10 1 159 2 731 -3 475 -4 361 5 714 -6 285 7 866 8 320 -9 920 10 965
10 -1 334 2 873 3 566 -4 114 -5 51 -6 382 7 940 8 827 9 316 10 248
10 -1 31 2 856 3 299 4 887 -5 718 6 183 7 665 8 41 -9 64 -10 618
10 -1 822 -2 11 3 641 4 530 -5 209 6 384 7 590 -8 400 -9 924 10 518
10 1 694 -2 864 3 317 -4 397 -5 313 -6 102 -7 608 8 24 9 334 10 525
10 -1 312 -2 769 3 498 -4 696 -5 872 -6 355 7 627 -8 402 -9 98 -10 44
10 -1 611 -2 647 -3 263 4 933 -5 465 -6 740 -7 48 8 538 9 764 -10 642
10 1 130 -2 139 3 869 -4 344 -5 558 6 600 7 777 8 583 9 919 10 970
10 -1 884 2 628 -3 685 4 658 -5 514 6 94 -7 970 8 185 9 98 -10 436
10 -1 682 -2 533 3 781 4 67 -5 407 -6 233 -7 624 -8 546 -9 205 10 879
10 -1 823 2 300 3 734 4 626 -5 776 6 52 7 1 8 194 -9 777 -10 906
10 -1 320 -2 253 -3 679 4 686 -5 576 6 827 -7 103 -8 857 9 167 10 168
10 -1 778 2 800 3 995 4 580 -5 383 6 440 -7 434 8 729 -9 276 10 588
10 -1 493 -2 816 3 400 4 557 5 352 6 195 -7 872 -8 841 -9 798 -10 516
10 1 75 2 351 3 507 -4 892 5 480 6 601 7 800 -8 960 -9 34 10 739
10 1 967 -2 663 3 624 4 224 -5 685 6 880 7 31 -8 371 9 602 -10 698
10 1 218 2 333 -3 897 4 937 -5 20 -6 510 7 857 -8 201 9 432 10 400
10 -1 665 -2 662 -3 505 -4 332 -5 673 -6 522 -7 41 -8 243 9 197 10 56
10 -1 643 2 427 3 293 4 179 5 622 6 163 7 774 8 603 -9 615 10 378
10 1 366 2 10 3 638 4 483 5 78 6 36 7 703 -8 587 -9 630 10 294
10 1 774 2 551 -3 757 -4 910 5 583 6 453 7 915 8 335 9 431 10 91
10 -1 16 2 205 -3 254 4 665 -5 671 6 663 -7 30 -8 692 -9 11 10 597
10 1 561 2 990 3 458 -4 91 5 863 6 271 7 575 -8 636 -9 517 -10 934
10 1 944 2 565 3 197 4 863 5 51 6 353 7 479 -8 849 -9 9 -10 703
10 -1 350 -2 738 -3 218 -4 332 5 870 6 638 -7 557 8 631 -9 144 10 130
10 -1 609 2 691 -3 155 4 899 -5 474 -6 494 7 357 8 180 -9 228 10 254
10 -1 974 -2 840 -3 206 -4 692 5 774 6 280 -7 881 8 511 9 282 -10 651
10 -1 406 2 773 -3 34 -4 319 -5 631 6 877 -7 603 8 930 -9 454 -10 240
10 -1 51 2 345 -3 103 -4 155 -5 713 6 974 7 425 -8 60 -9 917 -10 215
10 1 493 -2 700 -3 466 4 930 -5 416 6 254 7 138 8 483 -9 619 10 28
10 1 107 2 12 3 393 -4 366 -5 877 -6 71 -7 759 -8 363 -9 616 -10 904
10 -1 274 2 885 3 227 4 499 5 694 -6 12 7 199 -8 883 -9 959 -10 637
10 1 226 -2 900 -3 839 4 885 5 157 -6 626 7 753 8 902 9 465 10 301
10 -1 293 -2 747 3 549 -4 552 5 705 6 813 -7 987 8 999 -9 982 -10 418
10 1 527 -2 170 3 674 -4 717 -5 953 6 457 -7 600 -8 429 -9 618 -10 980
10 1 550 -2 495 -3 363 4 834 5 754 -6 190 -7 61 8 409 9 272 -10 692
10 -1 942 2 288 3 302 4 518 -5 410 6 747 -7 527 8 584 9 140 10 790
10 1 416 2 85 -3 488 4 538 5 212 -6 374 -7 898 -8 570 -9 840 10 310
10 -1 394 2 498 -3 218 -4 803 5 317 6 987 7 280 -8 953 -9 497 -10 430
10 1 991 2 907 3 32 4 880 -5 511 -6 179 7 524 -8 981 9 885 10 841
10 -1 62 2 639 -3 645 4 286 5 572 -6 988 7 193 -8 401 9 349 -10 703
10 1 443 2 45 -3 300 4 420 -5 338 -6 411 7 776 -8 267 9 536 10 6
10 1 543 2 225 -3 115 4 21 5 395 -6 162 -7 721 -8 177 9 563 10 829
10 -1 845 2 285 3 378 -4 321 5 218 6 825 7 15 -8 572 9 98 -10 862
10 -1 59 2 776 -3 365 -4 763 -5 966 -6 46 7 621 8 524 9 39 -10 726
10 1 336 -2 677 -3 974 -4 311 -5 744 6 642 -7 76 -8 757 9 398 10 559
10 -1 241 2 608 3 380 -4 263 5 750 -6 294 -7 334 -8 306 9 246 -10 566
10 1 720 2 551 3 556 -4 597 5 500 6 237 7 793 8 962 9 925 10 350
10 -1 451 2 550 -3 243 -4 491 -5 204 -6 392 -7 368 8 990 9 390 10 976
10 1 330 -2 78 -3 56 -4 387 5 608 -6 561 -7 361 8 298 9 813 -10 762
10 -1 514 -2 118 -3 318 -4 291 5 762 6 843 -7 817 -8 856 -9 944 -10 429
10 1 192 -2 842 -3 297 4 278 5 450 6 274 -7 192 -8 805 9 164 10 320
10 -1 185 -2 108 3 507 -4 26 -5 18 -6 766 -7 627 8 44 -9 728 10 405
10 -1 512 -2 729 -3 530 4 165 -5 907 -6 577 7 672 8 911 9 288 -10 931
10 1 113 -2 542 -3 777 -4 637 -5 578 -6 696 7 499 8 354 -9 544 -10 222
10 -1 210 2 772 3 640 -4 945 5 922 6 649 -7 943 8 297 9 506 10 774
10 -1 519 2 262 3 971 -4 235 5 960 6 464 -7 880 -8 473 9 578 -10 934
10 1 315 2 724 -3 305 4 559 5 406 6 998 7 902 8 748 9 750 10 97
10 1 502 2 811 -3 673 -4 617 -5 468 -6 809 -7 896 -8 798 9 990 10 689
10 1 328 2 246 -3 453 4 160 5 720 -6 806 -7 203 8 797 -9 7 -10 242
10 -1 776 -2 534 -3 363 -4 448 5 101 6 957 7 446 -8 664 -9 353 10 210
10 1 78 -2 137 -3 60 -4 655 -5 311 6 210 -7 316 8 785 9 789 -10 384
10 1 4 -2 659 3 716 -4 114 5 517 -6 220 7 515 8 504 -9 938 -10 188
10 1 127 2 458 -3 432 -4 708 -5 363 6 790 -7 776 8 830 -9 941 10 607
10 -1 811 -2 772 -3 626 4 705 5 4 -6 150 7 840 -8 180 -9 401 10 481
10 -1 418 -2 659 -3 70 -4 548 5 267 -6 451 7 222 -8 929 9 659 -10 980
10 -1 167 2 157 3 896 4 155 -5 997 -6 275 -7 415 -8 132 -9 728 -10 957
10 1 391 2 867 -3 687 4 317 5 199 -6 439 -7 555 -8 811 9 626 10 635
10 -1 706 2 462 3 470 4 144 5 257 6 137 7 223 8 914 -9 569 10 959
10 -1 647 -2 562 3 205 4 484 -5 916 6 734 7 570 8 360 -9 117 10 629
10 1 296 -2 973 -3 98 -4 715 -5 530 6 452 -7 884 -8 8 -9 842 -10 612
10 -1 569 -2 398 3 329 4 981 -5 671 -6 957 7 2 8 156 9 544 -10 461
10 1 236 2 800 3 827 4 87 5 632 -6 488 7 341 8 863 -9 743 -10 303
10 1 925 2 912 -3 467 4 569 5 788 -6 474 -7 792 8 685 9 258 10 675
10 1 933 -2 597 3 198 -4 37 -5 617 6 843 -7 48 -8 184 9 949 -10 221
10 -1 782 -2 895 -3 961 -4 730 5 157 -6 433 -7 606 -8 696 -9 375 -10 88
10 1 629 2 292 3 893 4 34 5 435 6 13 7 694 -8 644 9 571 10 806
10 1 533 -2 308 -3 648 -4 405 -5 785 6 156 -7 176 -8 821 9 226 10 557
10 1 3 -2 531 3 444 4 41 -5 216 -6 217 7 890 8 724 9 438 -10 678
10 1 13 2 368 -3 785 -4 465 -5 119 -6 46 -7 718 -8 637 -9 347 -10 217
10 1 325 -2 438 -3 810 -4 530 5 108 6 394 -7 675 -8 966 -9 13 -10 497
10 -1 38 -2 643 -3 16 4 638 5 625 -6 216 -7 78 -8 278 9 758 10 941
10 -1 491 -2 495 -3 494 4 787 -5 59 6 981 7 28 -8 760 9 548 -10 262
10 -1 123 -2 808 -3 677 -4 585 -5 993 -6 65 -7 334 -8 742 9 29 10 190
10 -1 808 2 359 -3 55 -4 653 -5 911 6 26 -7 789 -8 77 9 768 -10 113
10 -1 458 2 861 3 976 -4 585 5 741 -6 702 -7 356 8 588 -9 578 -10 629
10 -1 845 2 106 3 555 -4 259 5 503 6 622 7 549 8 880 -9 834 10 1000
10 1 930 2 714 -3 75 4 250 5 727 6 41 7 494 8 420 -9 440 -10 953
10 -1 868 2 230 3 223 -4 616 -5 896 -6 336 -7 158 -8 880 -9 217 10 176
10 -1 817 -2 816 -3 189 4 872 -5 234 -6 480 -7 79 -8 105 -9 598 10 917
10 1 931 2 419 3 732 -4 180 -5 656 -6 666 -7 183 -8 667 9 893 10 886
10 1 410 2 509 -3 517 4 637 5 794 6 504 -7 614 8 218 9 359 -10 9
10 1 329 -2 236 3 917 -4 208 5 492 -6 341 -7 183 8 145 9 617 10 212
10 1 980 2 405 3 360 4 409 -5 194 6 38 -7 209 8 264 -9 490 -10 879
10 1 267 2 129 -3 462 -4 462 -5 897 -6 162 7 875 -8 903 -9 913 -10 639
10 1 56 -2 696 -3 216 4 710 -5 455 -6 48 7 187 -8 884 -9 806 -10 801
10 -1 851 -2 240 3 64 -4 265 5 417 6 552 7 904 8 655 -9 816 -10 257
10 -1 465 -2 937 -3 721 -4 840 -5 85 -6 154 7 340 -8 407 -9 12 -10 791
10 1 743 2 537 3 560 -4 523 5 681 -6 575 -7 806 -8 985 -9 39 10 109
10 -1 784 2 653 -3 597 4 278 -5 401 6 961 7 766 8 775 9 602 10 180
10 -1 630 -2 764 -3 26 -4 455 5 784 -6 914 7 583 -8 432 -9 887 -10 979
10 1 38 -2 702 3 446 -4 235 5 862 -6 150 -7 7 -8 447 -9 551 -10 308
10 -1 493 2 557 -3 813 4 907 5 726 -6 170 7 214 -8 16 9 311 -10 575
10 1 750 2 319 3 454 -4 364 5 15 6 915 7 634 -8 557 9 104 -10 866
10 -1 662 -2 971 3 747 -4 543 -5 285 6 176 7 791 -8 211 9 598 -10 878
10 -1 468 2 208 -3 857 -4 109 -5 246 6 811 7 760 -8 45 9 638 10 105
10 1 709 2 907 -3 93 4 664 5 443 -6 943 -7 72 8 148 -9 170 -10 462
10 -1 290 -2 178 3 839 -4 374 5 497 6 505 -7 287 8 124 -9 326 10 615
10 -1 211 2 626 -3 749 4 533 -5 438 -6 73 7 536 8 646 -9 536 -10 592
10 1 769 2 217 3 759 4 691 5 968 -6 608 7 289 -8 564 -9 100 -10 598
10 1 822 -2 913 -3 19 -4 873 5 343 -6 736 7 39 -8 141 9 972 10 724
10 1 59 -2 832 -3 113 -4 598 5 204 -6 424 7 210 8 506 9 108 10 556
10 -1 549 -2 19 -3 422 -4 982 -5 443 -6 703 7 436 -8 457 9 250 -10 138
10 -1 744 2 294 -3 766 4 530 -5 846 -6 257 7 197 8 74 -9 621 10 40
10 -1 19 2 431 -3 573 4 559 5 114 -6 848 7 621 8 881 9 419 10 127
10 1 800 -2 710 -3 500 -4 739 5 268 -6 656 -7 326 -8 999 -9 667 -10 153
10 -1 205 2 344 -3 610 4 85 -5 781 -6 50 -7 652 -8 769 -9 163 10 655
10 1 981 2 785 3 645 4 525 5 921 -6 318 7 232 8 628 9 772 10 146
10 1 954 2 104 3 512 4 296 -5 128 -6 452 -7 534 -8 17 9 71 10 455
10 -1 734 -2 338 3 51 -4 958 5 986 -6 458 -7 833 -8 211 9 67 10 752
10 1 660 -2 840 -3 614 -4 27 5 357 -6 449 -7 573 8 90 9 478 -10 146
10 -1 372 -2 378 3 837 -4 325 5 509 6 121 7 530 8 449 -9 780 10 762
10 -1 468 -2 964 -3 746 -4 903 -5 726 -6 96 -7 340 -8 900 9 51 -10 305
10 -1 547 -2 34 -3 486 -4 510 5 506 -6 297 -7 799 -8 840 9 874 -10 821
10 -1 343 -2 40 3 808 -4 269 5 474 -6 558 7 89 8 351 -9 509 -10 349
10 -1 697 -2 929 -3 20 -4 883 5 572 -6 596 -7 580 -8 606 9 945 10 456
10 1 309 2 154 -3 492 -4 137 -5 431 -6 988 -7 358 -8 190 9 914 10 995
10 1 534 2 468 3 439 4 502 -5 284 -6 173 -7 432 -8 724 -9 775 -10 60
10 1 693 -2 580 3 752 -4 974 -5 533 6 309 7 110 8 647 -9 117 -10 392
10 1 753 -2 720 -3 736 -4 590 5 319 6 764 7 207 -8 723 9 995 10 288
10 1 931 -2 325 -3 823 4 639 5 944 6 499 -7 403 8 736 9 813 -10 956
10 -1 826 2 358 -3 731 4 332 -5 933 6 921 7 216 -8 297 9 969 10 403
10 -1 811 -2 980 -3 106 -4 305 5 479 6 502 -7 498 8 928 -9 207 10 814
10 -1 641 2 809 -3 976 -4 866 -5 855 -6 479 -7 207 -8 413 9 147 -10 464
10 -1 122 -2 150 3 787 4 771 -5 8 -6 34 -7 562 -8 664 9 589 -10 887
10 1 918 -2 220 -3 366 4 690 5 429 -6 743 -7 732 -8 205 -9 146 10 718
10 1 205 -2 775 3 474 -4 997 -5 658 -6 912 -7 211 8 868 -9 765 -10 124
10 1 323 2 307 3 330 -4 963 -5 731 -6 839 -7 603 -8 592 9 289 10 910
10 1 882 -2 755 3 982 -4 925 -5 83 -6 438 -7 774 -8 823 -9 380 10 673
10 1 739 2 508 3 852 -4 796 -5 823 6 756 7 512 8 962 9 185 -10 554
10 1 388 -2 713 3 16 4 563 -5 236 -6 836 -7 343 -8 269 -9 687 -10 950
10 -1 534 2 385 -3 15 4 872 5 736 -6 933 -7 717 8 333 9 255 10 31
10 -1 690 -2 304 3 614 4 881 5 566 -6 854 -7 442 -8 23 9 579 -10 342
10 1 894 2 114 3 964 4 703 5 221 6 899 -7 729 -8 844 9 575 10 604
10 1 828 2 343 3 568 -4 156 -5 169 6 973 7 65 -8 279 9 496 10 116
10 -1 303 2 81 -3 793 4 134 5 754 -6 889 -7 555 8 141 -9 873 -10 366
10 -1 865 -2 104 -3 855 -4 66 5 424 6 614 -7 415 8 673 9 327 10 70
10 -1 902 -2 836 3 712 4 965 -5 921 -6 959 -7 355 8 359 9 420 10 331
10 1 644 2 913 3 755 -4 625 5 233 6 610 -7 415 8 39 9 973 -10 874
10 -1 86 -2 823 3 535 4 932 -5 63 -6 159 7 869 -8 447 9 261 -10 893
10 1 913 -2 822 -3 524 4 675 5 263 6 152 -7 656 -8 686 -9 288 10 366
10 -1 395 -2 455 -3 64 -4 223 -5 344 -6 616 -7 310 -8 854 -9 491 10 530
10 1 277 -2 492 -3 237 -4 509 -5 984 6 939 7 975 -8 582 9 532 10 451
10 -1 844 2 730 -3 351 -4 569 -5 414 6 635 7 394 -8 455 -9 52 10 12
10 -1 947 -2 904 -3 90 4 380 -5 446 -6 773 7 748 8 509 -9 667 10 173
10 -1 641 2 956 3 198 4 634 -5 772 -6 974 -7 917 -8 330 9 375 -10 830
10 1 845 -2 950 -3 813 -4 990 -5 334 6 402 -7 151 8 84 9 995 -10 33
10 1 698 -2 383 3 630 4 367 5 610 -6 583 -7 574 8 941 9 873 10 48
10 1 318 2 353 3 982 -4 173 -5 190 -6 190 -7 623 -8 536 -9 5 -10 403
10 -1 80 -2 707 3 409 -4 663 -5 125 -6 239 7 855 -8 503 -9 463 -10 470
10 -1 459 -2 507 -3 293 -4 486 -5 330 6 399 -7 383 -8 620 9 274 -10 877
10 -1 15 -2 137 -3 390 -4 895 -5 84 -6 267 7 328 -8 5 9 904 10 889
10 -1 628 2 791 3 990 4 846 -5 59 6 89 -7 934 8 574 9 385 10 897
10 -1 646 2 383 3 710 4 64 5 558 -6 868 7 138 -8 974 -9 226 -10 140
10 1 713 2 283 3 338 4 518 -5 11 -6 537 -7 36 -8 109 9 496 10 674
10 1 199 2 984 3 569 4 44 5 19 6 268 -7 688 -8 433 -9 515 10 682
10 -1 709 2 725 3 927 -4 311 -5 820 -6 933 -7 307 -8 273 9 423 10 273
10 -1 863 -2 308 -3 201 -4 474 -5 286 -6 303 7 386 -8 731 -9 731 10 509
10 -1 309 -2 382 -3 65 4 4 -5 866 6 82 -7 334 -8 934 9 257 10 189
10 1 666 2 209 3 208 -4 398 5 969 6 266 7 954 8 523 -9 787 -10 852
10 -1 65 2 579 -3 383 4 411 5 730 6 682 7 506 8 270 -9 488 -10 814
10 -1 354 -2 496 -3 480 -4 248 -5 954 6 152 7 461 8 852 -9 212 -10 158
10 -1 752 2 470 -3 774 -4 841 -5 353 6 362 -7 249 8 18 9 570 -10 913
10 -1 107 -2 289 3 36 4 874 5 560 -6 395 7 1000 -8 164 -9 787 -10 598
10 -1 45 2 779 -3 312 4 394 5 999 6 23 -7 822 8 371 9 834 10 915
10 -1 427 -2 234 -3 607 4 809 -5 178 -6 405 -7 200 -8 20 -9 462 10 177
10 -1 876 -2 363 -3 166 4 811 5 442 6 203 -7 916 -8 671 9 663 10 69
10 1 268 2 336 -3 583 -4 331 -5 33 -6 19 -7 854 8 981 9 544 10 474
10 -1 868 2 990 -3 278 -4 157 5 339 -6 601 -7 562 8 255 9 210 10 706
10 1 601 -2 509 -3 251 -4 75 -5 197 -6 887 7 550 8 587 -9 753 -10 227
10 -1 60 -2 156 -3 373 4 222 5 7 -6 414 7 466 -8 520 9 839 10 673
10 -1 353 -2 43 -3 414 4 157 -5 681 -6 727 7 358 -8 286 -9 159 10 521
10 1 432 -2 507 3 569 -4 719 -5 72 6 366 -7 130 -8 168 9 863 -10 104
10 1 799 -2 683 3 323 4 772 -5 136 -6 937 7 356 8 485 9 866 10 292
10 -1 921 -2 899 -3 775 4 543 5 909 6 529 7 933 -8 562 -9 700 10 801
10 -1 535 -2 998 3 364 4 653 5 62 6 671 -7 722 -8 766 -9 994 -10 970
10 -1 263 2 317 3 94 4 837 5 69 6 221 -7 261 -8 167 9 884 -10 808
10 -1 801 -2 637 3 640 4 959 -5 570 6 240 -7 332 8 379 9 243 -10 355
10 1 600 -2 129 3 371 4 901 5 44 6 153 7 320 8 335 9 750 -10 109
10 1 827 -2 85 -3 172 4 578 -5 90 -6 56 -7 523 8 730 -9 491 -10 701
10 1 551 -2 657 -3 885 -4 428 5 430 -6 603 7 331 8 119 9 334 10 109
10 1 133 2 86 3 51 4 550 -5 165 6 869 7 27 -8 157 -9 750 -10 915
10 1 825 -2 377 3 504 4 748 5 733 6 418 7 635 8 804 9 373 10 686
10 1 521 -2 810 3 634 -4 944 -5 989 -6 747 -7 772 8 516 -9 638 -10 702
10 1 129 2 683 -3 851 4 769 5 397 -6 493 -7 363 8 830 -9 852 -10 234
10 -1 61 -2 926 -3 448 -4 38 -5 22 -6 891 7 404 8 758 -9 214 -10 568
10 1 165 -2 789 -3 933 -4 243 5 286 -6 149 7 130 -8 394 9 458 10 625
10 1 454 2 593 -3 525 -4 427 5 25 -6 483 -7 20 -8 67 9 474 10 472
10 1 728 -2 110 -3 175 4 49 5 449 -6 999 7 19 8 152 -9 841 10 34
10 1 327 -2 808 -3 4 -4 483 5 954 6 847 7 306 8 144 -9 671 -10 673
10 1 482 2 432 -3 426 -4 971 -5 626 -6 363 -7 33 -8 92 9 355 -10 191
10 1 994 -2 663 -3 54 4 256 -5 671 6 48 -7 951 -8 302 -9 12 10 411
10 1 984 -2 479 -3 400 -4 804 5 456 -6 838 -7 75 -8 452 -9 602 -10 297
10 1 808 -2 886 -3 875 4 644 -5 40 6 113 -7 927 -8 173 9 557 -10 348
10 -1 844 -2 780 3 566 -4 6 5 742 6 80 7 617 -8 603 9 228 10 567
10 -1 824 2 558 -3 843 -4 212 -5 171 -6 396 7 5 -8 863 -9 123 10 280
10 -1 663 -2 939 -3 35 -4 293 5 128 -6 831 -7 370 8 537 -9 37 10 825
10 -1 979 -2 528 -3 209 -4 836 5 402 -6 359 7 972 8 490 -9 270 -10 621
10 1 564 2 765 3 707 4 748 5 395 -6 13 -7 166 -8 11 -9 60 10 805
10 -1 871 -2 1 3 906 -4 803 5 199 -6 575 7 769 8 673 -9 456 10 918
10 -1 199 -2 25 3 388 -4 52 5 197 -6 388 7 205 -8 578 9 358 10 453
10 -1 654 2 678 -3 48 -4 688 -5 609 -6 675 7 9 8 307 -9 297 10 992
10 -1 157 2 829 -3 571 4 719 5 513 6 581 7 971 -8 141 9 449 10 502
10 -1 982 -2 121 -3 432 4 664 -5 832 -6 461 7 727 8 347 -9 362 -10 103
10 -1 702 2 740 -3 418 4 627 -5 318 6 845 -7 526 -8 721 9 455 10 424
10 -1 300 -2 748 -3 131 4 558 5 873 6 594 7 475 -8 706 9 829 10 534
10 -1 685 -2 161 3 398 -4 82 -5 705 -6 435 7 691 8 418 -9 41 10 193
10 -1 128 -2 525 -3 556 -4 92 5 953 6 559 7 523 -8 298 9 806 10 721
10 1 791 -2 833 3 198 4 101 -5 956 6 77 -7 911 -8 379 -9 679 10 212
10 -1 620 -2 243 3 502 4 59 5 794 6 525 7 779 8 588 9 59 10 284
10 1 312 -2 613 3 121 -4 606 5 419 6 601 7 500 -8 609 9 145 -10 886
10 1 779 2 919 -3 295 4 631 5 68 -6 9 7 505 -8 622 -9 718 10 882
10 1 382 -2 292 3 760 4 313 5 472 6 23 7 459 -8 377 -9 334 -10 955
10 1 767 2 161 -3 328 -4 841 5 962 -6 436 -7 957 8 748 -9 889 -10 486
10 1 130 -2 276 -3 811 -4 172 5 444 -6 992 -7 204 -8 876 9 172 -10 452
10 1 79 2 767 3 629 4 823 -5 187 -6 323 -7 906 8 189 -9 573 10 534
10 -1 787 2 429 -3 959 4 790 5 426 -6 179 7 589 8 154 9 620 10 281
10 -1 364 2 372 -3 505 4 453 -5 481 6 559 -7 129 8 170 -9 386 -10 896
10 -1 193 -2 162 -3 200 4 842 5 258 -6 979 7 634 8 246 9 140 10 28
10 1 14 2 80 -3 302 -4 838 -5 661 -6 709 -7 538 8 885 -9 450 10 959
10 -1 12 2 5 -3 121 -4 721 -5 246 -6 552 7 620 8 129 9 340 -10 18
10 -1 740 2 818 3 149 -4 161 5 911 6 619 7 933 -8 889 9 806 10 779
10 -1 91 2 858 -3 145 -4 535 5 70 6 348 7 42 8 849 9 729 -10 355
10 -1 466 -2 925 -3 993 4 640 5 992 -6 776 7 12 8 758 9 420 -10 666
10 -1 383 2 929 -3 228 4 965 5 418 6 940 -7 396 -8 837 -9 286 10 167
10 -1 212 -2 902 3 998 -4 712 -5 745 -6 265 7 212 -8 171 9 839 -10 469
10 -1 586 2 185 -3 159 4 93 5 36 6 894 -7 941 -8 497 -9 786 10 844
10 -1 124 -2 407 -3 503 -4 481 -5 949 -6 289 -7 378 -8 521 9 13 -10 815
10 1 409 2 739 -3 141 -4 234 -5 190 6 512 -7 554 -8 542 9 105 -10 349
10 1 207 -2 746 3 127 -4 990 5 501 6 946 -7 7 -8 74 9 430 -10 918
10 1 747 -2 338 3 249 -4 940 5 309 6 23 7 601 8 491 9 368 -10 76
10 -1 738 2 962 -3 261 -4 754 -5 455 6 300 7 626 -8 151 -9 625 10 439
10 -1 929 -2 261 -3 597 -4 4 5 277 6 564 -7 619 8 121 -9 72 -10 777
10 1 226 2 487 -3 303 4 430 -5 598 -6 682 -7 738 8 120 9 482 10 148
10 -1 377 2 74 -3 723 -4 418 5 336 -6 443 -7 240 8 979 9 981 -10 548
10 -1 110 -2 843 -3 545 4 657 -5 359 -6 722 7 837 -8 106 -9 661 -10 234
10 -1 198 -2 571 3 110 -4 342 5 112 6 757 -7 34 -8 823 -9 478 -10 755
10 -1 885 -2 72 3 368 4 943 5 489 -6 589 7 546 -8 948 -9 672 -10 834
10 1 948 -2 222 -3 108 4 205 5 512 -6 740 7 781 -8 717 -9 818 10 17
10 1 863 -2 509 3 664 -4 671 -5 788 -6 82 7 913 -8 21 9 578 -10 19
10 1 733 -2 534 -3 703 4 48 -5 787 -6 706 -7 93 8 691 -9 282 -10 10
10 1 785 2 148 3 825 4 693 5 312 -6 345 7 631 -8 911 -9 388 10 628
10 1 198 2 101 3 959 4 725 5 254 -6 364 7 721 8 681 -9 914 10 91
10 -1 279 2 284 3 720 4 99 -5 677 6 867 -7 500 8 411 -9 131 10 836
10 -1 644 -2 577 3 322 -4 176 -5 930 6 342 7 7 -8 554 9 295 10 531
10 -1 264 -2 152 -3 86 -4 700 -5 313 -6 41 -7 761 8 929 -9 939 10 592
10 -1 657 2 145 3 698 -4 401 -5 669 6 100 -7 550 8 471 9 535 -10 321
10 1 519 -2 541 -3 444 4 311 -5 565 6 590 7 766 8 145 -9 826 10 284
10 -1 974 -2 209 -3 280 4 19 -5 247 6 614 -7 695 -8 441 9 899 10 406
10 1 150 2 257 -3 730 -4 806 -5 898 6 481 7 840 8 746 9 782 10 324
10 -1 762 2 512 3 218 -4 993 5 125 -6 107 7 376 8 351 -9 85 -10 682
10 1 653 2 894 3 996 4 382 5 246 -6 609 -7 611 8 826 -9 302 10 788
10 1 423 -2 45 -3 721 -4 800 -5 147 6 348 7 421 8 787 9 161 -10 702
10 1 619 -2 61 3 148 -4 964 5 217 6 714 -7 585 -8 595 9 242 10 434
10 1 762 -2 795 -3 472 4 854 5 877 -6 655 7 72 -8 231 9 263 10 145
10 -1 618 -2 854 3 630 4 861 -5 696 6 377 -7 88 -8 527 -9 306 -10 918
10 -1 472 -2 109 -3 111 -4 478 -5 953 -6 758 7 757 8 46 9 73 -10 304
10 1 541 2 613 3 927 4 724 5 219 -6 797 7 85 -8 857 -9 241 -10 616
10 1 429 -2 617 -3 31 4 354 -5 206 -6 19 -7 301 8 880 9 692 10 617
10 -1 604 2 568 3 227 4 799 5 252 6 497 7 148 -8 904 -9 704 -10 475
10 -1 927 2 637 3 27 4 673 5 633 -6 201 7 570 -8 852 -9 950 10 440
10 -1 354 -2 54 3 407 4 530 5 732 -6 933 -7 9 8 806 9 152 -10 34
10 -1 491 -2 605 3 898 -4 958 5 37 -6 336 7 439 -8 222 -9 565 -10 217
10 1 771 2 163 -3 806 4 726 5 106 6 16 7 179 -8 730 9 822 10 455
10 -1 65 -2 100 3 953 -4 399 -5 265 -6 247 -7 830 -8 795 9 588 10 841
10 1 19 -2 436 3 199 4 230 -5 988 -6 940 7 30 -8 614 -9 471 10 130
10 1 991 2 207 3 799 4 237 -5 551 6 842 -7 148 8 930 9 303 -10 369
10 1 595 2 937 3 512 -4 447 -5 915 -6 786 7 12 8 694 -9 156 10 753
10 -1 204 -2 666 -3 691 4 508 5 747 6 198 -7 374 8 991 -9 566 -10 193
10 -1 823 2 63 3 668 4 851 -5 831 6 708 -7 476 -8 984 -9 381 10 133
10 1 579 -2 999 -3 950 -4 471 5 721 -6 709 7 212 8 372 9 761 -10 326
10 1 157 -2 106 3 575 -4 217 -5 873 6 439 -7 287 -8 226 -9 740 -10 143
10 1 111 2 867 -3 717 4 627 -5 444 -6 332 -7 780 8 109 -9 700 10 439
10 1 458 2 451 3 147 -4 783 5 89 -6 712 -7 764 8 957 9 304 -10 908
10 1 233 -2 313 3 483 -4 515 -5 701 -6 646 7 640 -8 213 9 225 10 897
10 1 463 2 748 3 596 4 691 5 471 -6 913 -7 360 8 732 -9 145 10 409
10 1 649 2 146 -3 495 -4 907 5 78 -6 962 7 523 8 75 -9 180 -10 590
10 -1 386 2 536 3 961 4 925 -5 662 6 82 -7 231 -8 81 -9 757 10 497
10 1 514 -2 684 -3 526 4 613 -5 26 -6 526 7 507 -8 58 9 110 10 487
10 -1 118 -2 798 -3 34 -4 393 5 640 -6 905 7 473 8 321 -9 702 10 773
10 1 209 -2 179 -3 514 -4 276 -5 835 6 616 7 156 8 995 -9 458 -10 510
10 -1 187 2 918 3 946 -4 824 5 709 -6 354 7 376 -8 157 -9 792 -10 337
10 -1 918 2 794 3 713 4 767 5 406 -6 113 -7 218 -8 794 -9 195 -10 402
10 1 45 2 891 -3 489 -4 476 5 769 6 140 7 413 8 743 9 972 10 441
10 -1 957 -2 38 3 813 4 690 5 235 6 191 -7 87 -8 141 9 572 -10 209
10 -1 402 2 237 -3 457 -4 318 5 207 6 414 7 399 -8 181 -9 301 10 946
10 1 811 2 863 3 255 4 502 -5 927 6 270 -7 889 8 90 -9 963 -10 832
10 1 44 -2 818 -3 220 -4 782 -5 609 6 814 -7 422 -8 863 -9 743 10 445
10 -1 497 -2 558 -3 201 4 560 -5 14 -6 103 7 477 -8 13 -9 458 10 781
10 -1 532 2 245 3 687 4 602 5 646 6 970 7 947 8 255 9 672 -10 493
10 1 598 2 319 3 431 -4 877 5 894 6 618 -7 294 8 198 9 502 10 945
10 -1 992 -2 15 3 761 -4 190 5 797 6 923 7 453 -8 539 -9 803 10 33
10 -1 168 2 48 3 698 4 781 -5 63 -6 446 7 834 8 349 -9 508 -10 989
10 -1 843 -2 348 -3 861 4 452 -5 385 -6 934 7 190 -8 320 -9 136 10 100
10 -1 952 -2 830 3 101 4 384 5 874 6 12 -7 123 8 778 9 161 -10 238
10 -1 213 2 357 3 908 4 267 5 248 -6 746 7 296 8 255 9 680 -10 36
10 -1 299 2 90 -3 122 4 431 5 771 -6 786 7 890 -8 552 -9 615 -10 484
10 1 719 -2 796 -3 222 4 677 -5 1000 -6 594 -7 734 8 249 9 681 10 499
10 1 327 -2 283 3 468 -4 325 -5 798 -6 19 -7 549 8 505 -9 550 -10 605
10 -1 956 2 655 -3 901 4 343 -5 55 6 609 7 520 -8 86 9 190 10 252
10 -1 477 -2 286 -3 925 -4 670 5 124 -6 327 7 14 -8 980 9 421 -10 590
10 1 889 -2 723 -3 826 -4 611 -5 230 -6 587 7 972 -8 374 9 167 -10 369
10 1 416 -2 708 -3 303 4 534 5 709 6 330 -7 417 -8 966 -9 501 10 396
10 -1 96 2 810 3 689 -4 578 5 278 6 493 7 868 8 223 -9 154 10 51
10 1 91 2 970 -3 995 -4 483 5 63 6 822 -7 612 -8 463 9 422 -10 746
10 1 10 -2 52 -3 647 4 654 5 54 -6 595 7 135 8 708 -9 450 10 29
10 1 295 -2 946 -3 136 -4 645 -5 940 -6 728 -7 154 8 2 -9 1000 10 11
10 -1 923 -2 22 -3 856 4 707 5 835 -6 83 -7 640 8 482 9 221 -10 973
10 1 548 -2 813 3 517 -4 889 -5 729 6 784 -7 245 8 110 9 751 -10 303
10 -1 111 2 389 3 564 4 647 5 502 -6 832 7 366 8 152 9 598 -10 932
10 1 944 -2 336 3 614 4 445 5 684 6 599 -7 40 8 608 9 28 -10 745
10 -1 710 2 91 3 499 -4 357 -5 418 -6 955 7 436 8 544 -9 119 10 438
10 -1 490 -2 555 -3 881 -4 584 5 406 -6 661 7 892 8 411 -9 184 10 710
10 -1 666 -2 796 -3 924 4 127 -5 628 6 405 -7 279 8 174 -9 788 -10 891
10 1 198 -2 512 -3 674 4 67 5 129 6 81 7 251 8 661 9 590 -10 588
10 1 762 2 434 -3 464 4 658 5 62 -6 584 7 747 -8 353 9 303 -10 932
10 1 770 -2 128 -3 695 4 210 5 849 -6 499 7 9 8 887 -9 522 10 632
10 -1 623 2 455 -3 332 -4 394 -5 784 -6 265 -7 959 8 451 -9 539 10 487
10 -1 858 2 516 3 941 4 198 5 453 6 847 7 78 8 710 9 384 10 161
10 -1 327 2 734 -3 833 4 134 -5 47 6 801 -7 248 -8 786 -9 684 -10 23
10 -1 784 -2 936 3 472 -4 671 5 88 -6 280 7 922 8 282 9 468 -10 699
10 1 776 2 192 -3 756 4 814 -5 258 -6 938 7 261 -8 147 -9 379 10 808
10 1 520 2 938 3 701 4 784 -5 362 6 671 -7 478 8 219 -9 176 10 347
10 1 50 -2 976 3 928 -4 155 5 986 -6 560 7 238 8 164 -9 886 10 808
10 -1 52 -2 13 -3 357 4 722 5 969 6 718 -7 576 8 54 -9 1 10 548
10 -1 210 -2 857 3 370 4 670 5 854 6 396 -7 310 -8 873 -9 975 -10 467
10 1 576 2 209 3 299 4 770 -5 895 6 222 -7 680 -8 599 9 378 10 622
10 1 971 -2 576 -3 671 4 244 -5 445 6 935 -7 181 8 732 9 377 10 593
10 1 994 -2 745 -3 370 4 515 5 250 -6 423 7 842 -8 12 9 701 10 77
10 -1 214 2 108 -3 816 -4 555 5 886 6 288 -7 43 8 426 -9 249 10 962
10 -1 936 2 458 -3 335 -4 541 5 408 -6 768 -7 957 -8 102 -9 700 10 36
10 -1 76 -2 620 -3 408 -4 691 -5 333 -6 272 -7 636 8 956 9 182 -10 522
10 1 419 -2 376 3 119 -4 770 -5 804 6 869 -7 579 -8 491 -9 507 -10 366
10 -1 530 -2 582 -3 532 -4 320 5 395 6 762 -7 561 -8 482 -9 94 10 362
10 -1 785 2 153 3 559 -4 516 5 455 6 158 7 857 8 417 -9 802 10 883
10 -1 165 -2 245 3 40 -4 270 5 296 -6 941 -7 601 -8 292 -9 582 10 798
10 1 805 2 266 3 403 -4 607 5 430 -6 365 7 567 -8 929 9 472 10 154
10 1 309 -2 889 3 724 4 956 5 800 -6 523 7 494 -8 968 -9 364 10 430
10 -1 361 -2 716 3 613 4 70 -5 575 -6 850 7 959 8 31 -9 680 -10 759
10 -1 520 2 164 -3 10 4 238 -5 997 6 914 -7 894 8 930 -9 189 -10 213
10 1 176 2 365 3 705 4 684 5 808 -6 473 7 839 8 125 9 941 -10 378
10 -1 550 -2 285 3 324 4 604 5 191 6 347 -7 770 8 967 -9 945 10 340
10 -1 395 -2 160 3 629 -4 760 -5 163 6 584 -7 149 -8 744 9 795 -10 521
10 -1 983 2 634 3 252 -4 334 5 464 6 312 7 13 -8 994 9 120 10 11
10 -1 855 2 115 -3 879 4 891 -5 539 6 431 7 676 8 769 -9 859 10 681
10 1 398 2 805 3 206 4 206 5 954 -6 663 -7 826 8 834 -9 318 10 850
10 -1 408 -2 338 -3 494 4 106 -5 209 -6 542 7 344 -8 523 -9 905 -10 232
10 1 381 2 468 3 331 4 949 -5 28 -6 409 7 702 8 628 9 340 10 483
10 -1 140 -2 649 3 160 -4 270 5 71 6 778 -7 540 8 944 -9 639 -10 872
10 -1 993 -2 704 3 39 -4 699 5 311 -6 873 -7 949 -8 940 9 815 -10 371
10 1 595 -2 925 -3 405 -4 888 5 264 -6 190 -7 452 8 39 -9 973 10 451
10 -1 844 -2 16 3 282 -4 507 5 268 6 106 7 378 -8 216 9 154 10 992
10 -1 766 2 397 3 740 -4 355 5 826 6 979 7 229 8 263 9 443 -10 387
10 -1 572 -2 579 3 661 -4 919 5 196 6 560 7 445 -8 862 -9 832 10 948
10 -1 869 2 227 3 313 4 143 5 174 6 781 -7 647 8 479 9 344 -10 958
10 1 611 2 829 -3 283 4 588 5 326 6 320 -7 569 8 419 9 708 -10 544
10 1 199 -2 592 -3 856 -4 996 5 814 -6 568 -7 975 -8 636 -9 336 -10 336
10 -1 812 -2 674 -3 507 4 622 5 970 6 239 7 470 8 389 -9 931 -10 53
10 -1 420 2 512 -3 113 -4 701 -5 541 -6 841 -7 149 8 430 -9 444 -10 687
10 -1 684 -2 99 -3 445 -4 596 5 925 6 504 7 699 8 394 -9 601 10 481
10 -1 113 2 462 -3 440 4 280 5 637 -6 857 -7 158 8 63 9 296 10 711
10 -1 827 -2 320 -3 881 4 590 5 801 -6 190 7 888 -8 136 -9 467 -10 241
10 -1 528 -2 905 -3 649 4 452 -5 724 6 151 -7 154 8 750 -9 100 -10 694
10 -1 235 2 585 -3 192 -4 347 -5 452 -6 816 -7 903 -8 133 -9 859 -10 154
10 -1 980 -2 548 -3 455 4 974 -5 368 -6 415 7 998 -8 431 9 263 10 180
10 -1 724 2 639 -3 835 -4 20 5 51 6 305 7 591 -8 202 9 423 -10 88
10 -1 562 -2 377 -3 460 -4 131 5 295 6 547 -7 919 8 197 9 543 -10 137
10 1 223 -2 586 -3 296 4 810 -5 149 6 323 7 156 8 516 -9 250 10 869
10 -1 854 2 24 3 269 -4 234 5 116 -6 150 -7 714 8 18 -9 468 10 99
10 1 903 -2 270 -3 982 -4 765 -5 481 -6 117 -7 992 -8 416 9 386 -10 897
10 1 933 2 281 3 942 4 742 -5 780 -6 44 7 559 8 614 9 993 10 302
10 1 808 -2 138 -3 699 -4 74 5 721 6 932 -7 208 -8 946 9 830 10 172
10 1 795 2 359 3 75 4 807 5 985 -6 329 -7 79 8 128 9 256 -10 271
10 -1 845 -2 198 -3 974 -4 529 -5 226 -6 121 7 675 8 267 9 12 10 912
10 1 662 2 485 3 257 4 558 5 408 6 378 -7 651 -8 470 9 308 -10 884
10 1 835 2 622 3 433 -4 513 5 268 6 496 -7 204 8 102 9 848 -10 434
10 -1 956 -2 36 -3 164 4 303 5 855 6 878 7 444 8 970 -9 634 -10 733
10 1 980 2 572 3 728 -4 211 5 533 -6 812 -7 457 8 765 -9 161 -10 964
10 -1 141 2 51 -3 735 -4 324 -5 459 -6 125 -7 28 -8 397 9 679 -10 270
10 1 923 2 672 -3 940 4 939 -5 26 6 818 -7 413 -8 670 9 903 -10 108
10 1 324 -2 894 -3 194 -4 244 5 282 6 771 -7 869 -8 275 -9 822 -10 592
10 1 750 2 936 -3 376 -4 88 5 158 -6 860 -7 600 8 195 9 968 -10 971
10 1 298 -2 309 -3 667 4 446 -5 135 -6 473 -7 227 8 65 9 41 -10 832
10 1 622 -2 79 3 268 4 981 5 881 6 348 -7 598 -8 234 -9 393 10 897
10 1 834 2 460 3 261 -4 870 -5 938 6 64 7 745 -8 371 -9 855 -10 476
10 -1 784 2 35 -3 783 4 453 5 229 -6 390 -7 85 -8 293 -9 642 10 185
10 -1 900 2 636 3 320 4 581 -5 750 6 709 7 957 -8 493 -9 81 -10 411
10 1 440 2 411 3 284 -4 690 -5 894 6 985 7 232 -8 582 -9 786 10 755
10 1 483 -2 945 3 668 -4 212 -5 45 -6 550 -7 366 8 31 9 270 -10 35
10 -1 524 2 775 3 263 -4 827 5 679 6 24 -7 767 -8 349 9 121 10 412
10 -1 754 2 809 -3 957 -4 518 -5 917 -6 393 -7 728 -8 142 9 72 -10 819
10 1 374 2 783 3 565 -4 796 -5 939 6 790 -7 263 8 365 9 526 -10 465
10 -1 936 2 518 -3 577 4 339 -5 91 -6 729 7 645 8 779 9 246 10 293
10 1 635 2 230 3 679 4 271 -5 907 6 236 -7 680 8 932 9 309 10 936
10 1 194 2 345 -3 893 -4 447 5 489 6 601 -7 337 -8 826 9 98 -10 233
10 1 814 2 498 3 450 -4 55 -5 471 6 245 7 209 8 41 -9 755 -10 265
10 -1 656 2 842 -3 421 -4 181 -5 323 -6 731 -7 176 8 318 -9 734 -10 833
10 -1 762 2 351 -3 718 -4 914 5 110 -6 807 -7 302 8 244 -9 329 10 542
10 1 98 -2 138 3 618 4 577 5 265 -6 849 -7 467 8 487 -9 204 10 72
10 1 638 2 876 -3 411 -4 449 5 99 6 991 7 505 -8 245 9 257 -10 704
10 1 324 2 38 -3 549 4 428 -5 451 -6 320 -7 979 -8 992 -9 323 10 754
10 1 658 -2 530 3 768 4 181 5 909 6 509 -7 660 8 731 -9 630 10 489
10 1 904 2 221 3 226 -4 347 5 179 -6 618 7 35 8 594 9 586 -10 936
10 1 648 2 547 -3 744 4 532 5 60 6 462 -7 927 8 244 9 619 10 959
10 -1 817 -2 630 3 207 -4 986 -5 77 6 902 -7 479 8 128 -9 626 -10 360
10 1 642 2 332 -3 527 4 948 5 233 -6 737 -7 555 -8 798 9 951 10 535
10 1 8 2 318 3 594 -4 531 -5 381 -6 205 7 472 -8 23 -9 850 10 476
10 1 809 2 639 -3 494 4 34 -5 672 -6 985 7 824 8 87 -9 935 -10 447
10 -1 126 2 473 -3 844 4 87 5 634 -6 59 7 240 -8 553 -9 201 -10 630
10 -1 845 2 306 3 159 4 560 5 744 -6 624 7 371 8 918 9 225 10 723
10 -1 216 -2 165 3 929 -4 319 5 947 6 848 -7 681 8 573 9 73 -10 547
10 1 400 2 875 3 923 -4 539 -5 431 -6 550 7 874 -8 954 -9 974 -10 914
10 1 761 2 104 -3 559 -4 694 5 293 6 739 7 366 -8 344 -9 660 -10 536
10 -1 96 2 204 3 521 4 456 -5 532 6 396 7 897 8 768 -9 729 10 654
10 -1 392 2 484 -3 743 4 317 -5 92 6 454 -7 583 8 450 9 643 10 795
10 1 815 2 389 3 976 4 622 5 212 -6 589 7 355 8 314 -9 271 10 879
10 1 208 2 168 3 972 4 338 5 410 6 351 7 116 -8 70 -9 358 10 983
10 -1 601 2 503 3 932 -4 349 5 824 6 261 7 7 8 936 -9 630 10 244
10 -1 476 2 668 3 433 -4 781 -5 678 6 605 -7 642 -8 206 -9 699 -10 583
10 -1 940 2 141 3 176 4 491 5 494 -6 939 -7 904 8 362 9 778 10 266
10 1 131 2 732 3 704 4 99 5 407 -6 910 -7 9 -8 637 9 588 -10 153
10 1 86 2 1000 -3 177 4 725 5 565 -6 14 -7 65 -8 623 9 714 -10 680
10 -1 412 2 885 -3 505 4 618 5 55 6 414 7 386 -8 597 -9 344 -10 600
10 -1 238 2 343 3 521 4 985 5 953 6 280 -7 815 -8 903 -9 868 10 999
10 -1 406 2 97 3 316 -4 704 5 892 -6 493 7 77 8 228 9 931 10 480
10 -1 40 -2 674 3 417 4 907 5 342 -6 916 7 650 -8 587 -9 921 10 604
10 1 971 -2 944 -3 750 4 526 5 544 -6 906 7 341 -8 691 9 456 -10 611
10 -1 947 2 56 3 513 -4 975 5 188 6 878 7 850 8 24 9 722 10 372
10 1 95 2 261 3 709 -4 818 5 766 6 552 7 148 -8 607 -9 391 -10 766
10 1 823 -2 44 3 9 4 635 -5 726 -6 890 7 480 8 996 9 361 -10 995
10 1 408 -2 109 3 919 -4 886 5 515 6 260 7 964 -8 632 -9 524 10 337
10 1 666 -2 745 -3 367 -4 826 5 752 -6 650 7 685 -8 425 9 86 10 98
10 -1 661 -2 857 3 631 4 744 -5 938 6 138 7 375 8 28 9 228 10 254
10 1 822 2 186 3 580 4 377 5 410 -6 265 -7 642 -8 859 9 161 10 266
10 -1 320 -2 517 -3 901 -4 435 5 391 6 281 -7 746 -8 491 9 390 10 187
10 1 376 -2 773 3 558 -4 73 -5 250 -6 645 -7 109 -8 821 -9 696 -10 598
10 1 696 2 284 -3 776 -4 126 5 152 6 573 7 939 8 211 -9 414 10 219
10 -1 240 2 179 -3 78 -4 669 5 314 6 843 7 28 8 902 9 945 10 676
10 1 778 2 471 3 879 -4 31 -5 829 6 719 7 585 8 859 9 57 -10 694
10 1 945 -2 66 3 665 4 880 5 831 6 371 7 485 -8 969 -9 330 -10 301
10 -1 36 2 54 3 443 4 632 -5 636 -6 245 7 140 -8 621 9 7 10 758
10 -1 129 2 817 3 199 4 576 -5 945 6 6 7 127 8 81 9 451 10 423
10 1 56 2 571 -3 990 -4 813 -5 416 6 42 7 558 -8 999 -9 242 -10 431
10 -1 443 -2 260 -3 503 -4 329 5 430 -6 328 7 438 -8 855 -9 975 -10 984
10 1 361 -2 160 3 662 4 761 -5 664 -6 243 7 878 8 135 -9 127 10 488
10 1 249 -2 731 3 970 4 779 -5 980 -6 489 7 192 8 696 -9 848 -10 865
10 -1 606 2 632 -3 109 4 579 5 883 -6 797 7 745 -8 923 -9 37 -10 814
10 1 981 2 523 -3 1000 4 941 -5 683 -6 433 -7 84 -8 822 -9 30 10 598
10 -1 953 2 758 -3 599 4 835 5 946 -6 882 -7 89 8 2 9 208 -10 986
10 -1 909 2 663 -3 562 -4 935 -5 252 6 391 -7 559 8 77 9 523 10 721
10 -1 574 2 136 3 615 -4 819 5 619 6 727 -7 199 -8 245 -9 894 -10 31
10 1 777 -2 213 -3 148 -4 185 -5 270 -6 226 7 198 -8 844 -9 138 10 85
10 -1 59 2 947 3 891 -4 776 -5 13 -6 479 7 421 8 818 9 390 -10 996
10 1 303 2 78 -3 586 -4 393 -5 793 -6 57 -7 242 8 269 -9 457 -10 147
10 -1 595 2 803 3 967 -4 887 -5 601 -6 509 7 255 8 92 -9 476 10 397
10 1 571 2 767 -3 521 4 436 -5 113 -6 230 7 709 8 212 -9 620 10 279
10 1 252 2 821 -3 897 -4 312 -5 989 -6 220 -7 786 -8 896 -9 366 10 19
10 1 313 2 935 3 447 -4 964 5 277 6 721 -7 859 8 832 -9 267 10 659
10 -1 19 -2 35 3 580 4 794 5 684 6 922 7 492 -8 584 9 740 10 502
10 1 758 2 322 -3 522 4 93 -5 142 6 690 -7 105 8 919 9 104 10 745
10 1 727 -2 73 3 532 -4 865 -5 785 6 629 -7 481 -8 881 9 719 10 483
10 1 174 -2 21 -3 839 -4 835 -5 22 6 314 -7 83 8 292 9 728 10 577
10 -1 105 2 616 -3 909 -4 875 5 480 6 634 -7 11 8 745 -9 82 10 534
10 1 556 2 90 -3 90 4 85 -5 873 6 658 7 586 8 294 9 12 10 50
10 1 721 2 474 3 76 4 730 5 852 6 45 7 131 8 233 9 622 10 36
10 -1 839 2 867 3 181 4 135 -5 733 -6 831 7 314 8 287 -9 22 -10 270
10 -1 844 2 174 -3 992 4 209 5 630 -6 467 -7 311 -8 859 9 309 -10 388
10 -1 64 -2 976 -3 170 4 543 -5 797 -6 136 7 586 -8 930 9 112 -10 806
10 -1 312 2 678 3 413 4 19 5 346 -6 771 -7 674 -8 213 9 144 -10 474
10 1 481 -2 941 -3 791 4 346 -5 752 6 835 7 414 8 794 9 800 10 15
10 -1 725 2 138 3 257 4 876 -5 733 6 583 -7 37 -8 206 9 368 10 60
10 1 229 2 778 -3 35 -4 745 5 272 -6 215 -7 857 8 363 -9 745 10 440
10 -1 911 -2 840 3 567 -4 304 -5 986 -6 501 7 842 -8 343 -9 230 -10 807
10 1 937 -2 421 3 30 4 513 5 457 -6 734 7 57 8 599 9 244 10 961
10 -1 513 2 206 -3 77 4 823 -5 684 6 373 -7 740 -8 664 9 149 -10 193
10 1 372 -2 638 -3 690 4 224 5 984 6 140 -7 206 -8 420 -9 788 10 67
10 1 441 -2 791 -3 853 4 428 -5 815 6 122 7 794 8 669 -9 499 -10 132
10 -1 263 2 836 -3 174 -4 769 -5 28 -6 764 7 54 -8 672 9 328 -10 673
10 -1 730 2 932 3 107 -4 236 5 529 6 168 -7 651 -8 450 9 589 10 421
10 1 844 -2 806 3 538 -4 547 5 706 -6 714 -7 572 8 2 -9 411 -10 500
10 1 185 -2 70 3 453 -4 1000 -5 989 -6 481 -7 230 -8 318 -9 690 10 661
10 -1 326 -2 156 -3 697 -4 243 -5 939 -6 826 -7 268 8 401 9 95 10 740
10 1 924 2 215 3 933 -4 926 5 427 -6 790 -7 453 -8 819 -9 863 -10 914
10 1 810 2 801 3 333 -4 788 5 173 -6 459 -7 72 8 845 9 794 10 750
10 -1 218 2 692 -3 766 -4 508 -5 165 -6 492 -7 934 -8 581 9 698 10 752
10 -1 875 2 143 -3 273 -4 673 5 573 6 285 -7 719 -8 836 -9 592 10 942
10 -1 914 2 431 -3 438 4 747 5 946 6 40 7 762 -8 796 -9 129 10 770
10 1 245 -2 279 3 891 4 741 -5 333 6 358 7 543 -8 750 9 540 -10 792
10 1 869 2 187 -3 376 4 384 -5 821 6 161 -7 79 8 265 -9 495 10 774
10 -1 293 2 698 -3 783 -4 516 -5 699 -6 75 -7 380 8 21 9 640 -10 380
10 -1 776 2 925 3 161 4 723 5 435 -6 779 7 992 -8 712 9 252 -10 876
10 1 733 2 805 -3 548 4 506 5 784 -6 467 -7 302 8 127 -9 555 -10 338
10 -1 920 -2 909 3 400 -4 482 5 325 -6 869 -7 31 8 777 -9 355 10 572
10 -1 674 -2 695 -3 541 -4 110 -5 675 6 763 7 97 8 556 -9 979 -10 507
10 1 18 -2 941 3 769 -4 486 5 860 6 469 7 974 8 331 -9 430 10 405
10 1 435 -2 761 3 529 4 455 5 509 -6 32 -7 990 -8 256 9 625 10 604
10 -1 277 -2 130 -3 99 4 96 -5 23 6 449 -7 373 8 595 -9 987 -10 540
10 -1 324 -2 469 3 997 -4 374 5 343 -6 421 7 400 8 422 -9 347 10 769
10 1 46 2 475 -3 978 4 107 5 944 -6 363 -7 359 -8 616 -9 674 10 333
10 -1 64 2 272 -3 804 -4 661 -5 460 6 1 -7 881 -8 999 9 148 -10 790
10 1 21 2 115 -3 65 4 360 -5 501 -6 120 7 542 -8 636 9 680 10 934
10 -1 874 2 502 -3 775 4 69 -5 53 6 630 7 800 8 118 9 288 -10 473
10 -1 235 2 903 3 621 -4 893 -5 409 -6 852 7 986 -8 199 -9 357 10 207
10 -1 728 2 170 -3 197 -4 837 5 312 6 31 7 115 8 707 -9 454 10 441
10 1 889 2 820 3 711 -4 100 5 893 6 197 7 395 8 566 9 981 -10 332
10 1 464 -2 531 3 533 -4 713 -5 813 -6 869 7 362 -8 255 9 869 -10 725
10 -1 390 -2 974 -3 789 4 971 5 753 -6 563 -7 456 8 965 -9 817 10 529
10 1 903 -2 118 3 920 4 661 5 996 6 672 -7 131 -8 333 9 892 -10 422
10 1 940 -2 575 -3 343 4 511 5 684 6 108 -7 941 -8 369 -9 725 -10 86
10 -1 31 2 512 -3 392 4 695 -5 891 6 847 7 916 -8 447 -9 273 10 594
10 -1 959 -2 583 3 581 4 376 -5 698 6 852 7 755 -8 103 -9 349 10 997
10 1 516 -2 570 3 229 -4 44 5 490 6 936 -7 943 -8 544 -9 492 10 297
10 -1 98 2 41 3 341 -4 62 -5 906 6 104 7 741 -8 786 9 744 10 354
10 -1 358 2 492 -3 137 4 846 5 883 -6 904 -7 857 -8 198 -9 875 10 399
10 1 710 -2 966 3 120 4 868 -5 349 6 617 -7 16 8 281 9 561 -10 417
10 -1 54 2 412 3 918 -4 290 5 591 6 430 7 722 8 774 9 193 -10 524
10 1 234 -2 535 3 836 4 782 5 761 6 171 7 150 8 706 9 19 10 566
10 1 787 2 455 3 355 -4 475 -5 731 -6 641 7 911 -8 892 -9 375 10 980
10 1 580 -2 826 3 455 4 677 -5 768 -6 85 7 845 -8 373 9 790 10 621
10 1 412 -2 838 3 270 4 188 5 467 6 246 7 740 -8 383 9 942 10 168
10 1 361 2 882 3 140 -4 883 5 749 6 857 7 866 -8 742 -9 798 10 150
10 1 596 -2 253 -3 20 4 813 -5 481 -6 413 -7 345 -8 253 -9 313 -10 968
10 1 478 2 249 3 599 4 643 -5 890 6 385 7 528 8 487 9 570 -10 518
10 -1 563 -2 560 3 61 -4 223 5 984 -6 961 7 302 -8 88 -9 559 -10 574
10 -1 355 -2 849 3 464 4 237 5 13 -6 847 7 200 -8 340 9 500 10 557
10 1 795 -2 326 -3 602 4 479 5 345 -6 593 -7 707 -8 69 9 663 10 109
10 1 770 2 81 -3 260 4 721 -5 932 6 701 -7 753 8 991 9 625 10 819
10 1 113 2 433 3 878 -4 345 -5 23 -6 735 7 22 -8 773 -9 520 -10 707
10 1 769 2 390 3 876 -4 73 -5 711 -6 939 7 453 -8 78 -9 624 10 269
10 -1 87 2 501 3 560 4 995 -5 956 6 731 -7 776 8 1 -9 506 10 559
10 1 565 2 555 3 267 4 358 -5 343 6 310 7 8 8 509 9 378 10 949
10 -1 370 2 605 3 840 4 885 5 931 6 531 -7 833 8 991 -9 936 10 127
10 -1 898 -2 154 3 835 4 760 -5 626 -6 326 -7 931 -8 273 9 696 -10 314
10 1 937 -2 650 3 955 4 87 5 623 6 662 -7 757 -8 899 -9 128 10 562
10 -1 477 2 925 -3 52 -4 413 -5 28 6 869 -7 394 -8 898 9 524 10 422
10 -1 655 2 364 3 549 4 196 -5 342 -6 511 7 657 -8 385 9 26 10 281
10 -1 646 2 406 3 633 4 645 -5 46 6 803 7 4 -8 61 -9 138 -10 57
10 -1 268 -2 5 3 19 4 355 5 785 6 683 7 28 8 220 9 468 -10 34
10 1 236 -2 405 3 940 4 6 5 150 -6 20 7 815 -8 154 -9 139 10 576
10 1 560 2 282 -3 334 -4 803 -5 516 -6 845 -7 209 8 151 -9 783 -10 599
10 1 25 -2 646 -3 410 4 441 5 570 -6 187 -7 530 -8 487 9 625 10 174
10 -1 687 -2 595 -3 132 4 712 -5 437 -6 746 -7 736 8 320 9 581 -10 70
10 -1 448 -2 647 -3 944 4 420 5 842 -6 476 -7 360 8 670 -9 517 10 228
10 -1 855 -2 850 -3 493 4 549 -5 491 6 431 7 70 -8 681 9 563 -10 753
10 -1 131 -2 788 -3 728 4 936 5 676 -6 646 -7 565 -8 538 -9 900 10 838
10 -1 982 -2 337 3 354 -4 58 5 270 -6 124 -7 913 8 901 9 518 -10 5
10 -1 120 -2 955 -3 81 4 691 5 27 6 791 7 626 8 341 -9 63 10 6
10 1 539 -2 421 -3 60 -4 546 -5 178 6 815 7 842 8 730 -9 393 10 470
10 -1 204 -2 569 -3 697 -4 180 -5 184 -6 864 7 649 -8 509 -9 56 10 819
10 -1 285 2 385 -3 933 -4 310 5 908 -6 811 -7 538 -8 384 -9 752 10 726
10 1 457 -2 958 3 993 4 707 -5 934 -6 304 -7 299 -8 43 -9 136 10 57
10 1 512 -2 752 -3 452 -4 189 5 772 6 19 -7 288 8 708 -9 272 10 662
10 1 552 2 584 -3 701 4 181 -5 811 6 198 7 72 8 550 -9 502 10 312
10 1 967 2 927 3 326 4 294 5 938 6 354 7 839 8 971 9 474 -10 584
10 1 336 2 15 -3 308 4 4 -5 29 6 152 7 285 -8 762 -9 170 -10 546
10 -1 543 -2 10 3 735 -4 778 -5 357 6 636 7 963 8 753 9 594 -10 371
10 1 474 -2 492 3 310 -4 909 5 458 6 480 -7 581 -8 950 9 131 10 902
10 -1 131 2 140 3 877 4 877 -5 799 -6 36 7 924 -8 520 -9 179 -10 154
10 1 505 -2 620 -3 614 -4 969 5 621 -6 76 -7 702 8 585 9 501 -10 350
10 1 522 -2 801 3 722 4 921 -5 787 -6 528 7 454 -8 274 -9 750 10 976
10 -1 278 2 749 -3 30 -4 960 5 234 6 627 -7 793 -8 338 9 861 -10 632
10 1 652 -2 591 3 82 4 507 5 485 -6 366 -7 77 8 781 -9 299 10 385
10 -1 10 2 414 -3 425 4 43 5 959 6 490 7 710 8 452 9 96 10 508
10 -1 392 2 577 -3 645 -4 725 5 809 6 360 7 667 -8 885 -9 710 10 490
10 1 636 2 487 3 519 -4 549 -5 657 6 120 -7 102 -8 961 9 121 10 940
10 1 63 2 100 3 802 -4 82 -5 904 -6 251 -7 436 8 536 -9 281 -10 413
10 -1 890 -2 818 -3 297 -4 902 5 143 6 996 -7 705 8 92 -9 239 10 27
10 1 364 2 6 3 139 -4 604 5 685 6 50 7 747 -8 319 -9 562 -10 293
10 -1 752 2 184 -3 462 4 130 -5 976 6 955 7 340 -8 191 9 227 10 178
10 -1 680 -2 53 3 386 -4 438 -5 417 -6 421 7 201 -8 688 9 404 -10 676
10 -1 753 -2 456 3 823 -4 791 5 477 -6 288 7 272 8 491 -9 565 -10 40
10 1 725 2 529 3 940 -4 922 -5 575 6 741 7 916 -8 589 -9 593 -10 575
10 1 810 -2 967 -3 475 4 75 5 462 6 462 7 568 -8 248 9 194 -10 992
10 -1 103 2 532 3 289 4 171 5 302 -6 265 -7 437 -8 499 9 773 -10 538
10 -1 632 2 285 -3 825 4 775 -5 776 -6 624 -7 409 8 4 9 327 -10 932
10 1 226 -2 930 3 277 -4 48 -5 387 6 82 -7 938 -8 122 9 748 10 416
10 -1 969 2 572 -3 916 -4 372 -5 122 -6 707 7 21 8 538 9 599 -10 133
10 1 815 2 504 -3 605 4 251 -5 519 -6 476 7 217 -8 869 9 640 10 634
10 1 742 -2 469 3 346 4 889 5 446 -6 306 -7 882 -8 985 -9 830 10 740
10 -1 141 -2 197 -3 179 -4 391 5 782 6 177 -7 206 8 684 9 60 -10 225
10 1 365 -2 955 3 88 -4 859 5 421 -6 983 -7 569 -8 147 9 598 10 693
10 1 466 -2 413 3 80 -4 409 5 648 6 282 -7 552 -8 582 -9 806 -10 641
10 1 443 2 590 -3 246 -4 78 5 889 6 800 7 469 -8 268 9 984 -10 190
10 1 336 -2 879 -3 722 -4 594 -5 317 6 729 7 875 8 746 -9 988 -10 543
10 1 52 -2 894 3 752 -4 57 5 948 -6 410 -7 233 -8 280 -9 217 10 429
10 -1 682 -2 180 3 973 -4 837 -5 78 6 573 -7 107 8 184 -9 624 -10 481
10 -1 952 -2 656 -3 87 -4 270 5 418 6 772 -7 780 8 10 -9 18 10 630
10 -1 692 -2 377 -3 104 4 950 -5 934 -6 350 -7 671 -8 6 9 833 -10 838
10 1 667 -2 457 3 710 -4 825 5 376 6 939 7 811 -8 607 9 881 10 572
10 1 755 2 345 -3 174 4 734 -5 293 -6 871 -7 786 -8 594 9 226 10 18
10 1 334 -2 47 3 124 4 353 5 831 -6 248 -7 53 8 640 -9 572 -10 105
10 -1 827 -2 731 -3 899 4 914 -5 680 6 524 7 806 8 351 -9 351 10 516
10 -1 305 -2 440 3 363 4 707 -5 507 -6 58 -7 778 -8 505 -9 467 -10 385
10 -1 152 2 734 3 394 4 480 5 550 -6 657 -7 521 -8 701 -9 601 -10 495
10 1 933 2 635 3 289 4 157 -5 944 6 244 7 846 8 563 -9 173 -10 137
10 1 673 2 161 3 551 -4 937 -5 962 6 441 7 278 8 935 -9 102 10 198
10 1 559 -2 691 3 82 4 254 -5 818 -6 101 -7 358 8 387 9 58 -10 967
10 1 537 -2 644 3 709 -4 259 5 971 -6 632 7 241 -8 376 -9 38 -10 79
10 -1 2 -2 415 3 367 4 892 -5 989 6 725 7 279 -8 116 -9 896 10 923
10 -1 632 -2 845 -3 589 4 357 -5 701 -6 433 -7 545 8 143 -9 598 -10 933
10 1 98 2 905 -3 533 -4 736 5 526 6 204 7 87 8 231 9 267 10 205
10 -1 884 2 650 -3 763 -4 580 -5 677 6 500 -7 97 -8 402 -9 994 10 840
10 1 73 2 227 3 821 -4 19 -5 815 -6 147 7 178 8 576 -9 621 10 506
10 1 520 -2 741 3 663 -4 963 5 881 6 335 7 399 -8 742 -9 952 -10 277
10 -1 423 2 215 -3 161 4 380 5 458 -6 448 7 816 -8 112 9 625 -10 738
10 1 485 2 183 3 394 -4 743 5 341 -6 35 -7 585 -8 181 -9 153 -10 544
10 1 633 -2 496 -3 259 -4 154 -5 893 6 895 7 199 8 745 -9 989 10 54
10 1 226 2 718 3 448 -4 87 -5 948 6 721 -7 305 -8 506 9 101 10 779
10 1 340 2 315 3 51 -4 105 -5 930 -6 545 7 158 -8 23 9 245 10 796
10 -1 116 -2 851 -3 874 4 265 5 644 -6 984 -7 984 -8 28 9 98 -10 599
10 1 461 2 218 -3 100 4 851 -5 381 6 94 -7 942 -8 182 9 676 10 648
10 -1 80 2 665 3 373 -4 695 5 509 -6 709 -7 216 -8 603 -9 105 10 808
10 -1 66 -2 392 -3 889 -4 950 -5 471 6 40 7 477 -8 911 -9 78 10 602
10 -1 643 2 320 3 250 4 579 5 448 6 367 -7 336 -8 476 -9 613 10 825
10 -1 353 2 975 3 718 -4 60 5 24 -6 435 7 853 -8 490 9 646 10 313
10 1 557 -2 424 3 212 4 188 5 213 -6 626 -7 736 8 741 9 941 -10 794
10 -1 195 2 618 -3 443 -4 418 -5 546 6 652 7 467 -8 357 9 327 10 366
10 1 831 -2 99 -3 740 -4 455 -5 739 6 291 7 113 -8 844 9 222 -10 157
10 1 664 -2 79 -3 598 4 111 -5 600 6 346 7 864 8 102 -9 569 10 133
10 1 454 2 246 -3 928 -4 84 5 841 6 942 -7 601 8 124 -9 764 10 977
10 1 130 2 185 -3 671 4 490 5 263 -6 301 -7 242 8 34 -9 838 -10 149
10 -1 195 -2 888 3 136 4 702 5 496 -6 932 7 469 8 832 -9 460 -10 724
10 -1 715 -2 248 -3 507 4 198 5 397 -6 766 -7 284 8 785 -9 68 -10 177
10 -1 618 -2 259 -3 891 4 721 -5 824 6 801 7 210 -8 31 -9 805 10 394
10 -1 422 2 918 3 523 4 856 5 659 -6 248 -7 605 -8 135 9 77 10 679
10 1 523 -2 614 -3 248 -4 973 5 440 -6 165 -7 328 -8 717 -9 65 -10 722
10 1 542 -2 228 -3 224 -4 433 5 414 -6 101 7 440 8 753 9 631 -10 795
10 1 642 2 619 -3 549 4 908 -5 84 -6 468 7 338 -8 438 -9 746 -10 989
10 -1 483 2 883 -3 201 -4 493 -5 925 -6 712 -7 10 8 650 9 741 10 359
10 1 92 -2 863 3 922 -4 1000 -5 71 -6 930 7 389 8 606 -9 66 -10 716
10 1 861 2 551 3 234 -4 992 5 957 -6 36 -7 192 8 495 -9 732 10 27
10 1 715 -2 236 3 790 -4 770 -5 143 -6 615 7 412 8 890 9 72 10 111
10 -1 963 2 381 -3 491 -4 610 5 11 -6 361 7 397 -8 144 -9 657 10 973
10 1 664 2 300 3 341 -4 121 5 374 -6 793 -7 391 -8 971 9 934 10 242
10 -1 637 2 133 -3 901 -4 74 5 181 6 611 -7 182 -8 243 -9 717 10 897
10 -1 64 2 754 -3 679 -4 108 5 678 6 945 -7 581 -8 111 -9 8 -10 695
10 -1 814 2 870 -3 164 4 48 5 140 -6 899 -7 541 -8 255 -9 285 10 624
10 -1 258 2 22 3 78 4 567 5 244 -6 998 7 885 -8 717 -9 318 10 581
10 -1 378 2 555 -3 788 -4 905 5 277 -6 768 7 870 8 315 -9 699 10 248
10 -1 976 -2 660 -3 526 -4 945 -5 184 -6 480 7 664 -8 169 9 530 -10 351
10 -1 260 -2 312 3 948 4 610 -5 26 6 203 7 245 -8 102 9 558 -10 452
10 1 950 2 279 -3 896 4 971 5 697 -6 168 -7 64 8 596 9 8 10 327
10 -1 114 -2 281 3 557 4 616 5 796 -6 106 -7 202 8 823 9 422 -10 726
10 1 955 -2 280 -3 567 4 735 5 295 -6 696 -7 796 8 398 -9 385 10 226
10 -1 790 2 989 3 381 -4 59 -5 170 -6 643 -7 599 -8 249 -9 361 10 165
10 1 951 2 303 -3 418 4 646 -5 268 6 12 7 266 -8 338 -9 814 10 534
10 -1 345 -2 225 3 447 -4 965 5 396 -6 113 -7 271 8 468 9 763 -10 324
10 1 146 2 877 -3 70 -4 883 -5 262 -6 904 7 336 8 601 9 728 10 63
10 1 971 2 719 -3 91 -4 481 5 606 -6 878 -7 146 -8 351 9 151 -10 41
10 1 394 2 205 -3 788 -4 420 -5 751 6 997 7 358 -8 341 9 816 -10 969
10 1 906 2 550 3 522 -4 152 -5 39 -6 212 -7 87 -8 843 9 642 -10 43
10 -1 300 2 918 -3 184 4 391 5 206 6 791 -7 733 -8 28 9 474 10 117
10 -1 136 -2 910 3 867 -4 163 5 708 -6 637 7 692 8 523 -9 280 10 865
10 1 985 2 939 -3 137 -4 54 -5 658 6 900 -7 195 -8 622 9 159 -10 78
10 1 475 2 658 -3 574 -4 222 5 334 6 842 -7 921 8 786 9 361 10 224
10 -1 759 -2 683 3 988 -4 156 5 557 -6 432 7 567 -8 94 9 838 10 226
10 -1 871 2 466 3 396 4 159 5 476 -6 655 -7 854 -8 596 -9 216 -10 988
10 -1 574 2 394 -3 663 4 765 -5 441 -6 119 7 85 8 246 9 280 10 995
10 1 257 2 359 3 520 4 899 -5 674 -6 691 7 351 -8 595 9 71 10 477
10 1 375 -2 7 3 545 4 439 -5 109 -6 94 7 966 -8 632 -9 359 -10 291
10 1 96 -2 657 3 186 4 352 -5 156 6 773 -7 109 -8 537 -9 291 10 766
10 1 290 -2 615 3 675 -4 97 5 962 6 950 7 656 -8 801 9 892 -10 23
10 -1 16 -2 229 -3 437 4 676 -5 268 6 103 7 609 8 607 9 868 10 342
10 1 646 2 100 3 179 4 186 -5 102 -6 143 7 986 -8 552 9 170 -10 378
10 -1 184 2 127 -3 954 4 205 5 786 -6 939 -7 435 -8 435 -9 359 -10 966
10 -1 229 -2 731 -3 222 -4 708 -5 266 -6 87 7 346 -8 96 -9 432 10 512
10 -1 332 2 98 -3 858 4 126 5 637 -6 86 7 673 -8 790 9 903 -10 10
10 -1 360 -2 102 3 622 -4 564 -5 346 6 198 -7 12 -8 961 -9 113 -10 598
10 -1 458 2 244 3 132 4 898 -5 513 -6 430 -7 414 -8 104 9 793 -10 450
10 1 487 2 895 -3 288 -4 481 5 639 6 978 7 224 -8 555 -9 919 10 375
10 -1 953 -2 714 -3 402 4 132 5 142 -6 893 -7 539 -8 586 9 359 10 948
10 1 249 2 496 -3 358 -4 602 -5 278 6 456 -7 162 8 114 -9 307 -10 944
10 -1 515 2 143 3 571 4 696 5 901 -6 625 -7 963 -8 392 -9 344 -10 891
10 -1 613 -2 759 -3 465 4 734 5 196 6 503 -7 794 -8 299 -9 83 -10 638
10 1 755 -2 457 3 530 -4 107 5 301 6 256 7 724 -8 496 9 350 -10 126
10 1 371 2 791 3 436 4 815 -5 816 -6 549 -7 897 -8 447 -9 489 -10 356
10 -1 922 -2 27 3 161 4 642 5 140 -6 310 -7 469 -8 410 9 248 10 857
10 1 533 2 744 -3 713 -4 643 -5 571 -6 563 7 175 8 474 -9 69 10 648
10 1 256 -2 777 -3 833 4 867 -5 994 6 707 7 65 -8 371 9 44 10 541
10 1 497 2 958 3 188 -4 730 -5 199 -6 216 7 141 8 36 9 901 -10 798
10 1 478 2 621 3 904 -4 832 5 97 -6 289 -7 445 -8 291 -9 695 10 698
10 1 685 2 388 -3 971 4 854 -5 796 6 771 7 221 -8 364 9 112 10 87
10 -1 378 -2 33 -3 457 -4 532 -5 977 -6 377 7 783 8 339 9 997 -10 662
10 1 922 -2 833 -3 19 4 784 -5 1 -6 830 7 990 -8 456 -9 734 -10 415
10 1 496 -2 917 -3 139 -4 227 5 549 -6 709 7 559 8 534 9 952 -10 593
10 1 486 2 674 3 738 -4 675 -5 272 6 170 -7 562 -8 828 -9 353 10 179
10 1 130 2 702 3 428 -4 275 -5 901 -6 808 7 194 -8 290 -9 18 10 891
10 -1 689 2 152 3 651 4 887 5 615 -6 257 7 208 8 968 -9 512 10 820
10 1 606 2 553 -3 227 -4 59 -5 205 -6 209 -7 432 8 534 -9 253 -10 979
10 -1 662 2 839 3 679 4 956 5 514 6 377 7 623 8 884 9 78 10 275
10 -1 786 2 254 3 384 -4 921 -5 691 6 962 7 808 8 661 -9 524 -10 400
10 1 111 -2 401 3 807 4 385 -5 970 6 441 -7 718 8 195 9 97 10 193
10 1 621 2 509 3 669 4 590 5 844 6 263 7 134 -8 566 9 228 10 345
10 1 781 2 744 3 762 -4 227 -5 463 -6 258 7 229 -8 472 9 103 -10 176
10 -1 171 2 115 -3 880 -4 460 -5 145 -6 737 -7 521 -8 675 -9 981 10 579
10 -1 919 -2 541 -3 193 -4 695 -5 510 -6 271 7 880 8 940 -9 14 10 755
10 -1 422 2 882 3 423 4 297 -5 272 6 628 -7 816 -8 369 -9 864 10 463
10 -1 910 -2 762 -3 183 -4 355 5 923 -6 436 -7 483 8 439 -9 145 -10 471
10 1 506 2 235 3 123 -4 998 5 852 6 416 -7 376 -8 758 -9 949 10 668
10 1 95 -2 952 3 240 -4 951 5 541 6 581 -7 684 8 237 9 229 -10 124
10 -1 699 -2 496 3 532 -4 168 -5 887 6 198 -7 471 8 785 9 525 -10 77
10 -1 566 -2 394 3 559 -4 326 -5 572 -6 116 7 355 -8 184 9 991 10 749
10 1 116 -2 302 -3 189 4 43 -5 120 -6 865 -7 492 -8 723 9 391 -10 70
10 -1 702 2 103 -3 829 4 33 5 548 6 378 -7 898 8 284 9 833 -10 709
10 1 901 -2 606 3 889 4 81 -5 651 -6 776 -7 171 -8 206 -9 600 10 891
10 -1 587 2 139 3 944 4 625 5 520 -6 292 7 91 -8 72 -9 550 -10 279
10 -1 773 2 431 -3 664 4 22 5 651 6 609 7 9 -8 822 9 997 -10 496
10 1 416 -2 125 -3 735 4 401 5 230 6 537 7 599 8 207 -9 51 10 146
10 -1 589 2 561 -3 76 4 571 -5 138 -6 618 -7 618 8 754 9 797 10 158
10 -1 192 2 116 3 396 -4 411 -5 273 -6 717 -7 953 8 938 -9 606 -10 236
10 -1 770 -2 983 -3 117 4 338 -5 354 6 463 -7 280 -8 573 9 373 10 529
10 1 946 2 794 -3 440 4 844 -5 925 6 156 -7 452 -8 284 9 169 10 624
10 -1 900 2 831 3 909 4 805 -5 10 -6 366 -7 774 8 68 -9 888 10 189
10 1 541 -2 661 -3 461 4 468 -5 909 6 863 7 533 -8 648 -9 337 -10 766
10 -1 884 2 801 3 580 4 923 5 761 6 464 -7 440 -8 952 -9 552 -10 919
10 -1 475 2 237 -3 680 4 543 -5 583 -6 197 7 171 8 246 9 752 -10 216
10 1 179 2 457 -3 219 4 963 5 206 6 908 -7 190 -8 549 -9 380 -10 446
10 1 488 2 325 -3 124 4 651 -5 916 -6 164 7 201 -8 658 -9 313 10 208
10 -1 43 2 160 -3 733 4 65 5 613 6 447 -7 165 -8 34 -9 539 10 994
10 1 806 -2 599 3 623 -4 327 -5 989 -6 847 -7 480 -8 389 9 255 10 915
10 -1 196 2 841 3 790 -4 632 5 323 6 236 7 970 8 789 9 428 -10 75
10 -1 951 -2 523 -3 659 4 11 -5 266 6 460 7 226 -8 269 9 782 10 443
10 -1 729 2 86 -3 887 -4 514 5 123 6 226 7 887 8 536 -9 279 10 308
10 1 502 2 39 3 863 4 618 -5 56 -6 968 -7 347 8 788 9 604 -10 988
10 1 508 2 695 3 892 -4 816 -5 335 6 17 -7 409 8 967 -9 266 10 243
10 1 476 -2 532 -3 204 -4 943 5 781 6 24 7 417 8 366 9 639 -10 118
10 -1 281 2 821 -3 337 4 660 5 758 6 171 -7 79 8 719 9 772 -10 13
10 1 219 -2 510 3 581 -4 152 5 380 6 74 -7 814 8 252 9 611 10 701
10 -1 500 -2 341 3 948 4 23 -5 624 6 211 7 796 8 421 -9 697 10 142
10 1 509 -2 754 -3 729 -4 694 -5 576 -6 190 -7 244 8 150 -9 760 10 672
10 1 155 2 851 3 117 4 848 -5 693 6 725 -7 329 8 455 9 680 -10 947
