54
91.924040328
116.739482388
157.217473434
22.7897543156
167.055416552
66.0983427321
157.777843061
100.478517041
157.395818537
189.620959702
47.933258679
21.1158946609
172.164459514
98.1528154294
139.020763641
353.264931045
59.2416057587
10.1262921574
139.938616477
314.767827379
146.425344861
23.5287021768
160.778002732
48.6188431177
162.366984708
70.6563138146
63.1744057144
315.430520308
55.8511279692
21.3072672469
94.157543931
95.0756037572
144.777130029
353.944256683
53.0296321273
11.4313714094
165.777183624
202.639629853
147.666775028
339.411826331
158.632383019
115.576124639
45.7214382575
3.28709049568
157.118218467
83.6763895042
149.527882426
339.970517688
160.704280343
18.207857841
177.850431772
218.29980778
69.0215053783
339.407723494
