45 10 208
0 0 2 0
5 0 7 0
8 0 10 0
11 0 12 0
14 0 17 0
18 0 19 0
20 0 21 0
22 0 23 0
24 0 27 0
30 0 32 0
33 0 34 0
35 0 38 0
41 0 45 0
0 1 2 1
3 1 4 1
5 1 6 1
9 1 11 1
12 1 15 1
16 1 19 1
20 1 21 1
22 1 24 1
25 1 26 1
27 1 30 1
31 1 36 1
37 1 39 1
42 1 43 1
1 2 8 2
9 2 15 2
16 2 17 2
18 2 21 2
22 2 23 2
24 2 35 2
36 2 37 2
38 2 41 2
42 2 43 2
44 2 45 2
1 3 2 3
3 3 4 3
5 3 12 3
16 3 19 3
20 3 26 3
27 3 28 3
29 3 30 3
32 3 34 3
35 3 37 3
38 3 41 3
42 3 43 3
44 3 45 3
3 4 5 4
6 4 12 4
13 4 14 4
16 4 17 4
18 4 20 4
21 4 22 4
24 4 26 4
27 4 29 4
30 4 33 4
34 4 37 4
39 4 41 4
43 4 45 4
0 5 3 5
5 5 7 5
8 5 11 5
12 5 14 5
16 5 19 5
20 5 21 5
23 5 28 5
30 5 34 5
35 5 36 5
38 5 39 5
40 5 44 5
1 6 2 6
3 6 10 6
15 6 16 6
17 6 20 6
21 6 22 6
24 6 26 6
27 6 31 6
33 6 34 6
35 6 36 6
40 6 41 6
42 6 44 6
0 7 3 7
4 7 5 7
9 7 13 7
14 7 18 7
22 7 23 7
24 7 28 7
29 7 30 7
31 7 34 7
36 7 37 7
38 7 42 7
43 7 45 7
0 8 2 8
5 8 6 8
7 8 14 8
15 8 16 8
17 8 18 8
22 8 26 8
30 8 33 8
34 8 35 8
36 8 37 8
38 8 39 8
40 8 41 8
43 8 44 8
0 9 1 9
3 9 6 9
7 9 8 9
10 9 12 9
14 9 21 9
22 9 23 9
25 9 29 9
33 9 35 9
38 9 39 9
40 9 43 9
44 9 45 9
0 10 2 10
3 10 4 10
5 10 12 10
14 10 17 10
18 10 19 10
20 10 25 10
28 10 30 10
31 10 35 10
38 10 45 10
0 1 0 2
0 5 0 6
0 9 0 10
1 8 1 9
2 4 2 5
2 6 2 7
3 0 3 1
3 3 3 4
3 8 3 10
4 7 4 8
5 8 5 9
6 6 6 7
7 0 7 2
7 5 7 6
7 8 7 9
8 0 8 2
8 5 8 7
8 9 8 10
9 0 9 1
9 4 9 5
9 9 9 10
10 5 10 6
11 0 11 1
11 3 11 4
12 0 12 1
12 3 12 4
13 2 13 3
13 5 13 6
15 0 15 2
15 6 15 7
15 8 15 9
16 5 16 6
16 9 16 10
17 4 17 6
17 8 17 9
18 0 18 3
18 4 18 5
18 9 18 10
19 1 19 2
19 6 19 7
20 7 20 8
21 9 21 10
22 1 22 2
22 3 22 4
22 6 22 7
23 0 23 1
23 3 23 6
24 3 24 5
25 2 25 4
25 7 25 8
26 2 26 3
27 0 27 1
27 7 27 8
28 2 28 4
28 5 28 6
29 0 29 1
29 2 29 3
29 8 29 9
30 5 30 6
30 9 30 10
31 5 31 7
31 9 31 10
32 3 32 5
32 8 32 9
33 2 33 3
35 6 35 7
36 1 36 3
36 4 36 6
36 8 36 9
37 8 37 10
38 3 38 4
39 1 39 4
40 8 40 9
41 0 41 1
41 2 41 3
41 7 41 8
42 1 42 2
43 0 43 2
43 6 43 8
43 9 43 10
44 0 44 1
44 5 44 6
45 8 45 10
