1000 6
194 0 1
454 1 0
1196 4 1
1206 0 1
1664 2 0
2224 3 1
2265 4 0
2859 2 1
3825 3 1
4566 3 0
5065 4 1
5137 4 1
5334 5 0
6192 2 1
7024 4 0
7100 1 0
7506 4 0
8424 1 1
9386 5 0
9905 5 0
10035 5 1
10716 2 0
11533 2 1
12380 3 0
12593 1 1
13591 5 1
13778 1 0
14501 2 1
14948 1 0
15618 3 1
16069 4 0
16489 5 0
16973 4 1
17709 0 1
18246 1 1
19239 4 0
19605 0 1
20303 5 1
20883 2 1
21214 1 0
21553 3 1
22358 4 0
23160 5 0
23390 2 1
23984 5 0
24062 2 0
24818 1 1
25557 2 0
25795 4 0
26067 0 0
26426 3 0
27407 0 1
28224 2 0
28908 5 0
29688 5 1
30005 5 0
30298 3 0
30896 5 0
31851 3 1
32660 0 1
32841 4 1
33364 1 1
33969 0 1
34880 4 0
35408 5 1
36050 2 0
36645 0 0
36751 2 0
37271 3 0
37742 2 0
37977 0 0
38535 5 0
39074 1 0
39759 3 0
39984 3 0
40089 1 1
40490 5 1
41359 3 1
41606 3 0
41730 5 0
41855 4 1
42814 2 0
43772 5 0
44359 1 1
44592 3 1
44618 0 1
45549 0 1
45845 1 1
46213 5 1
47016 5 1
47075 4 1
47742 2 1
48243 3 0
48409 0 1
48981 5 1
49930 3 0
50870 4 0
51656 0 1
52305 5 0
52649 4 1
52694 5 1
53034 2 1
53466 5 1
54031 4 1
54750 1 0
54925 3 0
55313 1 1
55367 2 0
55465 5 0
55879 0 1
56355 5 0
57117 0 1
57345 1 0
57882 2 1
58509 2 1
58887 5 1
59406 2 0
59738 3 0
59851 5 1
60079 5 0
60911 1 0
61894 2 1
62593 0 0
63073 3 1
63214 3 1
63521 4 1
63745 5 1
64280 1 1
64304 4 1
64995 5 0
65875 1 1
66862 2 1
67213 2 1
67321 1 0
67790 3 0
68296 0 1
68689 3 0
68909 0 0
68950 3 1
69903 5 0
70273 4 1
70744 5 0
71409 2 0
71941 1 1
72900 3 0
73474 2 1
74228 3 1
74598 1 0
75350 3 0
75364 3 1
76097 4 0
76839 0 1
77212 3 1
78186 4 0
78561 4 1
78629 2 0
78638 3 0
79114 4 1
79765 2 0
80675 1 1
80970 4 0
81656 3 1
82076 0 1
82925 3 0
83005 2 0
83585 0 0
83793 4 0
84149 5 1
85095 0 1
85409 3 1
85527 1 1
85901 4 0
86158 2 0
86941 4 0
87721 3 1
87983 5 1
88082 5 0
88829 4 1
89054 3 0
89689 0 0
90031 2 1
90463 0 0
91107 0 0
91459 5 0
91692 4 0
92648 5 1
92941 0 1
93193 3 0
93853 2 0
94668 4 0
95000 1 1
95504 5 0
95872 5 0
96217 1 1
97203 5 1
97221 5 0
97947 0 0
98911 4 1
99054 2 0
99559 4 1
99626 2 0
100220 0 1
100383 4 0
101061 2 0
101687 1 1
102472 2 1
103242 4 0
103921 0 1
104882 4 1
105372 3 0
106270 5 0
107150 4 0
107369 1 0
107574 5 0
107765 5 1
108230 0 1
108859 0 1
109834 1 1
110645 2 1
110737 0 0
111072 3 0
111945 5 1
112152 3 1
112210 3 0
112684 4 0
113419 0 0
114334 5 0
115073 4 1
115891 5 1
116537 2 0
117266 4 1
117750 1 1
118255 5 1
118561 5 1
119127 3 0
119387 0 0
119561 2 0
119638 3 0
119989 3 1
120946 3 0
120977 2 0
121800 1 1
122364 1 1
122837 0 1
122943 4 0
123597 4 1
124529 0 1
125097 4 1
125635 3 0
125990 5 0
126748 0 0
127535 5 0
128495 3 1
128684 4 0
128863 2 1
129618 5 0
129973 2 1
130514 2 1
131269 0 0
132083 0 0
132095 0 1
132523 0 1
133068 5 1
133288 5 1
133694 3 0
134066 5 0
134740 1 1
134928 0 1
135920 0 0
136708 4 1
137240 1 0
137846 5 1
138678 4 0
139452 5 1
140059 3 1
140793 0 0
141305 5 1
141528 2 1
141611 4 0
142296 0 0
142975 0 1
143853 4 1
144570 4 0
144781 3 1
145626 4 0
145774 3 1
146354 2 0
146497 5 0
147227 4 0
147673 2 0
148131 1 0
148556 4 0
149329 3 0
149432 2 1
150362 2 1
151079 0 0
151561 4 0
152459 5 0
153317 3 1
153669 4 1
153837 0 0
154378 0 0
155104 1 0
155713 0 0
156324 3 0
157016 5 0
157600 5 1
158102 2 0
159067 3 1
159178 0 0
159801 5 1
160628 3 0
160934 2 1
161357 2 1
161450 2 1
161906 4 0
162621 5 1
163072 2 1
163525 5 1
164327 4 1
164976 1 1
165722 3 0
165943 4 1
166790 5 1
166868 5 1
167710 1 0
167919 1 0
168577 4 0
168665 5 0
168725 5 0
169297 4 0
169792 4 1
169811 3 1
170030 4 0
170735 1 1
171525 1 0
171986 2 0
171992 2 0
172566 5 1
173400 3 0
174295 1 1
175026 4 0
175196 5 0
176063 5 0
176957 0 0
177650 3 1
178075 5 0
178526 5 1
179099 3 1
179343 1 0
179664 1 0
180060 5 0
180330 1 1
180846 1 0
181473 0 1
181507 5 1
182436 5 1
182956 1 1
183774 4 0
184331 4 1
185183 2 0
185754 4 1
186666 0 1
187559 0 0
188292 5 0
188779 0 1
189723 4 1
190641 3 1
190702 5 0
191001 5 0
191818 1 1
192679 2 0
193488 5 1
194023 3 0
194576 0 0
195036 3 0
195985 3 1
196428 4 0
197172 0 0
197246 4 0
197625 5 0
198253 3 0
199173 3 1
199347 5 1
199954 1 0
200449 3 1
201024 2 1
201446 1 1
202058 5 1
202668 0 0
202992 0 0
203597 5 1
203622 0 0
204172 5 1
204541 5 0
205459 3 0
205494 0 0
205805 0 1
205821 3 0
206031 5 1
206573 5 0
206753 2 1
207738 2 1
208503 4 0
208558 4 0
208668 0 1
209059 3 1
209553 4 1
210469 1 1
210518 2 0
211188 3 1
211345 2 0
211834 3 1
212419 5 1
213390 5 1
213643 0 1
214273 1 1
215244 0 0
215349 3 1
216289 1 1
216726 2 0
216996 5 0
217040 0 0
217175 3 1
217267 3 1
217550 4 0
217879 1 1
218791 0 1
218837 5 1
218881 1 1
219050 5 1
219310 2 0
219509 0 1
220128 1 1
220412 5 0
221365 3 0
221452 4 0
222177 5 1
222536 4 0
223144 1 1
223313 4 0
223376 2 1
223821 3 1
224272 0 1
224643 0 0
224817 4 1
225282 4 1
226155 3 1
226875 4 1
227633 5 1
228265 5 1
228689 2 1
229446 5 1
229766 4 0
230071 5 0
230816 4 1
231796 1 1
232132 5 1
232506 0 0
232700 3 1
232835 5 0
233258 0 0
233869 4 0
234472 4 1
235135 4 1
235563 5 0
235765 4 1
235837 1 0
236598 1 1
237577 0 0
237912 5 1
238260 1 1
239044 1 1
239428 0 1
239730 0 0
240638 4 1
240717 3 1
241348 1 0
241432 3 0
242293 1 0
242661 2 0
242952 5 1
243302 5 1
243955 0 0
244826 2 0
245135 0 1
245550 5 0
246366 3 0
246566 5 0
246857 3 0
247139 2 1
247448 1 1
247592 0 0
248343 5 0
248427 3 1
248879 0 1
249515 2 0
249704 1 1
250238 1 0
250669 1 0
250880 5 0
251383 2 0
251445 5 1
252062 3 0
252316 4 1
252591 0 0
252826 4 0
253096 3 0
253753 4 0
254585 2 0
255240 4 0
256086 4 0
256133 2 0
256387 0 0
256858 3 1
257780 3 1
258342 5 1
259204 2 0
260137 2 0
260816 0 1
261206 3 0
261904 5 1
262817 3 1
263346 3 0
263995 2 1
264351 3 0
264804 5 1
265381 1 0
266296 0 0
267001 5 1
267730 1 0
267928 3 1
268894 0 1
269635 3 1
270480 2 1
271009 2 0
271726 1 1
272424 3 1
272813 5 1
272964 4 1
273075 2 1
273349 4 1
273540 3 0
274096 1 0
274717 4 0
275278 3 1
275927 4 1
276021 1 0
276130 2 0
277108 1 1
277137 4 1
277842 5 0
277843 3 1
278728 0 0
279260 4 0
279554 1 0
279729 0 0
280412 0 1
281102 5 1
281564 0 0
281971 1 0
282873 3 1
283368 4 1
284169 2 1
284784 0 0
284861 2 0
285578 0 0
285883 1 1
286071 0 0
286528 1 0
287087 3 0
287747 2 1
288428 4 0
288594 3 0
289262 2 0
289423 2 0
289626 0 0
290422 5 1
290805 2 0
290879 0 0
291724 2 0
291800 2 1
292625 2 1
292716 4 0
292826 2 0
293240 2 0
293888 1 0
294875 4 1
295339 2 0
295757 4 1
295771 2 1
296078 1 0
296979 0 0
297566 5 0
298435 3 0
298796 5 1
298935 3 1
299207 3 1
299623 5 0
300029 0 0
300431 1 1
301393 1 1
302138 0 1
302922 0 1
303517 4 1
304363 2 1
305060 5 0
305762 4 1
306123 4 1
306475 0 0
307279 2 0
307488 3 1
308483 1 0
309172 4 1
309553 0 1
310087 1 0
310647 5 0
310810 5 1
311435 4 0
312252 4 1
312706 0 1
313606 2 1
314419 4 1
314865 5 1
315250 0 0
316099 2 1
316649 0 0
317629 1 0
318390 3 0
319347 3 0
319672 0 1
320292 5 0
321094 5 1
322062 0 0
322963 4 0
323510 5 0
324261 1 0
324822 3 1
325204 3 1
326076 2 1
326161 3 1
326986 2 0
326990 1 1
327903 3 0
328199 4 0
329027 4 0
329127 0 0
330092 5 0
330679 4 0
331323 1 1
331925 5 1
332839 3 1
333669 3 0
334184 1 1
334598 2 0
334862 0 1
335479 1 0
335500 3 1
336309 5 1
337048 0 0
337169 1 0
337447 4 1
337628 5 0
338612 4 0
338914 0 1
339652 5 1
340138 0 1
340139 1 1
340278 4 1
340614 2 0
340727 0 0
341279 5 1
341462 1 1
342118 3 1
342706 3 0
343276 2 1
344113 1 0
344546 2 1
344572 0 1
345422 4 0
346379 2 0
346622 5 0
346949 0 0
346985 5 1
347575 3 0
347624 4 1
348301 1 1
348743 0 0
348755 3 1
349007 3 1
349907 0 1
349983 4 1
350392 2 1
350824 5 1
350951 1 0
351748 4 0
352629 3 0
353143 1 1
353191 3 0
354164 4 0
355141 1 1
355608 0 1
355659 2 1
355866 3 0
356160 5 1
356707 5 1
357594 1 1
358448 4 1
358626 2 0
358861 0 1
359088 2 1
359550 1 1
360380 2 1
361038 3 1
361371 4 0
361815 3 0
362558 4 0
362760 1 1
363726 2 0
363773 1 0
364468 0 0
364983 5 1
365565 4 1
365870 1 0
366336 5 1
367232 3 0
367271 1 1
367398 0 0
367777 1 0
367914 5 0
368344 4 0
368578 5 1
368593 4 0
368768 1 0
369688 4 1
370231 4 0
370821 1 0
371472 4 1
371699 0 1
372547 2 1
373295 2 0
374151 1 1
374432 0 1
374638 0 1
374925 4 0
375134 4 0
375197 1 1
375494 4 1
375605 3 1
376428 4 1
376907 2 0
377384 5 1
378365 2 1
379288 1 0
380247 1 0
380450 5 0
381352 0 1
382093 3 1
382996 0 1
383410 3 1
384172 1 1
384548 0 1
385037 2 1
385856 2 1
386692 5 0
386855 3 0
387845 2 1
388455 3 1
389424 0 1
389773 1 0
390372 4 1
390484 2 0
391285 3 0
391526 3 0
391867 3 1
392607 3 1
393253 1 0
393373 0 1
394185 4 1
395015 2 0
395661 2 0
396101 0 1
396791 5 1
396815 5 1
396882 5 0
397660 0 1
398019 3 0
398731 2 0
399308 2 1
400219 0 0
400642 0 1
401221 1 1
401975 1 0
402058 2 1
402146 2 1
403103 2 0
403603 0 1
404012 4 0
404953 5 0
405074 0 0
405371 1 1
406086 4 1
406629 1 0
407505 2 0
408459 4 0
408634 4 0
408855 1 1
409296 0 1
410252 4 0
410827 1 0
411308 2 1
411627 3 1
411858 0 1
412414 0 0
413083 2 0
414070 3 0
414357 0 0
414934 4 0
415205 0 1
415798 4 0
416604 3 0
416640 3 0
417150 4 1
417482 1 0
417770 1 0
418237 3 0
419061 3 1
419271 3 1
419953 3 1
420485 3 1
421070 5 1
421854 2 0
422755 1 1
423529 3 0
424158 4 0
424930 0 0
425307 5 1
425971 4 0
426396 1 0
427012 5 1
427823 4 1
428314 0 1
428639 4 1
429535 0 0
429590 2 0
430117 4 1
431063 5 1
431660 4 0
432422 0 1
432779 1 0
433107 3 1
433587 2 1
433788 1 1
434139 4 0
435048 0 0
435564 2 1
436552 1 0
436702 2 0
437264 5 1
437818 3 0
438179 0 1
438747 1 1
439705 2 1
439841 4 1
440363 5 1
440459 4 0
441089 0 0
441293 0 1
441773 2 0
442656 2 1
443036 5 1
443819 2 1
444751 5 0
444904 0 1
445595 0 0
446549 4 0
446665 0 1
447491 3 0
447524 5 1
448317 4 1
448836 2 1
449022 5 1
449649 1 0
449689 1 0
449818 3 1
449971 5 0
450246 1 0
451082 1 1
451769 1 1
452456 0 1
452547 3 1
452808 0 1
452924 3 1
453186 5 0
454019 2 0
454073 3 0
454391 3 1
454700 2 0
455578 2 0
456139 1 0
456675 3 1
456912 2 1
457712 1 1
458163 3 0
458209 0 0
458838 0 1
459286 1 0
459961 5 0
460096 0 0
460605 2 0
460898 1 1
461254 3 0
462138 2 1
462289 2 1
463189 4 0
463449 5 0
464184 2 1
464430 4 1
464764 2 0
465096 1 0
465726 0 0
466398 2 1
466763 3 0
466940 2 0
466957 3 0
467730 5 1
467876 3 1
468682 4 1
469095 4 0
469938 1 1
469948 3 0
470397 5 1
470496 1 1
470905 4 1
471436 4 1
471948 1 1
472928 3 1
473013 4 0
473514 0 0
474230 3 1
475115 5 0
475119 5 0
475548 0 1
475591 4 1
476586 1 1
476827 1 1
477515 0 0
477938 0 0
478629 1 0
479158 0 1
480074 0 1
480260 3 1
480917 4 1
481314 3 1
481545 4 1
482072 3 1
482480 1 1
482500 3 1
483020 4 0
483989 5 0
484902 3 0
485264 4 1
485379 1 1
485650 5 1
486240 0 0
487194 2 0
487422 1 1
487811 2 0
488038 2 1
488279 1 0
488777 1 0
489660 4 1
490411 3 1
490590 4 1
491150 4 0
492038 0 0
492794 3 1
493293 3 1
493537 1 1
493865 1 1
494498 3 1
494924 5 1
495464 2 0
495799 2 0
496007 4 1
496747 2 0
497206 1 0
497328 1 0
497726 4 1
498235 2 1
498307 3 1
498658 0 1
499070 2 0
499087 2 1
499522 5 0
500129 2 1
500617 4 1
501272 2 1
502122 4 0
502431 0 0
