100 1000 2000
800 360 128 529 777 721 915 11 729 616 789 211 583 667 620 641 229 441 793 353 967 522 797 250 185 101 936 873 808 554 752 630 286 801 88 553 464 58 206 709 393 786 156 979 243 608 907 169 922 84 131 582 660 485 444 895 319 363 190 565 308 8 874 563 954 840 767 23 2 427 780 871 733 449 672 164 248 706 624 208 892 263 850 703 648 435 816 491 865 7 724 519 911 940 104 36 432 799 542 293
0 432 24
1
0 208 955
1
1
1
1
1
1
1
0 801 875
1
1
0 104 530
0 940 781
1
0 8 361
0 709 170
0 781 980
1
1
0 211 465
0 363 466
0 263 876
0 530 467
1
0 729 362
1
1
0 876 981
1
1
0 101 251
0 624 428
0 936 916
0 156 617
1
0 248 186
1
1
0 229 89
1
1
0 721 486
1
1
0 799 923
0 752 876
1
0 786 25
1
0 319 294
0 286 790
0 11 642
1
1
0 907 445
0 630 252
0 7 129
0 466 778
1
1
0 620 668
0 190 817
1
1
1
1
1
0 871 90
0 915 809
1
0 850 841
1
0 793 618
1
1
0 873 85
1
0 308 669
1
1
0 36 643
1
1
0 529 842
0 733 912
1
1
0 360 725
1
1
1
1
1
0 84 59
0 464 779
1
0 131 670
1
0 519 671
0 892 555
1
1
1
0 441 487
0 427 818
0 491 913
1
1
0 916 466
0 911 644
0 790 468
0 25 187
0 90 645
1
1
0 616 896
1
1
1
0 671 295
0 465 543
1
1
0 583 469
0 353 810
0 895 671
0 563 877
1
1
0 644 25
0 468 60
1
0 840 296
1
0 449 924
1
1
1
0 522 488
1
1
1
1
1
1
1
0 874 673
1
1
0 645 556
1
0 789 790
1
0 979 188
1
1
0 780 968
1
0 865 780
0 555 297
0 673 26
0 725 661
1
0 361 189
0 295 673
0 810 446
0 818 619
0 816 609
0 877 662
0 668 818
0 643 810
0 954 969
0 778 436
0 128 877
0 556 27
0 436 610
1
0 88 620
1
0 487 489
0 669 190
0 185 470
1
1
1
0 296 555
0 671 61
1
1
0 661 811
1
0 293 28
0 817 798
1
1
0 23 668
1
0 810 490
1
1
0 641 707
0 912 583
0 27 171
1
0 24 491
1
1
0 486 878
0 428 879
1
1
0 206 880
0 913 556
1
0 445 492
0 446 172
0 243 778
0 618 982
1
1
0 60 843
1
0 444 725
0 924 191
0 981 643
1
1
1
1
0 491 611
1
0 582 468
1
1
0 251 491
0 811 791
1
0 780 970
1
1
0 492 780
1
0 922 471
0 59 669
1
0 553 192
0 777 649
1
0 469 566
0 556 557
0 583 799
1
0 880 193
1
1
0 435 194
1
0 28 897
0 707 556
0 164 983
1
1
1
0 968 707
1
0 778 469
1
0 491 195
0 842 898
0 470 984
1
0 557 674
0 797 567
0 297 675
0 969 880
1
1
0 58 59
1
0 556 557
1
0 668 556
1
0 674 708
0 488 253
0 467 881
0 59 295
1
0 186 968
0 790 173
0 800 618
0 362 544
1
1
1
1
1
1
1
0 878 810
1
0 818 674
1
0 393 644
0 809 956
1
1
0 799 174
0 876 957
1
1
0 955 296
0 190 568
0 767 175
1
1
1
0 791 569
1
0 708 90
0 568 176
0 189 878
1
1
1
0 983 671
0 544 612
0 669 297
1
1
0 567 676
1
0 673 645
0 85 781
0 543 177
1
1
1
0 294 178
1
0 611 882
0 879 677
1
1
1
1
0 645 663
0 810 678
1
0 880 179
1
0 676 679
0 679 180
1
0 297 298
0 781 842
1
1
0 725 621
0 957 673
1
0 671 622
1
0 565 297
0 678 981
1
0 612 254
1
0 188 91
1
0 970 181
1
0 609 470
1
1
0 648 196
1
0 542 558
1
1
0 673 645
1
1
0 191 623
1
1
0 896 799
0 170 299
0 192 3
1
0 808 624
0 25 625
0 881 876
0 557 899
0 724 4
1
1
1
0 177 5
1
0 897 673
0 982 900
1
0 566 611
1
0 175 676
0 956 626
0 967 557
0 61 901
1
1
1
1
1
1
0 841 175
1
0 26 559
0 882 646
1
1
1
0 299 985
0 610 560
0 298 627
1
0 877 647
1
1
0 618 6
0 193 612
1
1
1
0 254 486
0 196 708
1
1
0 178 177
0 627 648
1
0 648 182
1
0 900 183
0 923 709
0 611 561
0 4 844
1
0 486 472
1
1
0 485 678
0 172 4
1
0 554 251
0 780 627
0 187 628
1
1
1
1
1
0 981 648
0 90 172
0 620 629
0 253 650
0 471 879
0 675 467
0 295 630
1
0 670 661
0 468 7
1
0 173 780
1
0 646 651
0 663 184
0 2 562
1
1
1
1
0 623 704
0 674 646
0 181 253
0 984 800
1
0 184 254
0 780 255
0 4 710
1
1
1
1
0 5 780
0 706 652
1
0 255 711
1
0 647 173
1
1
1
1
0 557 631
0 297 178
0 878 880
1
1
0 650 845
0 179 632
1
0 625 196
0 632 179
0 880 468
0 710 781
1
1
1
1
0 843 632
0 798 181
0 6 633
0 470 986
1
1
0 178 801
0 175 178
0 626 184
1
1
0 630 185
0 253 679
0 169 470
1
1
0 555 623
0 629 175
1
1
0 633 782
0 469 846
1
1
0 985 783
0 678 880
1
0 183 563
1
1
1
0 704 625
1
0 652 183
0 569 626
0 178 469
0 643 178
1
0 624 4
1
1
1
0 781 130
1
1
0 562 297
0 711 255
1
0 466 253
1
1
0 899 618
0 489 981
1
0 846 186
1
1
0 876 624
1
1
1
1
0 296 982
0 196 187
0 646 613
0 844 188
0 558 678
0 672 189
1
1
1
1
0 563 90
0 4 629
0 622 630
1
1
0 630 668
1
0 880 802
0 253 8
0 179 646
0 901 983
1
1
0 631 622
0 983 674
1
1
1
0 642 704
0 89 647
1
1
0 651 256
0 968 620
0 704 650
0 173 190
0 189 253
1
1
0 842 179
0 980 651
0 490 471
0 651 630
0 661 614
1
0 676 631
1
1
1
1
1
1
0 256 680
0 560 633
1
1
1
0 645 651
1
1
1
1
0 800 634
1
0 678 131
1
1
0 559 9
0 622 652
1
1
1
1
0 186 189
0 130 609
1
1
1
1
0 662 635
1
0 648 653
0 802 473
1
0 612 681
1
1
0 845 669
1
1
1
1
1
0 986 682
1
1
0 254 132
1
0 801 615
1
1
1
0 608 474
0 651 710
1
0 633 622
1
1
0 177 633
0 195 177
1
1
1
1
0 189 711
1
0 711 186
0 190 636
1
0 629 637
1
0 644 254
0 131 475
0 186 629
0 673 638
1
0 981 639
0 707 640
1
0 618 476
1
0 982 256
0 297 186
1
1
1
0 180 173
0 621 641
1
1
0 641 477
1
0 623 781
0 646 257
1
0 3 651
0 472 478
0 779 683
0 668 258
1
0 637 189
0 622 684
1
0 7 637
1
1
1
1
0 639 180
0 468 639
0 879 479
1
1
1
0 253 557
1
1
1
0 478 190
0 636 704
1
0 710 191
1
0 9 92
0 129 636
1
0 709 661
0 178 192
0 628 641
0 652 685
1
0 624 610
1
1
1
1
0 704 876
1
0 179 9
1
0 653 611
0 638 642
1
0 174 670
0 680 612
1
1
0 477 686
1
1
1
0 258 193
0 185 616
1
1
1
1
1
0 611 258
0 467 800
1
0 629 618
1
0 469 643
0 616 784
0 660 133
0 637 253
0 800 801
1
1
0 649 259
0 250 260
0 630 472
0 684 877
1
1
1
1
1
1
1
1
0 184 477
0 801 652
0 620 653
0 633 785
1
1
0 785 668
1
1
0 183 633
0 650 654
1
0 617 478
0 557 648
0 9 93
0 189 480
1
0 614 637
1
0 471 189
1
0 782 671
1
0 255 183
0 631 178
0 178 655
0 173 94
0 641 638
0 90 195
0 193 684
1
0 252 614
1
1
0 638 95
0 618 649
1
1
0 180 656
0 188 96
0 685 481
0 655 638
0 780 255
1
0 679 616
0 781 662
0 477 878
0 8 650
1
1
1
0 640 611
0 878 617
1
0 481 97
0 556 481
1
0 634 618
1
0 669 675
0 255 173
0 172 184
1
1
0 876 878
0 633 669
1
0 470 620
0 182 621
0 651 678
0 649 174
1
0 481 252
1
1
0 799 709
0 650 182
1
1
0 176 255
0 877 622
0 643 644
0 609 785
1
0 251 672
1
1
0 183 623
0 644 624
0 133 876
0 96 673
1
0 653 261
1
1
1
0 670 481
0 622 628
1
0 675 96
0 784 477
0 674 193
1
0 610 670
1
1
0 473 649
0 682 183
1
0 878 629
1
1
1
0 479 899
0 899 185
1
0 97 710
1
1
0 898 178
0 175 176
0 638 97
1
1
0 187 622
0 686 630
0 621 704
0 189 179
0 615 621
1
1
0 474 196
0 639 631
0 636 786
1
0 193 655
0 254 262
0 262 650
0 480 254
1
0 681 98
1
0 477 187
0 783 633
1
1
0 96 674
0 253 877
0 184 634
0 620 188
1
1
0 188 99
1
1
1
0 182 787
1
0 671 180
1
0 637 657
1
0 186 262
0 561 651
1
0 183 636
0 684 96
1
1
1
0 178 182
0 642 178
1
1
0 648 637
1
0 173 263
1
1
1
1
1
0 180 100
0 678 101
0 613 264
0 622 183
0 612 658
1
0 91 659
1
1
0 625 638
1
1
0 617 102
0 629 653
1
1
0 476 103
1
1
1
1
0 254 476
1
0 877 675
1
1
0 472 660
1
1
1
0 631 639
1
1
0 92 676
1
1
0 96 625
1
1
0 99 629
1
0 478 265
1
0 97 266
1
1
0 621 678
0 183 663
1
1
0 635 640
1
1
0 187 631
1
1
1
0 647 96
1
1
0 174 193
0 657 671
1
1
1
1
1
1
0 876 635
1
1
0 103 477
0 481 788
1
1
0 255 789
0 256 103
0 261 664
1
0 266 641
0 182 97
1
1
0 788 642
0 667 679
0 651 657
1
1
0 789 99
0 673 197
0 625 643
1
0 787 198
1
0 629 266
0 649 644
0 679 673
1
0 661 684
1
1
0 178 104
1
0 664 267
0 640 172
0 633 105
1
0 659 679
1
0 191 173
1
0 652 711
0 185 268
0 642 705
0 708 640
0 102 664
0 195 685
0 101 625
1
0 96 629
1
1
0 193 680
1
0 657 174
0 619 191
0 684 642
1
1
0 198 681
0 786 175
1
0 97 133
0 611 182
0 99 269
1
1
1
1
0 192 178
0 263 617
1
1
0 103 134
1
1
0 176 876
0 678 682
1
1
1
1
0 669 633
1
1
1
1
0 641 96
0 679 678
1
1
0 785 641
0 710 665
1
1
1
0 174 99
1
0 191 712
1
1
1
0 671 679
1
1
0 875 176
1
0 623 645
1
0 637 657
0 99 101
0 269 261
0 670 646
0 703 686
1
0 171 659
0 643 183
1
0 175 180
0 636 684
0 265 706
1
0 684 661
1
0 618 184
0 631 636
0 683 684
0 685 643
1
0 94 631
1
1
1
0 641 102
0 674 106
0 682 107
0 629 97
0 654 263
0 640 185
0 661 666
0 263 265
0 631 478
1
0 97 713
1
0 636 97
1
0 264 99
0 257 647
1
1
1
0 196 186
0 267 187
1
1
0 679 710
0 642 640
1
1
0 627 103
0 639 667
0 675 108
1
1
1
1
1
1
1
1
1
1
0 626 479
0 106 714
1
1
0 630 715
1
0 673 618
1
1
1
1
1
1
1
1
1
0 100 480
1
1
1
0 714 481
0 677 482
0 477 191
1
0 182 174
0 102 100
0 711 682
1
1
1
1
0 479 636
0 186 648
1
1
0 134 707
1
0 676 263
0 636 619
0 616 94
0 680 182
1
0 197 186
0 681 669
0 686 188
0 664 670
0 481 636
0 182 109
1
0 659 639
0 665 269
1
0 668 671
1
0 184 182
1
1
1
0 194 637
0 265 714
0 269 106
1
0 100 134
1
0 650 135
0 105 659
1
1
1
1
0 662 641
0 647 626
1
1
1
0 178 184
0 628 716
1
1
1
0 640 264
0 177 100
0 268 189
0 684 640
1
0 135 192
1
0 478 708
0 633 102
0 714 711
0 659 193
1
1
0 134 659
1
0 626 661
1
0 263 194
0 480 110
0 106 714
0 190 195
1
1
1
0 104 717
0 715 718
1
0 176 715
1
0 259 633
1
1
1
0 625 196
1
1
0 640 719
0 712 190
0 96 197
1
1
1
0 655 712
1
1
1
0 713 673
1
0 617 640
0 708 198
0 95 662
0 97 642
1
0 719 647
0 183 719
1
1
0 645 259
0 475 104
0 637 111
1
0 658 105
1
0 624 183
0 103 645
0 187 720
0 876 134
1
1
0 653 683
1
1
1
1
0 710 649
1
1
0 671 175
0 197 265
1
0 104 664
1
0 667 668
1
1
0 719 674
1
1
1
0 185 103
0 705 104
0 93 637
0 103 185
1
0 618 199
0 173 710
0 661 665
1
0 190 721
1
1
0 172 263
1
1
0 672 650
1
0 640 708
0 648 187
0 668 197
1
0 107 719
0 198 190
0 650 267
1
0 711 483
0 664 679
1
1
1
0 714 198
1
0 663 135
1
0 100 268
0 660 200
0 268 269
0 111 640
0 708 477
1
1
0 669 201
1
1
0 636 202
1
1
0 186 103
1
1
0 199 203
1
1
1
1
1
1
1
0 716 186
0 483 199
1
0 181 615
0 649 204
1
0 678 205
0 99 206
1
1
0 196 207
1
1
1
1
1
0 638 196
1
1
1
0 207 136
1
1
0 706 207
1
1
0 109 620
0 135 675
0 133 648
1
0 644 208
0 174 667
0 190 209
0 662 705
1
1
0 620 676
0 679 95
1
1
0 675 668
1
1
1
0 643 722
0 201 210
1
0 197 253
1
1
1
0 210 723
0 101 713
1
1
0 175 677
0 640 636
0 183 190
1
0 184 197
1
0 634 649
1
0 95 254
0 253 478
1
0 110 183
0 185 201
0 102 133
0 191 660
0 615 724
1
1
1
1
1
1
1
1
1
0 722 210
1
1
0 264 191
0 200 135
1
1
1
0 252 200
0 180 255
1
1
0 482 615
0 202 211
0 719 264
1
0 134 706
0 710 137
1
0 682 202
0 136 212
0 656 106
1
1
1
0 724 213
1
0 104 214
1
0 200 104
1
1
0 645 722
0 211 200
1
0 713 211
1
1
1
0 94 134
1
0 659 708
0 648 138
1
1
0 477 215
0 207 724
1
0 98 713
1
1
0 194 207
1
1
0 639 669
0 636 678
1
0 266 643
1
1
1
0 258 194
1
0 704 136
0 715 620
1
0 209 216
1
0 262 217
1
1
1
1
1
1
1
0 205 209
1
0 269 139
1
1
1
0 254 710
1
0 104 205
1
1
1
0 179 725
1
0 707 621
1
1
1
0 725 218
0 621 650
0 720 479
1
0 710 480
1
0 263 219
1
1
0 192 636
0 183 140
0 708 192
0 259 262
0 204 141
1
1
1
1
1
1
0 670 204
1
1
1
1
0 133 621
0 706 719
1
0 108 107
0 137 142
0 632 104
1
0 192 658
0 621 725
1
1
0 668 220
0 676 706
0 190 266
0 722 263
0 666 143
1
0 665 144
0 620 714
1
0 105 659
1
1
1
1
0 476 221
0 719 268
0 132 108
0 673 222
1
0 204 715
0 106 651
1
1
1
0 193 722
0 705 638
1
1
1
0 205 719
1
0 659 223
1
1
1
1
1
0 713 639
0 678 269
0 657 224
1
0 615 644
1
0 187 225
0 706 270
1
1
1
1
1
1
1
0 143 256
0 206 716
1
0 646 204
0 138 226
1
1
1
0 724 137
1
0 226 227
0 674 645
1
1
0 216 226
1
0 619 205
0 221 724
0 644 271
1
0 658 138
1
1
1
0 210 726
1
1
0 208 272
0 218 727
1
0 255 105
1
1
0 614 273
1
1
0 141 145
1
0 223 106
1
0 727 274
0 197 218
0 199 190
0 196 727
1
0 721 206
1
1
0 716 275
1
0 108 276
0 265 141
1
0 276 210
1
0 141 720
0 256 276
1
0 203 208
1
1
0 726 108
1
1
0 642 141
1
1
0 650 228
0 637 721
1
0 210 143
1
0 182 265
1
0 651 229
0 677 648
1
1
0 709 192
1
0 191 277
0 274 684
1
0 209 216
0 647 274
0 725 109
0 105 146
1
0 222 278
1
0 721 279
1
1
1
0 641 230
0 225 280
1
0 201 147
1
1
1
1
1
1
1
1
0 277 281
0 198 725
1
0 480 685
0 214 282
1
1
1
0 279 480
1
0 727 221
1
1
1
0 137 277
0 636 191
0 230 726
1
1
0 206 279
1
0 645 283
1
0 107 481
0 639 222
1
0 277 148
0 103 716
1
1
0 719 727
1
1
0 720 230
0 227 277
1
1
1
0 230 105
1
1
1
1
1
0 480 686
0 648 223
1
0 685 193
0 272 209
0 192 149
1
1
0 271 230
1
0 204 110
0 195 650
0 211 651
0 207 214
1
1
1
1
1
0 193 150
1
1
1
1
1
0 278 225
1
0 209 271
1
1
1
1
0 723 192
0 633 719
0 683 720
0 275 111
1
0 142 227
1
1
0 222 278
1
0 192 668
1
0 668 728
0 223 195
1
0 718 222
0 265 137
0 230 209
1
0 186 265
1
0 478 272
1
1
0 214 685
1
1
1
0 643 107
0 268 151
0 106 268
1
0 727 142
1
0 669 230
1
0 267 687
0 279 231
1
0 135 210
0 719 639
0 276 279
1
1
0 145 727
0 728 211
0 220 203
0 228 267
0 218 112
0 279 218
1
0 283 220
1
1
0 277 145
1
1
1
0 725 275
1
0 269 728
0 649 718
0 650 232
0 203 113
1
1
0 685 114
0 147 106
0 134 719
0 194 147
0 106 721
1
1
1
1
1
0 262 269
0 142 115
1
1
0 150 192
1
1
1
1
0 271 228
1
1
