100 1000 2000
622 442 241 570 357 869 286 320 126 221 965 828 382 480 333 628 17 158 967 483 461 42 810 112 743 519 593 637 62 131 179 990 579 804 52 688 389 120 191 651 111 246 583 581 645 130 979 335 398 768 484 679 10 576 715 57 521 501 39 839 162 545 597 169 992 761 360 152 86 701 757 820 92 818 754 392 388 201 627 634 929 509 566 863 349 835 383 258 512 160 109 242 982 94 434 819 735 328 185 592
1
1
1
0 570 980
0 434 736
0 42 222
1
0 757 594
1
1
1
0 52 635
1
0 679 159
0 39 192
0 594 481
1
1
1
1
1
0 201 161
1
0 221 522
1
0 94 652
0 509 393
0 645 485
1
1
0 804 629
1
0 519 163
1
1
0 754 193
0 86 243
0 637 384
0 126 567
1
0 522 821
1
1
0 246 63
1
1
1
0 982 737
0 869 170
1
1
0 583 840
0 383 18
1
1
0 131 822
0 992 823
0 320 502
0 701 630
1
1
1
1
0 158 244
0 17 64
0 761 334
1
0 392 245
1
1
1
0 823 383
0 652 164
1
1
0 63 598
1
0 92 19
1
1
0 222 738
0 979 568
1
1
1
0 388 186
1
0 484 385
0 242 246
1
0 818 110
0 328 165
0 169 386
0 243 981
1
1
0 461 841
0 521 569
0 57 823
1
0 360 336
1
1
0 635 166
0 597 167
1
1
1
1
0 62 113
1
0 186 114
1
1
0 241 739
1
0 385 194
0 622 864
1
0 393 740
1
1
1
1
0 628 631
1
1
0 389 570
1
1
0 112 115
0 581 482
1
1
0 167 358
0 358 131
0 164 132
1
1
1
0 382 247
0 738 599
1
0 120 337
1
1
1
1
1
1
0 244 628
0 768 112
1
1
1
1
0 161 116
1
1
1
1
1
0 651 738
1
0 566 164
1
1
1
0 820 195
1
0 967 167
0 841 744
0 336 741
1
1
0 501 577
0 337 336
1
0 485 133
1
0 18 578
1
0 577 134
1
1
0 163 571
0 630 836
1
1
0 386 865
1
1
1
1
0 286 866
1
0 990 196
0 835 168
0 571 248
1
1
1
0 170 484
1
1
1
1
1
1
0 133 485
0 334 117
0 740 65
0 10 385
1
0 634 334
1
1
0 628 386
0 336 259
0 483 930
0 117 66
1
1
0 863 67
0 864 133
0 384 982
0 191 117
1
0 442 161
0 64 483
0 130 153
1
1
1
1
0 386 867
1
0 930 186
0 167 260
0 114 740
0 168 249
0 502 486
1
1
1
0 260 187
1
0 65 632
1
0 823 824
0 982 745
1
0 247 135
1
0 592 118
0 112 868
0 249 825
0 258 167
1
0 631 487
0 117 336
1
0 385 163
0 866 571
0 383 154
1
0 259 136
0 715 811
0 867 197
1
1
1
0 840 247
1
0 110 488
0 485 823
1
1
0 488 580
0 865 742
1
1
0 828 155
0 579 826
1
1
1
0 133 827
1
1
0 738 168
1
0 349 546
1
0 742 198
1
0 115 840
0 153 581
0 737 930
0 484 337
1
1
1
0 335 117
1
1
0 739 600
0 980 68
1
0 398 119
1
1
0 629 169
0 248 199
1
0 165 601
0 576 200
1
0 109 133
0 486 513
0 487 165
1
0 483 982
1
1
0 824 338
1
1
1
1
1
1
0 132 966
0 154 602
0 601 170
1
1
1
1
1
0 745 69
0 580 201
1
1
1
0 810 137
0 169 202
0 598 169
1
0 602 171
0 162 132
1
0 119 594
0 179 188
0 981 869
0 823 172
0 811 967
1
0 481 633
0 826 189
0 930 358
1
1
0 581 173
0 633 601
1
0 196 203
0 513 602
1
0 169 335
0 163 204
0 571 205
0 965 206
1
0 171 190
0 205 174
1
1
0 188 119
0 194 603
1
0 601 188
0 358 205
0 206 20
0 333 70
1
1
0 188 483
1
1
1
1
1
1
0 173 579
1
1
0 199 138
1
0 599 71
1
0 19 248
0 137 513
1
1
0 132 841
0 743 826
0 152 571
0 246 604
0 205 169
1
1
1
1
0 185 484
1
1
1
1
1
0 193 745
1
1
0 545 547
0 192 162
0 484 21
1
0 578 72
0 138 205
0 136 199
0 20 22
1
0 66 595
0 338 737
1
1
1
1
1
1
1
0 571 136
0 740 338
0 512 742
1
1
0 546 842
0 69 206
1
1
1
1
1
1
0 603 120
1
1
0 166 571
1
1
1
1
1
0 840 601
1
1
0 170 596
1
0 164 840
1
0 825 207
0 71 514
0 335 175
0 568 69
0 190 170
1
1
1
0 167 188
1
1
1
1
0 736 358
1
0 513 208
1
1
0 358 597
0 336 23
1
1
1
1
1
1
0 22 209
0 819 163
1
1
1
1
0 579 633
0 337 634
1
0 72 572
1
1
0 594 121
1
1
0 245 210
1
1
0 826 164
0 602 870
1
1
1
0 134 871
0 120 211
1
1
0 596 176
1
0 172 171
0 203 212
1
1
1
1
1
0 821 602
1
0 168 203
1
1
0 113 190
0 871 605
0 116 24
1
1
1
1
1
1
0 482 196
0 67 191
1
1
0 190 137
0 842 213
0 745 214
1
1
0 155 166
1
0 514 215
1
0 741 167
0 195 177
1
1
0 199 216
0 160 112
1
1
0 929 71
1
1
1
1
0 164 842
1
1
1
1
1
1
1
1
0 197 25
0 68 606
0 176 871
1
0 161 596
1
0 602 628
0 166 872
1
0 842 873
0 212 168
0 841 72
0 839 197
0 836 172
0 215 212
0 572 166
0 216 190
1
1
0 213 598
0 112 213
1
1
0 595 607
0 119 160
0 600 215
0 744 134
1
0 601 828
0 133 132
0 840 743
1
1
1
0 966 192
1
1
0 822 173
1
0 188 983
0 688 176
1
0 170 608
1
1
0 872 26
1
1
0 136 216
1
1
1
1
1
0 338 193
0 191 548
0 190 138
1
0 193 178
1
1
0 607 188
1
0 606 22
1
0 869 73
1
1
1
1
0 871 217
1
0 137 170
0 743 829
1
0 168 218
1
1
0 627 179
0 213 219
1
1
1
0 217 27
1
1
0 216 180
0 206 181
1
1
0 170 28
0 174 29
0 23 112
1
1
0 200 213
1
0 570 168
0 548 190
1
1
0 187 170
1
0 829 206
1
1
1
0 21 216
1
1
0 593 599
0 196 606
1
0 189 358
0 982 23
0 169 119
0 171 133
1
1
1
0 967 30
0 219 629
1
0 118 74
0 163 630
0 208 136
1
1
1
0 175 31
1
1
0 138 75
0 827 607
0 569 191
0 170 217
1
1
0 873 631
0 358 32
0 634 208
0 604 137
0 742 193
0 111 138
0 735 76
0 870 219
0 76 609
0 212 182
0 188 600
0 167 358
1
1
0 203 139
0 73 183
1
1
1
0 165 33
0 218 572
1
0 202 140
1
0 219 601
0 137 602
0 208 212
1
1
1
0 358 141
1
0 181 573
0 631 634
1
1
0 216 174
0 868 610
1
0 72 194
0 133 161
1
1
0 112 137
0 176 34
0 605 603
1
1
0 25 604
1
0 215 25
1
0 247 605
0 632 215
1
1
0 201 120
1
1
0 168 195
0 213 216
1
0 737 574
0 69 181
1
0 23 196
1
0 32 568
1
0 70 611
1
0 136 612
1
0 216 631
0 194 32
0 191 35
0 207 136
1
0 75 175
0 141 142
1
0 35 36
1
1
0 26 632
1
0 119 163
1
1
1
0 198 23
0 214 184
1
1
1
1
1
0 31 35
0 607 31
0 137 249
1
1
0 215 26
0 172 185
0 631 569
1
0 28 548
0 629 631
0 71 164
1
0 181 165
0 604 37
1
0 480 141
1
1
1
1
1
1
0 138 250
1
0 183 38
0 357 28
1
1
0 483 137
0 137 604
1
0 132 607
1
0 32 39
1
0 572 218
1
0 210 613
0 613 575
0 136 32
1
1
0 206 176
1
0 204 613
1
0 36 549
1
0 165 576
0 37 550
0 209 165
1
0 217 132
0 608 829
1
1
1
0 117 551
0 610 629
0 606 577
1
1
1
0 27 198
0 163 570
1
0 161 578
0 159 191
0 38 122
1
0 628 251
1
1
0 23 143
0 179 606
0 121 194
0 173 608
1
1
0 600 635
0 22 123
1
0 609 124
0 829 609
0 574 252
1
1
0 166 144
0 248 27
0 596 610
0 124 199
0 611 145
1
1
0 29 253
0 547 200
1
1
0 135 572
0 828 611
0 608 201
0 122 574
1
0 192 636
0 134 254
1
1
0 196 36
1
0 611 166
0 162 167
1
1
0 186 179
1
1
1
1
1
1
1
0 123 181
0 548 146
0 633 202
0 575 133
1
0 604 37
0 26 203
1
0 190 608
0 176 255
0 609 604
1
0 143 26
0 191 183
1
1
0 205 575
0 145 579
0 608 196
0 132 75
0 175 580
0 574 147
0 34 335
0 177 984
1
0 250 581
1
1
0 183 29
1
0 568 204
1
1
0 634 582
0 576 161
0 578 574
0 33 552
1
0 131 600
0 255 637
1
0 30 205
1
0 142 38
0 178 250
0 610 76
1
1
0 212 206
0 161 608
0 167 614
1
1
1
0 604 576
1
1
0 201 145
1
1
0 570 121
1
1
0 27 570
0 602 604
0 550 148
0 148 207
1
0 984 602
1
1
1
1
1
0 160 208
1
1
0 204 167
1
1
1
0 120 209
0 607 553
0 599 554
0 121 201
0 184 40
1
1
1
0 165 142
0 335 148
1
1
0 574 607
0 582 555
0 28 615
1
0 40 578
1
0 164 255
1
1
1
1
1
1
1
1
1
0 36 143
0 143 210
0 251 256
1
1
0 199 582
1
1
1
1
1
1
1
0 605 638
0 193 583
1
0 636 584
1
1
0 255 257
1
1
0 630 204
0 608 585
0 256 33
0 580 335
1
0 638 550
0 631 212
0 983 556
0 579 557
1
0 174 34
1
0 550 558
0 38 143
0 637 258
1
0 26 213
0 558 77
1
1
1
1
1
1
0 77 78
0 185 199
0 202 251
1
1
1
1
0 211 558
1
0 194 183
1
1
1
1
1
1
0 181 559
0 179 77
0 33 36
0 615 168
1
1
0 209 149
1
1
1
0 199 255
1
0 556 599
1
1
1
0 583 579
1
0 207 556
1
1
1
1
1
0 635 199
0 577 169
0 34 170
0 599 150
0 598 577
1
0 147 586
1
1
1
0 600 202
0 203 560
0 150 574
1
0 560 605
1
1
1
0 141 587
0 39 550
1
0 168 259
1
0 254 184
1
1
0 556 33
1
0 581 580
0 133 185
1
0 335 556
1
0 555 203
0 579 207
0 170 147
0 578 588
1
1
1
1
0 557 615
0 203 254
1
1
1
0 24 589
1
1
0 558 633
1
1
0 74 30
1
1
0 201 38
1
0 569 79
0 32 150
1
0 205 168
0 31 186
0 554 616
1
1
0 582 187
0 144 256
0 629 188
0 180 617
0 198 205
1
1
1
1
1
1
0 140 144
1
0 550 260
1
1
0 30 261
0 612 198
0 78 39
1
1
1
1
0 588 214
0 249 209
0 587 634
1
0 585 554
1
1
1
1
0 169 34
1
0 553 555
1
1
0 207 140
1
0 580 169
1
1
1
1
0 169 40
0 147 553
0 252 578
0 570 262
0 549 169
0 613 201
1
1
0 614 189
1
1
0 143 151
1
1
1
1
1
0 184 190
1
0 576 263
0 251 264
0 37 203
1
1
0 259 147
1
0 578 576
1
1
0 182 170
0 589 207
0 256 335
1
1
1
0 139 152
1
1
0 335 618
1
0 575 219
0 36 220
1
0 190 171
1
1
1
1
1
0 567 153
1
0 573 190
1
1
0 255 36
1
1
1
1
0 597 154
1
1
0 205 608
0 258 205
1
0 602 191
0 200 560
0 209 609
1
0 197 209
1
0 552 561
0 151 619
0 34 172
0 152 41
1
1
0 571 211
1
1
0 196 215
0 609 635
1
0 33 151
0 183 216
0 616 192
1
1
0 204 609
0 572 155
1
1
1
1
1
0 187 152
1
0 574 265
1
0 171 636
0 146 221
1
0 149 193
0 167 149
0 555 637
1
0 208 156
0 154 146
0 551 194
1
0 553 557
0 636 208
1
0 147 154
1
1
0 76 147
0 608 200
0 146 196
1
1
1
0 215 30
0 254 610
0 619 611
0 209 608
0 147 266
1
0 145 222
1
1
0 198 215
0 211 636
0 250 42
1
0 151 197
1
0 166 157
0 148 267
1
1
1
1
1
0 218 562
1
0 194 223
0 150 578
1
0 220 224
1
0 29 225
0 203 173
1
0 635 226
1
1
1
1
1
1
1
0 606 141
1
1
1
1
0 168 619
1
0 189 209
1
1
0 584 203
0 169 227
1
1
1
0 577 268
1
1
0 203 606
0 35 198
0 36 228
0 636 43
0 226 78
1
1
0 605 635
1
0 78 80
1
0 610 203
1
0 156 187
0 617 156
0 198 81
1
0 188 616
0 619 194
0 334 158
1
0 266 602
0 194 266
0 227 82
0 263 610
0 187 229
1
1
0 222 217
0 80 636
1
0 39 31
1
0 261 198
1
1
0 172 78
1
1
0 209 579
0 257 39
0 82 226
1
0 229 187
1
0 153 209
0 637 577
0 610 204
1
0 170 218
1
1
1
0 43 558
1
1
1
0 266 43
0 41 44
0 185 211
1
1
0 634 41
0 219 159
0 221 227
0 211 563
1
1
1
1
1
1
0 601 211
0 204 150
0 199 634
0 253 219
1
0 579 261
1
1
0 141 82
0 558 579
0 579 220
0 262 45
1
1
0 158 83
1
1
0 223 32
1
0 632 221
1
1
1
0 152 637
0 157 188
1
0 561 46
1
0 173 229
0 154 230
1
0 156 47
1
0 611 564
1
1
0 221 222
0 31 638
0 81 262
1
1
1
0 40 48
0 618 49
0 188 50
0 603 587
1
0 638 610
0 200 221
1
0 47 588
1
1
0 206 47
0 47 555
1
1
0 216 47
1
0 576 76
1
0 83 40
1
1
0 140 263
1
0 635 33
1
1
1
1
0 201 231
0 633 638
0 638 565
1
0 615 561
0 76 232
1
0 268 151
0 587 233
0 225 266
1
1
0 205 566
1
0 562 223
0 230 216
0 149 562
1
1
0 208 558
1
1
1
0 47 567
1
0 607 568
1
0 39 268
0 567 225
0 211 269
1
0 220 80
0 79 270
0 203 220
0 40 271
0 228 567
0 610 156
1
1
0 142 272
0 616 569
0 264 228
0 210 273
0 80 230
1
0 232 638
0 224 152
0 228 145
0 268 234
1
0 150 639
0 216 640
1
1
0 560 39
0 202 51
0 261 52
1
1
0 207 153
1
1
0 266 274
0 196 264
0 588 194
0 197 196
0 231 79
1
1
0 272 603
0 51 53
0 82 560
0 562 268
0 220 579
1
1
0 223 641
1
0 33 570
1
1
1
1
1
0 222 157
0 637 197
1
0 151 188
1
0 274 272
1
1
0 225 47
0 557 76
1
0 41 637
0 46 274
1
0 586 158
0 640 216
0 234 557
1
0 577 562
1
1
0 262 231
0 155 607
1
0 233 571
0 561 199
0 265 275
0 52 40
0 159 26
1
0 231 31
0 560 265
1
1
0 269 231
0 566 80
1
0 193 46
1
1
0 273 276
0 565 266
0 26 154
1
0 564 640
0 275 560
1
1
0 190 572
1
0 229 81
1
0 634 220
0 267 189
1
0 636 155
1
0 189 561
0 554 267
0 195 222
0 154 564
1
1
0 42 82
0 32 54
0 572 605
1
1
0 570 565
1
0 77 146
0 263 566
0 221 147
0 82 221
1
0 641 642
0 186 223
1
0 53 570
0 223 643
1
0 156 228
0 570 610
1
1
0 219 641
0 271 229
0 276 210
0 40 154
1
0 265 644
0 640 645
1
0 555 200
0 213 570
0 221 32
0 153 156
1
0 579 572
1
1
1
0 39 273
1
1
0 272 189
1
0 218 611
0 78 159
1
0 229 573
0 606 574
1
1
0 188 606
0 156 223
0 644 51
0 266 218
0 218 52
1
1
1
0 578 575
1
1
0 556 576
0 158 148
1
1
0 145 201
1
1
0 559 275
0 157 644
1
1
0 575 559
0 194 575
1
1
1
0 603 149
0 146 577
1
0 639 224
1
1
1
0 569 77
1
1
0 573 639
0 273 646
1
1
0 275 612
0 49 578
0 215 193
0 152 569
0 220 213
0 642 211
1
1
1
0 77 229
0 222 202
0 574 647
1
0 81 613
1
0 571 77
1
0 224 571
1
0 187 215
1
1
0 571 269
1
0 44 55
1
1
0 193 571
1
1
1
1
1
1
0 565 78
1
0 578 56
0 559 573
1
1
0 223 150
1
1
1
1
0 557 574
0 147 578
1
1
0 566 232
0 196 640
0 611 156
0 268 151
0 641 218
0 558 611
1
0 55 641
0 80 44
0 611 160
0 191 233
1
1
1
0 75 271
0 151 80
1
1
0 227 53
1
0 77 33
1
1
1
1
0 647 161
0 32 77
0 33 611
1
1
0 574 219
1
1
1
1
0 189 574
1
0 199 55
1
1
1
1
0 610 642
1
0 604 57
1
0 226 565
1
0 569 272
0 267 58
0 230 566
1
0 270 647
1
1
0 260 648
1
1
1
0 572 49
0 150 199
0 38 59
0 608 610
1
1
1
0 609 614
0 79 60
0 48 61
0 560 62
0 562 63
0 642 562
0 160 64
0 563 203
0 217 65
1
1
1
1
1
0 59 273
1
1
1
0 212 48
0 218 59
1
0 264 572
0 144 204
0 645 26
0 614 66
1
1
0 639 217
0 204 67
0 564 27
1
0 61 275
0 217 61
0 232 204
1
0 273 276
0 562 68
0 159 562
0 192 579
0 565 69
0 68 70
0 575 270
0 44 575
1
1
1
1
0 607 217
0 27 32
0 570 212
0 602 614
0 30 205
0 59 645
1
0 67 59
0 217 218
1
1
1
0 575 67
1
1
1
0 572 150
1
0 62 206
1
1
1
1
0 638 33
1
1
0 233 68
0 200 62
1
1
1
0 218 273
0 156 71
1
