100 300 2000
128 170 169 32 47 224 93 237 235 9 278 179 157 291 52 122 98 158 42 130 266 50 161 288 38 221 248 238 286 22 80 232 4 132 124 298 48 17 51 252 37 264 67 276 76 118 87 163 72 16 69 207 117 247 212 49 77 57 40 139 165 126 213 55 227 99 183 262 54 283 112 194 12 19 114 136 46 116 231 246 164 30 282 147 245 190 142 100 0 27 92 1 281 97 210 289 110 222 89 214
0 163 236
0 117 290
0 158 180
1
0 232 223
1
1
1
1
0 110 284
1
1
0 40 285
1
0 124 58
0 38 10
0 147 117
1
0 112 2
1
0 266 81
1
1
1
1
0 69 215
0 235 28
1
0 139 3
0 50 292
1
0 286 5
1
0 221 195
1
0 10 239
1
0 136 115
1
0 248 56
1
1
0 165 232
1
0 54 299
1
1
1
0 19 211
0 114 248
0 252 162
1
1
0 142 33
1
1
0 52 225
0 278 226
0 214 191
1
1
1
1
0 32 240
1
0 97 171
1
1
1
0 245 241
1
0 72 50
0 247 101
0 101 10
1
1
1
0 3 163
1
0 262 192
1
0 276 52
1
1
0 92 29
1
1
0 211 43
1
1
0 299 158
1
1
0 224 293
0 30 127
0 158 242
0 239 165
1
0 183 208
0 264 243
0 4 239
0 212 44
1
0 163 3
1
0 93 214
1
1
0 81 224
1
0 128 59
1
0 246 244
0 28 18
1
1
0 57 181
0 226 53
0 43 54
1
0 237 101
0 55 286
0 192 45
0 115 119
0 27 196
1
0 56 102
1
0 101 182
1
1
0 157 120
0 171 23
0 0 43
1
0 22 226
1
0 223 294
1
1
0 100 233
1
0 207 38
1
0 190 55
0 248 19
1
1
1
0 98 56
0 298 103
1
0 239 104
0 126 57
1
1
1
1
0 236 60
0 238 121
1
1
0 42 20
1
0 60 30
1
1
0 132 4
0 54 60
1
1
1
1
0 213 287
0 53 131
0 210 68
0 33 13
0 103 78
1
1
1
1
1
0 9 88
0 291 79
1
0 127 132
1
0 225 183
1
1
0 242 192
0 244 228
0 283 6
0 169 223
0 196 234
0 3 291
0 89 295
0 182 216
1
1
1
1
0 181 89
1
0 195 235
1
1
1
1
0 214 53
1
1
1
1
1
0 88 296
0 233 7
1
1
1
0 118 297
1
1
0 282 298
1
0 132 24
1
0 131 61
1
1
1
0 296 11
1
0 192 296
1
0 161 69
0 30 242
1
1
0 120 166
0 223 163
1
0 180 14
1
0 20 118
0 44 8
1
0 179 180
1
1
0 55 299
0 51 0
1
0 69 103
0 290 81
0 77 3
1
1
0 286 69
1
1
0 281 9
1
0 224 105
1
0 234 15
0 67 62
0 104 20
1
1
1
1
1
0 15 21
0 0 195
0 293 120
1
0 78 82
0 2 83
1
1
1
0 56 15
1
0 180 0
0 3 22
0 87 2
0 285 51
1
0 20 167
1
1
1
0 289 63
1
0 59 168
0 116 3
0 298 20
1
1
0 82 169
1
0 2 171
1
1
1
0 195 236
1
1
1
0 235 123
1
0 165 2
0 163 233
1
0 12 25
1
0 243 64
0 164 65
1
0 79 293
0 288 70
1
0 287 131
1
0 240 298
0 50 12
0 48 223
0 46 26
1
0 119 84
0 61 66
0 25 27
1
1
1
1
1
0 49 48
1
0 21 25
1
0 11 21
0 24 49
0 23 54
0 63 209
1
0 70 11
0 232 23
0 105 24
1
0 293 67
0 58 172
1
0 216 237
0 3 28
0 194 46
1
1
1
1
0 29 30
1
0 19 55
0 68 3
0 15 210
1
1
0 294 238
1
1
0 208 50
0 52 29
0 66 15
1
0 17 19
0 117 243
0 1 17
0 295 244
0 45 31
0 22 77
0 12 82
0 228 32
0 84 1
1
1
1
1
0 299 33
0 47 78
1
1
0 57 12
1
0 226 299
1
0 171 22
1
1
1
0 0 39
0 241 173
0 89 56
0 78 34
1
0 183 174
0 120 84
1
1
0 18 245
1
0 1 57
1
0 299 18
0 122 35
0 123 63
1
0 77 299
1
0 26 175
1
1
1
1
1
1
1
0 6 36
0 29 85
1
0 18 29
1
1
1
0 27 6
0 34 58
0 16 0
0 118 59
1
1
0 243 176
1
1
0 24 177
1
1
1
1
0 130 24
0 50 16
1
0 32 178
0 82 232
0 175 224
1
1
0 299 18
0 176 26
0 222 27
1
0 43 52
1
1
1
0 28 61
0 46 40
0 53 234
0 227 179
1
0 16 86
1
0 12 235
1
0 237 299
1
0 169 180
0 14 28
1
0 18 32
0 166 87
0 215 285
0 242 163
1
1
1
0 5 181
1
1
1
0 13 66
1
1
0 40 41
0 27 104
1
1
0 32 5
0 29 237
0 39 42
1
1
0 99 105
0 60 68
1
0 223 88
1
0 172 239
0 105 32
0 65 164
0 55 182
1
1
1
1
0 67 240
1
1
0 6 70
0 237 27
0 49 237
1
1
0 41 29
1
0 63 241
0 121 242
0 191 55
1
1
0 170 246
0 70 53
0 83 65
0 9 1
0 244 89
1
1
1
1
0 31 6
0 179 60
0 291 243
1
1
1
1
1
1
0 22 9
0 66 90
1
1
0 168 39
1
0 51 22
0 54 244
1
0 57 175
1
0 42 12
0 32 70
1
1
0 233 91
0 61 40
0 5 31
1
1
0 89 179
0 37 41
0 296 247
1
1
0 21 13
1
0 33 89
0 62 92
0 210 93
0 9 32
0 292 33
0 102 94
0 87 248
0 243 16
1
1
1
1
0 237 95
0 247 5
1
1
0 8 183
0 84 54
1
1
0 93 77
0 24 42
0 53 8
1
1
0 0 184
1
0 11 0
0 39 34
0 4 210
0 236 37
0 298 165
0 10 247
1
1
0 177 176
1
0 30 185
0 241 24
1
1
0 69 30
0 8 78
1
1
0 240 71
1
1
0 71 211
0 209 236
1
0 178 39
0 284 93
1
1
0 78 286
1
0 39 249
1
1
1
0 184 4
0 2 61
1
0 80 96
1
0 19 97
0 23 18
1
0 162 250
1
0 54 39
1
0 94 177
1
1
0 174 19
1
0 48 94
1
0 90 14
0 1 21
1
0 76 212
1
0 37 23
1
1
1
1
1
1
1
1
1
0 104 8
0 36 98
1
1
0 242 178
0 181 184
1
0 285 43
0 246 99
1
0 163 100
0 247 44
0 55 36
0 3 233
1
0 58 37
0 31 132
1
1
0 297 101
1
0 40 9
1
1
1
1
0 59 31
1
1
1
0 94 181
0 212 45
0 6 40
1
1
0 41 166
0 248 133
0 21 41
0 4 46
0 32 6
1
1
0 101 186
0 180 69
1
0 91 32
1
1
0 28 187
0 25 188
1
1
0 167 47
0 56 212
1
1
0 244 180
1
0 68 21
1
0 245 48
0 7 49
1
0 180 82
0 23 25
0 77 287
1
0 86 101
0 38 237
0 26 23
0 52 240
1
0 182 38
1
1
1
0 181 50
0 17 241
0 48 26
1
0 103 51
0 46 48
0 186 242
0 233 62
1
1
0 132 90
1
0 70 91
1
0 26 46
0 164 102
1
0 235 1
0 0 52
0 60 167
0 131 243
0 13 94
0 12 7
1
1
0 65 28
1
0 40 53
0 102 40
0 179 54
0 19 244
1
1
1
0 243 63
0 88 55
0 81 10
0 211 102
0 7 186
1
0 98 189
0 177 168
0 16 169
1
0 21 98
1
1
1
0 187 56
0 212 57
1
1
1
1
0 237 58
1
1
0 90 86
1
1
1
0 54 59
1
1
0 168 54
0 183 60
0 43 103
1
1
0 18 65
1
0 58 26
1
0 165 7
0 63 58
0 22 233
1
1
1
1
0 184 43
0 232 63
1
1
1
0 63 251
0 58 243
1
0 29 58
0 103 63
0 287 21
0 44 174
1
1
1
1
1
1
0 176 103
0 133 29
0 178 170
1
0 29 44
1
0 39 66
1
1
1
0 175 168
0 89 29
1
1
1
1
1
0 102 171
1
1
1
0 9 39
1
1
1
0 40 102
0 166 22
0 96 67
0 233 68
1
0 32 190
1
1
1
0 171 187
1
0 10 40
0 63 32
1
1
0 5 104
0 103 63
0 41 70
0 238 191
1
1
0 43 87
0 188 88
0 14 71
1
1
0 94 41
0 185 43
1
0 91 225
0 169 72
0 64 73
1
1
1
1
1
1
1
1
0 56 192
1
0 88 56
1
0 32 74
0 15 105
1
1
0 71 64
1
1
1
1
0 85 71
1
0 299 75
0 62 193
0 31 188
0 168 194
0 45 62
0 29 45
0 68 76
0 34 103
0 37 245
1
0 69 68
1
1
0 46 29
1
0 194 106
0 100 96
0 47 69
0 242 77
0 38 37
1
1
1
0 105 94
1
0 95 194
1
1
0 75 31
1
1
1
0 234 75
0 49 78
1
0 30 242
0 102 95
1
1
0 45 171
0 66 287
0 96 195
0 20 9
1
1
1
1
0 106 79
0 63 80
1
1
0 231 63
1
0 39 252
1
0 86 66
0 82 246
0 80 81
1
0 170 30
0 43 80
0 69 196
0 93 10
1
1
1
1
0 26 45
1
0 67 43
0 62 100
0 236 247
0 225 69
0 29 38
1
1
1
1
0 42 62
0 69 32
1
0 196 67
1
1
0 63 11
1
0 60 39
1
0 7 46
1
0 27 96
1
1
1
0 191 102
1
1
0 64 211
1
1
0 173 49
0 77 225
1
1
0 38 191
1
0 6 196
1
1
1
1
1
1
0 74 82
1
0 252 197
0 70 105
0 25 248
0 75 34
1
1
0 41 198
1
1
0 52 106
1
0 65 38
0 210 199
1
1
0 192 29
0 62 12
1
1
1
0 78 41
1
1
1
0 79 252
1
1
1
0 41 192
0 100 25
1
0 32 288
1
0 58 13
0 98 41
0 245 200
0 99 52
1
0 174 201
0 243 58
0 36 202
1
0 288 69
1
1
1
0 194 60
1
0 200 194
1
1
0 73 200
0 59 83
1
1
0 191 62
1
0 211 14
1
1
1
1
0 252 253
1
0 51 252
1
1
1
1
0 21 42
1
0 13 59
0 50 191
1
1
1
1
0 9 63
1
0 253 254
0 192 47
0 188 64
0 190 65
0 61 107
1
0 64 61
1
0 195 188
0 241 190
1
1
1
1
0 61 192
1
1
0 247 84
0 43 253
0 240 13
1
0 13 255
0 63 13
1
1
0 55 195
0 80 203
1
1
1
1
0 42 15
1
0 54 108
1
0 29 50
0 195 98
1
0 194 70
1
0 92 204
1
0 97 194
0 45 32
1
1
0 107 205
0 28 109
1
0 196 99
0 251 107
0 246 45
0 24 243
0 189 61
0 106 245
0 67 63
1
0 84 16
0 191 54
1
1
1
1
1
0 45 64
0 99 106
0 30 189
1
0 50 256
0 61 50
0 249 36
0 48 110
1
0 38 51
1
0 35 73
0 203 61
1
1
0 192 77
0 187 67
0 72 74
1
1
1
1
0 11 55
1
1
0 107 42
1
1
0 39 203
0 94 206
0 186 35
0 70 97
1
0 51 84
0 42 70
0 103 107
1
0 250 38
1
0 81 72
1
1
0 60 75
1
1
1
1
1
1
0 46 78
1
1
1
0 35 39
0 36 103
1
1
0 225 111
1
1
1
1
0 198 288
0 288 112
1
0 15 42
1
0 65 79
0 253 24
0 194 80
1
1
0 102 43
1
1
1
0 202 172
0 84 26
1
1
1
0 32 257
0 257 35
1
1
0 110 60
1
0 49 81
0 14 65
0 55 84
0 53 288
0 200 289
1
1
1
0 69 45
0 199 46
1
0 56 110
0 33 69
1
0 81 207
1
1
0 60 113
1
0 172 208
1
0 95 48
1
1
1
0 76 209
0 96 27
0 83 114
0 111 76
0 242 81
1
0 103 111
0 112 14
0 207 290
0 287 28
1
1
0 41 168
0 171 172
0 42 83
1
1
1
0 67 191
1
0 205 246
0 52 257
0 14 85
0 23 29
0 204 49
1
0 101 36
1
1
1
1
0 62 67
1
1
1
0 105 99
0 76 194
1
0 77 51
0 99 60
0 113 240
0 84 52
0 78 291
0 109 253
0 110 76
1
1
0 51 258
1
0 246 210
1
1
1
0 79 77
1
1
1
1
1
0 252 292
0 60 293
0 243 78
0 54 211
0 97 30
0 63 259
0 40 109
0 245 79
1
0 29 260
0 13 29
1
0 83 32
0 57 40
1
0 52 294
1
1
0 254 192
1
1
0 208 33
1
1
1
0 109 245
1
0 244 51
0 46 41
1
0 29 83
1
1
0 255 84
1
1
0 191 86
1
0 66 195
0 291 88
0 257 42
0 98 29
1
0 286 261
1
0 12 89
0 75 46
0 79 52
1
0 89 196
1
0 104 53
0 211 89
0 41 198
1
0 35 291
1
0 51 191
0 58 54
0 34 90
1
0 26 75
0 90 91
1
0 106 17
1
1
1
0 42 295
1
1
0 295 26
1
1
1
1
0 71 199
0 291 41
1
1
1
0 28 60
0 68 23
1
1
0 210 90
0 37 71
0 17 262
0 67 42
1
1
0 38 169
0 167 28
1
1
1
1
0 47 92
0 8 263
1
1
1
0 52 291
0 191 62
1
1
0 36 93
0 78 109
0 263 94
0 248 63
1
1
1
0 201 78
1
1
1
0 94 241
0 78 94
0 49 242
1
1
0 193 17
1
0 87 47
1
1
1
1
1
0 91 200
1
1
1
1
0 82 201
0 50 263
0 241 115
1
1
1
1
1
1
0 65 112
0 74 202
0 109 91
0 107 295
1
1
0 46 296
0 259 191
1
0 32 65
1
0 261 297
1
0 72 204
1
1
0 191 78
0 25 170
0 77 46
0 86 205
1
1
0 192 298
1
0 44 55
1
1
0 111 66
1
1
1
0 258 171
1
0 53 207
0 41 191
0 296 95
0 295 41
1
0 81 192
1
0 69 44
1
0 75 49
0 260 208
0 293 96
0 22 210
1
0 83 81
0 297 264
0 201 97
0 85 193
1
0 61 201
1
0 168 293
1
1
1
1
0 205 67
0 64 56
0 245 82
0 189 295
1
0 23 85
1
1
1
1
0 70 50
1
0 49 257
1
1
1
0 290 49
0 193 51
1
0 39 2
0 95 205
1
0 199 52
0 208 241
1
0 80 299
1
1
0 55 79
0 209 193
1
1
1
0 41 95
0 95 258
0 239 259
1
1
1
0 240 260
0 92 98
1
0 90 83
0 17 109
0 191 261
0 43 11
1
0 1 64
1
1
0 291 86
1
0 45 53
0 188 99
0 112 68
1
1
0 224 296
1
0 261 45
1
1
1
1
1
0 207 80
1
0 54 100
1
1
0 295 69
0 27 207
0 89 54
0 97 0
1
0 78 208
0 42 261
1
1
0 296 74
1
1
0 45 61
1
0 81 92
0 94 81
0 91 70
0 30 57
0 108 199
1
1
1
1
0 193 254
0 70 89
0 199 265
0 49 116
0 99 77
1
1
1
0 298 209
1
1
1
1
1
0 204 17
0 69 266
0 241 199
1
0 258 267
0 33 87
1
0 257 69
1
0 16 75
1
1
0 261 204
1
1
0 288 211
0 64 173
1
1
0 209 255
0 190 25
0 207 27
1
1
1
1
0 202 117
1
1
0 29 202
0 201 268
0 2 201
0 292 1
0 242 64
0 63 49
1
1
1
1
0 259 18
1
0 18 70
0 260 207
1
0 117 209
0 11 2
0 267 212
1
0 98 3
0 60 213
1
1
1
0 64 214
0 207 94
0 49 55
1
0 88 90
0 172 78
0 84 32
1
1
1
1
0 73 269
1
1
1
1
1
1
0 74 4
1
0 255 267
1
1
1
1
1
1
0 214 72
1
0 66 29
0 206 270
1
0 77 45
1
1
1
1
0 114 206
1
1
0 65 271
0 52 95
0 299 58
1
1
0 199 207
1
1
1
1
0 201 73
0 82 97
0 89 74
0 28 172
1
1
0 115 60
1
1
1
0 97 5
1
1
0 267 49
1
0 266 272
0 200 63
1
1
1
0 58 199
0 10 214
1
0 209 52
0 83 273
0 204 77
1
1
1
1
0 80 28
0 27 200
0 211 64
1
1
1
1
0 269 65
1
1
1
0 26 80
0 254 58
0 60 66
0 270 201
0 263 82
1
1
0 199 266
1
0 46 6
0 192 215
1
1
1
1
1
1
1
1
1
1
0 72 174
0 31 60
1
1
1
1
1
0 82 30
1
0 198 209
1
1
1
0 294 72
0 116 175
0 78 82
0 47 7
0 170 78
1
1
1
1
1
0 100 83
0 56 267
1
1
1
1
0 48 56
1
0 73 84
0 201 97
0 86 98
0 53 86
0 202 88
1
0 264 8
0 62 198
1
0 5 73
1
1
1
0 262 99
1
0 60 31
1
0 268 216
1
1
1
1
0 99 274
1
1
0 61 176
0 88 9
0 85 88
1
1
0 271 33
0 93 85
0 208 268
1
0 59 60
0 173 208
1
0 169 10
0 67 269
1
0 171 89
1
0 109 34
1
1
0 175 211
0 266 91
1
0 0 217
0 69 294
0 32 59
0 4 32
0 214 99
1
1
1
0 176 26
0 207 254
0 94 100
1
1
1
1
1
0 293 93
0 95 94
1
1
0 9 35
0 74 53
0 198 61
0 205 266
0 64 62
0 56 64
1
0 272 4
0 45 67
0 2 5
0 73 27
1
0 55 9
1
0 54 214
0 81 36
1
1
1
1
0 80 270
0 32 255
1
0 62 11
0 100 95
0 8 271
1
1
0 51 100
1
1
1
0 68 218
1
0 211 101
0 197 102
0 66 68
0 53 80
0 35 207
0 85 219
0 92 8
1
0 94 290
0 67 272
1
0 294 35
1
0 91 32
1
1
1
0 98 69
0 25 81
1
0 69 37
1
1
1
1
0 99 201
0 83 62
1
0 86 220
0 194 221
0 6 103
1
0 58 257
0 81 38
1
1
0 196 275
0 274 39
1
