1606
1606
1606
1638
1638
1652
1652
1652
1656
1656
1656
1656
1656
1656
1660
1652
1652
1652
1652
1658
1658
1658
1658
1666
1666
1666
1666
2114
2080
2080
2080
2080
2080
2080
2094
2094
2094
2100
2100
2038
2070
2070
2032
2032
2050
2122
2252
2252
2252
2252
2248
2248
2288
2288
2288
2242
2320
2322
2322
2332
2332
2380
2380
2392
2392
2392
2392
2382
2382
2442
2358
2204
2204
2204
2208
2208
2208
2304
2304
2304
2272
2272
2272
2272
2272
2272
2264
2260
2534
2322
2322
2332
2328
2344
2344
2376
2382
2394
2394
2454
2426
2446
2338
2338
2338
2446
2554
2634
2696
2696
2718
2718
2718
2644
2644
2644
2616
2616
2610
2586
2596
2596
2596
2596
2596
2596
2666
2680
2680
2680
2682
2698
2684
2716
2716
2716
2796
2796
2818
2818
2820
2820
2756
2756
2792
2792
2792
2808
2808
2808
2808
2808
2808
2808
2812
2812
2832
2826
2826
3156
3050
3050
3050
3050
3106
3106
2926
2898
2752
2752
2752
2752
2752
2740
2948
2952
2952
2960
2886
2880
2906
2910
2910
3106
3106
3106
2982
2982
2982
2982
3010
3010
2964
2964
2964
2964
2964
2920
3020
3022
2798
2736
2704
2704
2704
2704
2730
2740
2758
2758
2796
2836
2836
2836
2836
2836
2870
2870
2870
2870
2832
2840
2842
2842
2842
2812
2804
2804
2826
2808
2808
2878
2878
2878
2878
2804
2804
2804
2804
2968
2968
2968
2968
2968
2968
2968
2972
2972
2972
2972
2972
2972
2960
2940
2940
3152
3152
3144
3144
3144
3144
3170
3214
3300
3578
3578
3448
3506
3364
3376
3376
3376
3510
3458
3458
3458
3276
3276
3270
3270
3306
3306
3306
3316
3316
3088
3088
3132
3378
3378
3378
3378
3390
3390
3450
3450
3440
3440
3440
3374
3426
3426
3426
3426
3446
3446
3376
3376
3376
3376
3376
3546
3594
3594
3478
3592
3608
3608
3622
3506
3506
3528
3528
3528
3528
3528
3528
3528
3716
3716
3720
3720
3720
3754
3718
3734
3496
3556
3556
3548
3546
3546
3630
3890
3960
3960
3960
3960
3964
3958
4012
4012
3634
3634
3634
3634
3634
3590
3554
3554
3554
3572
3572
3572
3466
3466
3466
3530
3336
3328
3328
3328
3244
3302
3302
3302
3288
3288
3288
3264
3278
3278
3202
3202
3202
3202
3144
3144
3144
3144
3144
3144
3326
3332
3402
3694
3694
3694
3694
4064
4064
4064
4064
4182
4110
4148
4148
4140
4140
4140
4140
4304
4316
4316
4200
4184
4184
4084
4274
4294
4292
4292
4382
4382
4382
4382
4382
4400
4400
4400
4410
4248
4324
4324
4334
4350
4416
4412
4380
4318
4318
4318
4318
4022
4036
4024
4116
4116
4124
4124
4124
4124
4206
4236
4338
4350
4328
4328
4264
4264
4264
4264
4264
4264
4264
4182
4182
4132
4132
4132
4274
4274
4274
4300
4420
4420
4160
4194
4210
4210
4118
4128
4128
4000
4000
4000
4000
4014
3790
3876
3876
3760
3694
3408
3186
3186
3186
3184
3208
3196
3196
3196
3196
3196
3206
3460
3436
3436
3382
3402
3396
3396
3396
3396
3564
3564
3564
3508
3508
3508
3532
3784
3784
3994
4054
4054
4054
4054
4072
4078
4078
4092
4092
4092
4092
4246
4242
4242
4242
4242
4242
4242
4668
4756
4478
4350
4330
4330
4550
4554
4272
4272
4256
4256
4256
4256
4650
4686
4918
4918
4918
4954
4954
4956
4956
4956
4956
4956
4582
4626
4614
4614
4630
4630
4630
5046
5382
5382
5528
5528
5528
5528
5528
5536
5506
6312
6072
6384
6420
6468
6468
6258
6258
6318
6318
6270
6270
6290
6534
6534
6608
6624
6624
6606
6606
6606
6612
6638
6638
6638
6638
6708
6708
6708
6758
6720
6794
6782
6782
6874
6874
6694
5598
5598
5032
5104
5104
5104
5104
5104
5104
5104
5112
5112
5116
5680
5680
5680
5680
5336
5336
5336
5336
5438
5020
5020
5010
5066
5066
5058
5058
5058
5058
5058
4690
4878
4854
4854
4730
4712
4742
5124
5124
5216
5080
5096
5636
5000
5000
5000
5000
5598
5598
5618
5618
6012
5970
5970
5576
5210
4988
5004
4232
4672
4672
4576
4622
4622
4624
4052
4052
4708
4078
4096
4068
4412
4412
4198
4198
4198
4256
4262
4262
4260
4260
4418
4436
4436
4436
4436
4436
4436
4436
4436
4492
4096
4096
4514
4514
4514
4514
4514
4514
4514
4288
4368
4368
4368
4368
4368
4342
4342
4356
4356
4356
4356
4356
4356
4530
4530
4566
4554
4562
4562
4686
4686
4686
4686
4688
4512
4512
4546
4550
4550
4550
4550
4566
4566
4556
4570
4584
4584
4584
4584
4584
4552
4552
4554
4576
4576
4576
4770
4770
4770
4770
4770
4820
4804
4804
4796
4796
4796
5102
5094
4820
4820
4820
4820
5000
5688
5688
5688
5688
5686
5686
5686
5130
5130
5130
5130
5128
5128
5128
5128
5128
5144
4768
4768
4746
5068
5068
5068
5068
5220
5220
5220
5722
5722
5722
6216
6216
6256
6264
6530
6530
6530
6466
6466
6466
5702
5702
5702
5702
5752
5752
5310
4590
4268
4176
4184
4184
4184
4184
4218
4110
4110
4110
4110
4110
4072
4076
4076
3856
3856
3856
3896
3896
3896
4354
4354
4824
4824
4824
4824
4918
4918
4918
5394
5394
5372
5372
5388
5388
5388
5388
5388
5396
5396
5396
5396
5496
5512
5642
5642
5642
5654
5008
5088
5088
5102
5080
4608
4608
5184
5130
5130
5130
4742
4742
4742
4742
4742
4742
4682
4648
4642
4642
5100
5346
5534
5534
5586
5766
5706
6040
5368
5382
5394
5420
5248
5284
5594
5596
5694
5694
5694
5280
5278
5050
5040
5040
5040
5040
5094
5094
5094
5094
5810
5808
5808
5832
5832
5832
5832
5556
5150
5150
5150
5150
5150
5304
5304
5232
5232
4564
4564
4576
4576
4576
4612
4538
4538
4534
4294
4478
4306
4606
4334
4334
4334
4452
4452
4452
4452
4452
4452
4464
4464
4474
4602
4602
4748
4748
4748
4748
4778
4796
4786
4532
4532
4510
4498
4498
4498
4498
4498
4498
4460
4462
4488
