4460
4460
4460
4460
4460
4460
4460
4460
4460
4550
4668
4668
4676
4676
4676
4678
4704
4704
4680
4710
4710
4754
4768
4738
4724
4724
4852
4852
4930
4800
4800
4870
4870
4886
4966
4966
4966
5046
5024
5024
5024
5024
5164
5164
5164
5278
5278
5284
5284
5240
5506
5518
5322
5466
5496
5330
5332
5332
5314
5314
5320
5320
5222
5222
5222
5462
5596
5624
5684
5684
5684
5826
5686
5686
5686
5686
5742
5742
5742
5906
5906
5906
5906
6024
6034
5246
6064
6064
6050
6050
6164
6254
6254
6254
6302
6302
6302
6302
6302
6302
6282
6282
6202
6202
6202
6226
6252
6248
6336
6336
6336
6336
6934
6934
6934
6934
6934
6888
6888
6888
6888
6890
5826
5776
5776
5776
5776
5252
5252
5252
5252
5252
5252
5232
5232
5232
5242
5202
5202
5364
5364
5364
5364
5366
5366
5366
5394
5394
5370
5702
6002
6280
6214
6224
6224
6224
6278
6142
6044
6044
6044
6068
6242
6242
6242
6242
6242
6242
6104
6104
6164
6164
6164
6258
6258
6258
6314
6380
6380
6380
6408
6408
6376
6404
6472
6478
6518
6518
7360
7360
7472
7512
7512
7506
7506
7520
7454
7506
7340
7340
7340
7340
6726
6726
6392
6582
6696
6696
6696
6696
6696
6696
6706
6544
6550
7046
6820
6622
6622
6622
6622
6668
6636
6804
6804
6804
6804
6804
6804
6422
6594
6594
7150
7150
7040
7040
7040
7040
7040
6974
6896
6896
6636
6636
6636
6518
6526
6884
7014
7336
7420
7428
7722
7722
7732
7634
7212
7224
7224
7068
7068
7068
7068
7068
7086
6650
6078
6078
6078
6496
6496
6758
6758
6720
6486
6642
6642
6592
6592
6604
6636
6636
6674
6674
6562
6562
6562
6562
6636
6824
6824
6372
6372
6372
6372
6372
6372
6884
6884
6914
6914
7002
7002
7002
7052
6988
6984
7316
7316
7316
7316
7316
7088
7088
7088
7802
7758
7758
7758
7758
7758
7966
7744
7732
7732
7732
7732
7754
7754
7728
7728
7778
7778
7762
8046
8226
8226
8224
8224
8246
8246
8246
8246
8246
8246
8212
8212
8170
8170
8212
8212
8212
8212
8212
8212
8212
8212
8212
8060
7792
8232
8482
8914
8914
9076
8406
8406
8406
8406
8406
8406
8406
8424
8424
8188
8032
7874
7540
7540
7540
7540
7540
7540
7696
7646
7642
7642
7642
7540
7860
7860
7460
8204
8674
8674
8674
8674
8674
8674
8660
8660
8660
8306
8290
9844
9844
9844
10084
10084
10270
10270
10356
10356
10356
9616
9642
10134
10134
10132
10132
10132
10120
10120
10120
10116
10116
10116
10254
10258
10258
10616
10596
10596
10618
10248
10248
10248
10684
10318
10406
10406
10776
10094
10094
10058
10058
10058
9980
9980
9980
9980
10886
10886
10886
10980
10980
10994
10994
10994
10954
10954
10954
10954
10954
10954
10954
10998
10998
10998
10922
11036
11036
11036
11036
11036
10820
9846
9846
9846
9846
9732
9302
8938
8944
8944
8944
8680
9020
9020
8730
8878
8878
8878
9630
9630
9630
8642
8660
8598
8598
9016
9140
9140
8754
8754
8914
9226
9076
8770
8866
8716
8716
10050
9320
9320
9320
8538
8538
8826
8860
9026
8956
8956
8748
8748
8748
8748
9088
9928
9868
9876
10058
11844
11844
11180
11708
11648
11976
11976
13038
13038
12850
12764
11008
10962
9768
9768
9768
9780
9780
9780
9780
9894
9952
9952
10596
10596
10596
10596
10678
10602
10428
10504
10504
10504
10422
10436
10432
10172
9936
10356
10356
9386
10054
10314
9688
9688
9688
9688
9710
9710
9682
9376
9376
9346
9346
9346
9786
11256
12364
13000
13000
13000
13000
13000
13436
13436
13436
13436
13436
13436
13426
13426
13426
12870
12870
12870
13078
13422
13422
13422
13436
13436
11094
10834
10834
10834
10958
10828
10828
10884
10938
11024
11056
10994
9712
9722
9516
9372
9354
9354
9354
9354
9354
9354
9394
9394
9394
9522
9522
9522
9522
9566
9566
9574
9574
9574
9534
9534
9534
9534
9174
9174
9470
9470
9470
9470
9470
9460
9228
9228
9228
9140
9140
9140
9362
9454
9176
9176
8752
8752
8794
8794
8850
9280
9280
9280
8838
8706
8794
9268
9268
9216
9216
11796
11766
11766
12974
12974
12976
12976
13058
12342
10246
10174
10174
10174
10174
10174
11058
11058
11122
10398
10398
12844
12844
12844
12844
12844
12464
12162
12584
13148
13148
11848
11912
12328
12328
11898
11898
11898
11968
11968
11968
10820
10828
10786
10786
10786
10786
9870
9870
9258
9258
8828
8878
8874
8944
8944
8944
8872
8872
8872
8872
8762
8762
9478
10102
10566
10566
10562
10562
10562
10562
9952
9952
9952
8822
8812
8812
8372
8372
8564
8964
8980
9312
9312
9330
9380
9380
9380
9344
9366
9366
9270
9270
9270
9246
9748
9748
9748
10182
9738
9738
9704
9704
9704
9704
9704
9704
9720
9720
9720
9720
9720
9442
9444
9454
9454
9454
9454
9454
12480
12464
12464
12464
12372
12372
12372
12372
12372
12562
12562
12562
12562
12562
12562
12562
12562
12562
12562
13228
13228
13340
13362
14968
14968
15572
15572
15570
15576
15576
15576
15576
15516
15526
15660
15660
15660
15992
16022
16022
16022
16022
14950
14950
14950
14950
14950
14950
14118
14118
14118
12124
12124
12124
12124
11712
11792
11780
11838
11838
11838
11838
11606
11654
11654
11654
11654
11654
11650
11136
11136
11712
11788
11794
11794
11802
11824
11824
11434
11496
11496
11424
11454
11454
11454
11454
11454
11454
11454
11454
10822
10822
10822
10822
10822
10822
10818
10818
10818
8636
8636
8636
8636
8148
8148
8148
8228
8228
8228
8228
8178
7312
7228
7228
7228
7230
7230
7126
7176
7068
7280
7274
7274
8160
8702
8702
9096
9016
9016
8712
8946
8946
8946
8946
8946
8946
8080
8080
8080
8080
8080
8080
8118
7946
7946
7946
7522
7522
7522
7522
7534
7634
7634
7186
7738
7738
7738
7902
7902
7902
7902
7920
8904
8904
8904
8888
8902
8580
8580
8580
8924
9010
9352
9352
9352
9352
9352
9320
9516
9516
9460
9460
9460
9460
9076
9076
9076
8966
8966
9008
8828
8828
8978
9094
9094
9134
9142
8542
