700 1000 2000
693 268 780 871 880 569 867 545 52 197 625 445 843 42 775 364 390 446 84 956 849 895 800 647 811 668 175 441 190 898 705 141 296 851 648 557 994 38 294 610 963 932 18 161 58 21 50 117 862 842 510 312 938 757 489 189 558 794 640 966 485 37 273 901 669 278 209 910 299 665 981 916 388 123 290 219 487 973 708 822 988 841 975 863 480 31 146 60 415 544 430 392 528 903 789 709 972 721 815 847 675 412 297 434 143 792 838 756 512 150 716 499 262 304 518 389 733 933 63 94 515 520 40 391 638 16 839 321 314 368 492 834 714 660 971 643 128 881 111 301 542 741 599 892 154 725 370 832 417 346 465 844 608 59 64 402 734 245 10 799 879 1 395 274 196 147 382 968 726 105 874 136 6 327 376 796 788 254 683 562 797 265 447 404 521 28 935 717 632 461 283 630 985 785 830 628 536 998 846 929 73 589 361 904 474 483 860 339 222 263 821 466 505 869 333 582 850 211 773 176 818 255 230 326 753 323 247 33 565 977 659 704 243 315 663 48 894 754 535 383 308 823 164 685 180 282 292 30 944 2 328 231 586 855 707 142 952 284 945 409 787 77 940 344 34 201 93 814 471 476 777 267 149 350 140 477 724 857 451 946 746 202 235 302 574 727 365 993 475 4 428 550 680 501 25 200 191 546 662 614 186 342 702 380 958 101 878 106 7 738 684 699 687 399 43 914 990 588 486 269 670 859 303 410 720 730 534 252 166 210 427 349 802 762 913 155 759 14 527 627 861 723 737 435 437 287 448 134 484 905 514 295 567 939 86 887 281 619 108 419 436 95 525 226 498 925 779 575 264 227 997 96 26 173 207 228 778 820 348 563 854 827 942 135 541 193 504 372 357 983 100 251 131 747 931 682 506 872 293 259 411 464 174 124 825 987 740 616 624 261 622 813 742 47 951 61 950 195 531 320 984 873 343 66 41 896 15 743 885 649 11 833 470 729 116 241 331 758 600 80 46 421 239 978 555 912 947 890 360 906 330 587 122 490 459 479 369 396 710 579 363 532 132 472 713 876 397 32 578 982 55 444 919 915 503 407 615 995 355 507 845 795 148 560 385 728 591 902 496 748 900 75 597 79 19 429 835 406 645 953 922 379 192 824 257 712 694 458 403 387 280 145 967 559 513 416 408 258 418 918 783 491 537 112 917 431 590 671 517 172 449 454 644 420 438 367 208 656 482 523 941 991 761 414 250 194 576 957 926 242 961 306 502 920 493 337 770 232 22 212 204 457 986 642 144 422 298 187 886 883 533 114 158 629 125 522 351 806 103 572 666 816 81 618 868 317 347 91 955 220 270 570 118 450 698 354 213 969 249 715 27 85 113 341 345 238 329 750 807 817 384 763 244 440 516 959 463 803 69 989 277 602 540 229 405 907 20 78 70 332 703 696 51 909 960 908 810 598 97 353 39 652 215 888 566 223 530 89 700 749 655 877 992 853 224 285 49 359 266 755 336 170 455 322 812 744 594 584 102 29 928 633 604 974 965 488 253 413 378 661 635 782 162 90 54 771 681 674 217 169 99 767 836 603 858 911 529 443 509 553
0 50 236
0 640 580
0 981 899
0 712 819
1
1
1
1
1
1
1
1
1
0 933 921
1
0 763 233
0 477 352
0 29 676
0 457 923
0 687 781
1
1
0 795 198
1
1
1
0 918 439
0 942 891
0 843 181
0 359 918
1
0 336 538
0 956 626
1
1
0 448 760
0 834 539
0 444 942
0 533 442
1
0 290 214
1
1
0 262 62
0 10 234
1
0 18 962
1
0 330 948
1
0 61 837
1
1
0 6 970
0 274 356
1
1
0 223 875
0 22 133
1
0 817 17
0 476 82
1
1
0 539 237
0 702 722
1
1
0 315 556
1
0 155 533
1
1
1
0 942 996
1
0 147 784
0 258 927
0 202 456
1
1
1
1
0 579 768
0 806 444
0 265 870
1
1
1
0 527 897
0 878 547
0 861 104
0 214 358
1
1
0 166 650
1
1
0 501 831
0 723 769
0 536 856
0 380 772
1
0 851 924
0 985 795
1
0 124 473
1
0 926 29
0 618 3
1
0 419 926
0 38 511
1
0 849 999
0 201 711
1
0 444 595
0 989 979
0 269 933
0 280 35
1
0 698 119
1
1
0 855 124
0 14 137
1
1
0 133 585
0 314 864
0 741 371
1
1
0 231 467
1
1
1
0 991 930
0 484 889
1
0 671 826
0 867 976
0 192 444
1
0 162 774
1
0 534 786
0 565 373
1
1
1
0 306 419
0 839 305
1
0 346 374
1
1
1
1
0 797 723
1
1
1
0 955 617
0 881 934
1
1
1
1
0 382 677
0 461 448
1
0 341 848
0 860 494
1
0 470 878
0 308 657
0 909 452
0 774 221
1
0 106 453
0 632 909
0 40 646
0 404 256
0 264 564
0 874 162
0 628 171
0 644 260
0 971 300
1
1
0 104 324
1
1
0 567 774
0 123 346
0 33 192
0 304 980
1
0 101 359
1
1
1
0 459 304
1
1
1
1
1
1
0 993 797
1
1
0 412 457
1
1
1
0 70 790
1
0 647 199
0 873 592
1
0 815 223
1
0 941 147
0 414 398
0 597 325
1
1
1
1
0 455 893
1
1
1
1
1
0 29 701
0 324 330
1
1
1
1
0 150 286
1
0 141 87
0 899 936
1
0 842 306
0 787 468
1
1
1
1
0 402 881
0 926 593
1
1
0 830 605
1
1
1
1
0 967 851
1
1
1
0 615 0
0 975 949
1
0 585 70
1
1
0 831 362
1
1
1
1
0 466 201
1
1
1
0 699 839
0 880 964
1
1
0 886 534
1
0 614 787
0 464 18
0 429 258
0 142 455
1
0 222 500
0 358 926
0 513 262
1
0 43 937
0 761 989
1
0 900 565
1
0 320 101
1
1
1
0 379 536
0 79 423
0 575 177
1
0 245 808
0 234 873
0 210 129
0 472 941
0 456 495
0 191 288
1
0 253 123
1
1
1
0 755 791
1
0 550 942
0 149 5
0 403 539
1
1
1
1
1
1
0 431 253
0 903 828
0 721 149
1
1
0 600 98
0 844 763
1
1
1
0 66 92
1
1
1
0 523 104
1
0 657 829
0 200 874
1
1
1
0 51 264
1
1
0 564 865
0 455 596
1
0 254 543
1
0 503 967
1
0 799 860
1
0 357 597
1
1
0 339 455
0 754 653
0 47 943
0 199 548
0 294 600
0 69 519
0 662 56
0 904 334
1
1
0 973 686
0 848 307
0 816 664
0 307 497
1
0 743 647
0 312 899
1
1
0 965 484
1
1
0 603 971
0 598 501
1
0 354 618
1
0 170 83
0 371 386
0 504 225
1
0 910 639
0 34 776
0 639 307
1
1
1
1
0 931 973
0 813 880
0 616 793
0 253 57
1
1
0 663 245
0 788 503
0 850 61
1
0 655 788
0 927 798
0 796 182
1
0 810 246
0 84 927
1
1
1
1
1
1
0 221 840
0 511 657
1
0 707 234
0 449 695
0 28 412
1
0 247 731
1
0 747 449
0 729 414
0 140 620
0 557 456
0 818 796
0 232 804
0 411 459
1
0 945 424
1
0 487 221
1
1
1
1
0 149 882
1
0 63 662
1
0 948 487
1
1
1
1
1
1
0 791 289
1
0 267 965
1
1
0 820 460
0 3 308
0 285 931
1
1
0 501 120
1
1
1
1
1
0 826 163
0 460 581
0 146 63
1
0 972 335
0 171 866
1
1
0 452 501
0 299 991
1
1
1
0 64 393
0 103 663
0 974 981
0 497 993
1
0 328 279
0 656 687
0 862 848
0 463 598
0 306 64
1
0 365 791
0 343 22
1
0 268 799
1
0 794 801
0 417 794
0 59 945
1
0 83 732
0 620 745
0 971 718
0 502 240
1
0 821 561
0 951 805
0 983 620
0 883 290
0 600 126
1
0 279 954
0 622 411
0 982 199
0 262 948
0 4 628
0 911 600
0 992 394
0 1 247
1
1
0 828 83
0 643 982
1
0 530 631
1
0 791 606
0 725 951
0 277 549
1
0 227 115
0 731 28
1
1
0 48 567
0 957 425
0 393 671
1
1
1
1
1
0 819 523
1
0 946 248
0 108 291
1
0 824 739
0 514 651
0 931 764
1
1
1
0 97 121
0 229 138
0 348 452
0 323 393
1
1
0 223 946
1
1
0 646 971
0 518 365
1
0 943 426
1
0 468 497
1
1
0 674 127
0 322 654
0 244 972
1
1
0 480 607
1
0 471 974
1
1
0 228 655
0 989 460
0 865 338
1
1
0 81 146
0 487 461
1
1
1
1
0 582 400
0 308 336
1
0 523 487
0 531 564
1
1
0 445 23
0 454 883
0 651 24
1
1
1
1
1
1
0 224 165
0 717 502
0 247 931
1
1
0 215 983
0 94 247
1
1
0 983 130
1
1
1
0 812 761
0 841 343
1
0 442 632
0 870 550
1
0 993 672
1
0 367 133
0 317 568
1
1
1
1
1
0 498 729
0 172 955
0 505 611
0 912 166
1
1
1
0 330 791
1
0 425 401
0 567 861
0 988 884
1
1
1
1
1
0 655 244
1
0 112 988
0 49 1
0 136 339
1
0 864 697
0 550 646
1
1
1
0 840 265
1
0 950 567
0 905 94
1
1
0 979 43
1
1
0 459 262
1
1
0 542 975
0 438 571
1
0 293 601
0 902 806
1
0 448 603
1
1
0 456 621
1
1
0 80 8
0 165 97
0 259 554
1
1
1
1
1
1
0 629 622
0 724 340
1
1
0 561 402
0 827 550
1
1
0 762 623
1
1
1
1
1
1
1
1
1
0 969 366
0 369 979
1
0 126 65
1
0 749 886
1
0 420 126
1
0 528 136
0 238 969
0 298 609
1
1
0 546 585
0 248 417
0 225 900
1
0 384 950
0 61 498
0 770 29
0 344 139
0 786 354
1
1
1
1
1
1
1
0 198 809
1
1
0 684 367
0 95 508
0 303 454
0 942 149
0 627 612
0 114 613
0 877 103
0 660 79
0 41 614
0 760 150
0 709 205
0 235 877
0 980 303
1
0 495 810
1
0 860 980
0 87 542
0 980 420
0 892 942
1
0 113 760
0 603 770
1
1
1
1
1
1
0 163 425
1
0 137 812
0 207 762
1
0 906 40
1
1
1
0 882 137
1
0 424 603
0 767 615
0 177 33
0 100 238
0 291 66
1
1
0 594 667
1
0 808 892
0 567 786
1
0 260 616
1
1
1
1
1
1
0 394 306
0 117 34
0 82 424
1
1
1
0 127 198
0 135 511
0 554 808
0 807 513
1
0 647 214
1
0 359 567
0 517 594
0 672 943
1
1
1
0 687 429
0 812 749
0 154 546
1
1
0 982 403
0 39 627
1
1
0 116 285
0 273 698
0 877 573
0 407 127
0 65 870
1
1
1
0 791 678
0 190 53
1
0 896 394
0 788 404
1
0 591 407
0 845 38
1
1
0 580 36
0 450 579
0 970 896
0 282 357
1
1
1
0 365 291
1
1
1
0 856 526
1
1
1
0 671 807
1
0 515 910
1
1
0 212 39
0 955 629
0 120 341
1
0 57 112
1
1
0 998 812
1
0 596 253
1
1
1
0 760 551
0 0 495
0 290 431
0 994 41
1
0 23 852
1
0 763 877
1
1
0 987 23
1
0 327 432
0 378 44
0 934 188
0 281 552
1
1
0 913 527
1
0 576 724
0 579 298
0 501 561
1
1
0 543 501
0 861 721
0 283 554
1
1
1
0 351 955
1
0 103 934
1
1
1
0 776 308
0 482 543
1
1
0 258 671
1
1
1
0 968 227
1
1
1
1
1
1
1
0 233 254
0 98 163
1
1
1
0 782 849
0 254 456
1
0 851 788
0 926 575
0 387 679
0 908 882
0 139 968
0 244 433
0 921 45
1
1
1
1
1
0 803 672
1
0 425 267
1
1
1
1
0 733 462
0 586 235
0 598 760
0 693 222
1
0 508 634
0 650 504
0 944 598
0 430 0
0 252 425
0 300 834
0 561 159
0 398 921
0 578 505
1
0 22 200
1
0 907 980
0 894 596
1
1
1
0 222 813
0 940 944
0 37 47
1
0 28 940
1
1
0 547 576
1
0 745 459
0 588 22
1
1
1
0 121 926
1
1
1
0 613 348
1
0 352 268
0 730 982
1
0 634 48
1
1
0 585 508
0 657 135
1
0 350 803
0 493 430
0 289 57
0 66 684
0 879 299
0 245 634
1
1
0 628 375
0 621 463
0 497 725
1
1
0 263 344
0 147 998
0 769 687
0 829 464
1
0 440 547
1
0 339 365
1
0 600 468
0 511 3
1
0 520 782
1
0 546 206
0 200 776
1
1
0 991 613
0 711 791
0 704 956
1
0 564 438
0 421 850
0 625 440
1
1
1
0 926 49
1
1
0 891 815
0 924 28
0 53 511
1
0 79 851
0 234 520
1
0 270 621
1
0 849 523
0 725 688
1
1
0 28 924
1
1
1
1
0 456 600
0 235 4
0 694 309
1
0 321 466
0 896 957
1
0 974 855
1
0 105 210
1
0 982 339
1
0 413 733
0 834 625
0 496 970
0 758 879
0 83 926
1
1
0 609 741
1
0 189 628
0 990 37
1
0 606 689
1
0 629 735
0 721 28
1
1
0 550 974
0 698 200
0 837 982
0 485 95
1
1
0 305 730
0 886 514
0 737 717
1
0 626 469
0 728 751
1
0 334 886
0 722 139
0 665 140
0 389 902
0 966 752
1
0 138 849
1
0 949 160
1
1
1
0 717 165
1
1
1
1
0 94 690
0 265 445
0 128 202
0 525 442
1
0 195 983
0 859 138
1
1
0 764 966
1
1
1
1
0 122 816
1
0 571 655
1
0 756 167
0 979 817
0 419 818
1
0 700 665
1
1
1
0 345 470
1
0 892 244
1
0 548 585
1
0 815 448
1
0 884 911
0 296 358
1
0 16 450
0 505 815
1
1
0 790 305
0 238 398
0 458 456
0 720 884
0 970 985
1
0 200 606
0 112 609
1
0 143 891
0 739 212
0 645 626
1
0 0 834
0 616 725
1
1
1
1
0 730 141
1
1
0 343 912
1
0 602 343
0 396 413
1
1
0 338 673
1
1
1
0 783 913
0 794 674
1
0 874 949
1
0 871 207
0 130 970
1
0 54 892
0 46 979
0 33 546
0 634 894
1
0 77 12
1
1
1
1
0 221 33
1
1
1
1
1
1
0 457 691
1
0 902 289
1
1
0 676 548
0 983 550
0 374 46
1
1
1
0 595 896
1
0 785 616
1
1
1
0 174 856
0 628 103
1
1
0 253 338
0 847 310
0 960 248
1
0 488 557
0 546 0
1
1
1
0 340 983
1
0 800 561
0 85 577
1
1
0 726 457
1
0 727 783
1
0 267 419
0 395 65
0 326 763
1
0 770 794
0 89 142
1
0 422 66
1
0 2 267
0 929 837
1
0 710 647
1
0 411 471
0 959 472
0 592 311
1
0 446 458
1
0 502 586
1
1
1
1
1
1
0 750 859
0 576 476
1
1
1
0 491 359
1
1
1
1
0 92 902
1
1
0 286 692
1
1
1
0 303 252
1
1
1
1
0 456 959
1
1
0 220 411
1
1
1
1
1
0 801 819
0 138 860
0 587 628
1
0 438 2
1
1
1
0 970 564
1
1
1
0 794 629
1
0 835 794
0 308 820
0 649 438
0 467 903
1
0 127 421
0 407 524
1
1
0 219 528
0 364 785
0 264 9
0 26 13
0 772 736
0 86 525
1
1
0 916 571
1
1
0 297 334
0 119 488
1
0 965 446
1
1
1
0 931 143
0 611 50
1
0 956 987
1
0 513 576
1
0 768 790
0 227 904
0 759 530
0 736 800
1
1
0 689 929
1
1
0 295 147
0 943 422
0 21 861
0 969 26
0 529 407
0 29 801
0 383 743
0 401 824
0 28 611
0 33 693
1
0 933 656
1
1
0 325 456
1
1
0 868 754
1
1
0 809 578
0 144 546
1
0 569 303
0 939 905
1
0 440 127
1
0 666 939
1
1
1
1
1
0 375 809
1
1
0 668 6
0 55 300
1
0 661 764
0 563 634
0 888 906
1
1
0 376 440
0 337 563
1
1
1
1
1
0 559 956
0 405 821
0 875 826
1
0 630 269
0 692 989
1
0 145 387
0 614 960
0 285 559
0 96 308
1
0 778 467
0 986 401
1
1
0 911 668
0 422 689
0 95 477
0 512 965
0 873 478
1
0 489 726
0 65 10
1
0 633 345
0 615 888
0 415 14
1
1
0 783 736
1
1
1
0 519 630
1
1
1
0 436 602
0 856 862
1
0 397 215
1
0 946 666
0 938 969
1
1
1
1
0 801 350
1
1
0 444 200
0 673 374
1
1
0 561 938
1
0 777 943
1
0 131 755
1
0 718 907
0 198 614
1
1
1
0 344 415
0 791 758
1
1
1
1
0 624 933
1
1
0 742 444
0 91 569
0 487 717
1
0 442 561
1
0 725 422
1
1
0 915 170
1
1
1
1
0 463 579
0 341 512
1
1
1
0 551 312
1
0 672 144
1
1
0 560 480
0 685 151
1
1
0 601 560
1
0 803 405
1
0 334 835
1
0 934 946
0 878 990
1
1
0 506 313
1
0 370 801
0 247 481
1
1
1
0 606 676
1
0 846 128
1
1
0 578 765
1
1
1
0 527 529
1
0 680 105
0 918 624
0 102 436
1
1
1
0 887 168
0 905 16
0 2 463
1
0 942 76
1
1
0 262 505
0 536 2
1
1
1
1
1
1
0 488 840
1
1
1
1
1
0 914 606
0 476 578
0 982 314
1
0 683 766
1
0 787 887
0 814 873
1
1
1
1
1
0 838 513
0 143 442
1
0 148 106
1
1
1
0 862 369
0 210 340
1
1
1
1
1
0 855 51
0 133 580
0 205 21
0 399 28
1
1
1
1
1
1
1
1
1
1
0 186 970
1
1
0 678 334
0 549 53
0 811 601
1
0 806 143
0 620 905
1
0 550 908
0 526 476
0 530 29
0 44 33
0 503 351
0 957 482
1
1
0 980 74
0 972 814
0 794 44
1
1
0 861 704
1
0 192 370
1
1
1
1
0 357 861
1
0 363 672
1
0 816 649
0 748 972
1
1
1
0 988 485
1
0 983 315
1
1
1
1
0 144 54
0 46 737
0 17 46
0 866 487
1
1
1
1
1
1
0 257 816
0 41 767
0 30 189
1
1
1
0 863 488
0 407 290
0 667 911
0 973 942
0 481 811
1
1
1
1
0 158 750
0 410 130
1
0 390 988
0 76 316
0 789 337
1
0 242 862
1
0 958 827
0 851 931
1
1
1
1
0 479 863
0 524 341
0 977 491
1
0 621 633
1
1
1
1
1
0 63 112
1
0 890 803
0 151 549
0 687 587
1
1
0 606 828
0 56 934
1
0 307 479
1
0 805 55
1
1
0 647 687
1
0 199 636
1
1
0 849 119
0 478 805
1
0 398 637
1
1
0 967 515
1
0 771 550
0 780 203
1
1
1
1
1
1
1
1
0 500 293
0 970 706
0 473 270
0 213 657
0 18 171
1
1
1
1
1
1
0 392 183
1
1
1
0 433 56
0 950 294
1
1
1
1
0 931 113
1
1
1
0 520 363
0 431 433
1
1
1
1
0 599 395
1
0 968 914
0 920 660
0 454 94
1
0 55 692
1
1
0 762 639
1
0 180 620
1
1
0 468 17
1
0 653 357
1
0 451 718
1
0 202 389
0 533 725
0 204 344
1
0 585 530
1
1
0 765 915
0 130 551
0 638 190
1
0 824 30
0 21 371
0 73 638
0 19 739
0 423 890
1
1
0 483 931
1
0 25 582
0 975 583
0 836 973
0 800 18
0 538 591
1
1
0 921 184
0 551 621
0 505 950
1
0 903 352
0 366 41
0 456 991
0 833 489
0 612 204
0 414 640
1
1
1
1
1
1
0 569 55
0 45 478
1
1
1
1
1
1
0 316 172
1
0 619 643
1
1
1
0 959 19
0 350 957
1
1
1
1
0 542 606
1
0 877 958
0 97 481
1
1
0 947 21
1
0 170 531
0 298 903
1
1
1
0 611 678
0 462 641
0 470 451
1
1
1
1
0 974 864
0 837 253
1
0 171 871
0 656 800
0 346 25
1
1
1
0 568 195
1
0 785 517
1
0 630 644
0 582 685
1
1
1
0 374 551
0 657 59
1
0 779 694
1
0 301 431
0 937 630
1
1
1
1
1
0 567 765
1
0 415 986
0 754 542
1
1
0 166 396
1
1
1
1
0 549 980
1
1
1
0 337 130
1
1
0 517 166
1
0 835 742
0 429 170
0 175 982
0 643 144
0 987 916
1
1
0 859 454
0 59 337
0 355 307
0 475 698
1
0 160 918
1
1
0 363 346
0 925 611
1
0 115 191
1
0 448 667
0 370 920
0 560 198
0 631 185
1
