1555 300
1 0 1
16 189 1
21 117 0
24 246 1
30 259 1
32 193 1
35 44 0
47 253 0
61 293 0
63 179 0
79 66 0
91 177 1
104 253 1
120 28 1
132 227 1
146 180 1
158 148 0
166 137 0
184 5 1
188 174 1
207 58 1
218 49 0
225 71 0
230 224 0
236 44 1
247 102 0
249 175 0
259 66 0
274 219 0
281 201 1
290 201 1
297 261 1
316 272 0
326 97 1
342 155 0
347 64 1
354 279 0
356 42 0
369 291 1
387 26 1
400 67 0
402 99 1
410 35 0
422 93 0
433 198 0
440 142 1
452 68 1
470 29 1
474 295 1
484 191 1
493 144 0
500 174 1
509 4 1
512 161 0
532 117 1
541 205 1
543 15 0
555 40 0
556 112 1
565 177 0
570 209 0
584 206 0
603 24 0
611 169 0
625 131 1
633 30 0
651 90 0
661 142 1
673 269 1
693 162 0
697 245 0
702 19 1
705 206 1
719 291 1
727 13 1
736 85 0
755 249 0
774 33 1
793 203 1
806 2 0
819 59 1
830 57 0
842 82 0
859 150 0
874 54 1
883 222 0
890 39 1
900 110 0
917 55 0
920 114 1
940 269 0
953 171 1
966 209 0
970 259 1
979 246 1
995 278 0
1001 263 1
1010 32 1
1028 265 0
1038 62 1
1048 243 1
1057 288 1
1073 146 1
1075 244 1
1076 191 1
1096 165 1
1113 243 1
1123 96 0
1133 194 1
1151 85 0
1157 270 0
1173 21 0
1175 221 1
1182 5 1
1198 90 1
1211 45 0
1217 128 0
1219 124 0
1222 183 0
1239 190 1
1241 154 0
1255 2 0
1275 280 1
1289 291 0
1300 261 1
1307 241 0
1310 76 0
1318 39 0
1330 37 1
1348 229 0
1353 33 0
1366 127 1
1377 13 1
1396 105 1
1407 269 0
1420 232 0
1421 211 1
1424 213 1
1430 49 0
1434 73 1
1436 207 0
1442 86 1
1454 121 0
1457 191 0
1458 52 0
1472 178 0
1483 236 1
1495 47 0
1503 110 0
1504 240 1
1509 213 1
1526 167 0
1529 30 0
1548 169 1
1553 122 0
1573 130 0
1581 264 0
1592 273 0
1608 9 1
1612 35 0
1622 109 0
1628 199 1
1643 234 1
1653 235 1
1654 26 0
1658 79 1
1660 30 1
1665 188 0
1682 247 0
1694 274 1
1702 224 0
1713 274 0
1717 157 1
1720 76 0
1734 122 0
1740 151 1
1741 46 1
1745 203 1
1750 199 0
1764 237 1
1775 109 0
1789 176 1
1790 16 0
1806 65 0
1817 286 1
1834 194 0
1852 155 1
1870 249 1
1872 40 0
1890 246 1
1907 224 1
1911 210 1
1917 281 0
1934 255 1
1937 296 0
1952 229 1
1962 108 1
1970 92 1
1986 201 0
2002 82 1
2005 134 1
2007 143 1
2013 232 0
2020 241 1
2024 230 0
2044 277 1
2059 143 0
2076 200 0
2082 86 0
2084 2 1
2086 122 1
2089 101 1
2107 93 0
2120 205 0
2134 174 1
2150 40 0
2161 121 0
2174 198 1
2186 8 0
2192 254 1
2202 277 1
2216 179 1
2217 218 0
2233 89 0
2239 149 1
2243 242 1
2252 290 1
2262 255 1
2270 189 1
2280 145 1
2295 270 1
2311 13 1
2324 111 1
2337 212 0
2346 221 0
2362 249 0
2373 9 1
2378 205 1
2382 26 1
2393 46 1
2394 205 0
2414 283 1
2419 125 0
2430 90 1
2450 5 0
2469 185 0
2478 281 0
2492 13 1
2505 205 0
2515 14 1
2521 184 0
2527 3 1
2536 213 0
2538 218 0
2551 243 1
2562 163 1
2566 72 1
2567 60 1
2573 29 1
2581 295 1
2599 284 1
2609 197 0
2612 11 0
2614 264 0
2623 94 0
2633 286 0
2634 151 1
2651 153 1
2658 236 0
2672 215 0
2681 190 1
2699 249 0
2715 296 0
2727 96 1
2729 125 0
2734 247 0
2737 3 1
2740 101 0
2753 95 0
2767 211 0
2773 295 0
2789 194 1
2806 86 1
2821 15 0
2834 17 0
2837 160 1
2849 291 1
2855 218 1
2862 256 0
2865 107 1
2879 188 0
2888 87 1
2903 158 0
2907 204 0
2912 59 1
2922 109 0
2923 90 0
2934 236 1
2939 243 0
2943 299 0
2945 85 0
2948 199 0
2949 21 1
2961 234 0
2981 172 1
2993 104 1
2995 193 0
3001 198 0
3011 165 0
3029 132 1
3044 250 1
3064 215 1
3074 121 1
3093 50 1
3098 168 1
3114 42 0
3134 14 0
3137 161 1
3148 266 0
3149 215 1
3151 176 1
3162 185 1
3171 58 0
3188 285 1
3197 85 0
3201 135 0
3206 261 0
3218 92 0
3230 271 1
3244 243 0
3250 109 1
3261 207 1
3275 202 0
3292 290 1
3301 69 0
3303 34 0
3320 42 0
3327 85 1
3332 145 0
3334 2 1
3339 8 1
3342 273 0
3344 155 0
3348 24 0
3357 50 0
3365 89 1
3378 207 0
3393 199 0
3410 32 1
3427 150 0
3433 58 0
3445 258 1
3460 294 0
3463 104 1
3476 154 1
3495 112 0
3502 19 0
3509 267 0
3523 199 0
3530 154 1
3536 183 0
3539 11 0
3550 290 0
3569 169 0
3578 129 0
3594 91 0
3602 211 1
3621 164 0
3633 206 0
3643 182 0
3653 3 0
3654 198 0
3670 45 0
3672 61 0
3679 44 0
3688 135 0
3692 126 1
3694 177 1
3703 79 0
3709 196 1
3712 109 0
3722 128 0
3726 245 1
3732 147 1
3749 99 0
3763 162 0
3768 197 1
3784 114 1
3789 192 1
3794 104 0
3803 146 1
3816 135 0
3831 10 0
3848 98 1
3849 172 1
3853 21 1
3863 48 1
3869 111 0
3880 121 1
3885 197 1
3900 55 0
3916 6 1
3918 77 0
3937 19 0
3944 106 0
3959 109 0
3972 296 1
3988 84 0
3993 252 1
3994 176 0
3996 110 1
4014 222 1
4030 87 0
4034 157 1
4047 12 1
4056 232 0
4064 190 1
4073 181 1
4088 122 0
4108 62 1
4115 94 0
4123 52 1
4136 59 0
4144 238 1
4147 30 0
4151 39 1
4154 192 0
4155 16 0
4172 56 1
4177 208 1
4187 282 0
4205 244 0
4217 204 1
4226 253 0
4238 233 0
4242 264 0
4248 240 1
4267 19 1
4281 77 0
4290 19 0
4300 130 0
4310 84 1
4318 73 1
4333 58 0
4344 85 0
4362 124 0
4365 13 1
4376 153 1
4380 187 1
4390 235 0
4401 77 0
4408 219 0
4417 270 0
4431 293 1
4438 52 0
4451 252 0
4453 88 1
4461 49 0
4463 288 0
4478 61 0
4480 51 0
4488 246 1
4504 87 1
4511 191 1
4512 175 0
4521 191 1
4522 189 1
4533 238 1
4546 289 0
4559 8 0
4574 31 0
4582 91 1
4591 275 1
4595 142 1
4597 190 0
4610 151 1
4622 256 1
4634 291 0
4645 283 1
4646 154 1
4651 52 1
4671 101 1
4690 18 1
4703 195 0
4718 47 1
4724 291 0
4730 88 0
4741 95 0
4761 175 1
4775 161 0
4793 73 0
4804 5 0
4824 87 1
4844 161 0
4857 215 0
4865 43 1
4869 122 1
4886 115 0
4898 183 1
4915 34 1
4919 262 0
4932 51 0
4946 172 0
4947 284 0
4967 104 0
4986 123 1
4991 65 1
4998 299 1
5001 134 1
5020 146 1
5036 121 0
5055 13 1
5074 70 0
5082 109 1
5098 287 0
5112 269 0
5118 104 0
5131 181 1
5146 3 1
5158 293 0
5167 270 0
5172 2 1
5190 278 0
5205 244 1
5218 74 1
5230 248 1
5248 10 0
5265 180 1
5272 57 1
5276 23 0
5294 76 1
5308 292 0
5327 135 0
5339 254 1
5350 76 1
5361 170 1
5367 89 0
5375 224 0
5383 118 0
5394 1 1
5402 128 1
5404 260 1
5412 289 0
5429 46 1
5432 159 0
5448 235 0
5449 251 1
5458 245 1
5470 80 1
5488 280 0
5490 254 1
5492 237 1
5497 80 1
5514 280 1
5533 115 1
5536 171 1
5545 81 0
5553 276 0
5572 172 1
5574 147 1
5578 36 1
5580 223 1
5595 56 1
5597 102 1
5608 106 1
5621 138 1
5634 22 1
5642 280 1
5648 81 0
5658 52 1
5670 91 1
5677 267 0
5684 262 0
5701 253 0
5716 281 0
5726 45 1
5745 90 1
5752 97 0
5759 215 1
5778 172 1
5784 135 1
5785 80 1
5799 207 1
5818 292 1
5826 16 0
5833 156 0
5841 268 1
5854 73 0
5868 152 1
5880 263 1
5887 294 0
5901 217 0
5919 139 0
5935 134 1
5937 237 0
5945 297 1
5963 233 0
5971 118 1
5976 135 1
5982 23 0
5984 89 0
6001 55 1
6002 234 0
6014 259 0
6026 8 1
6035 297 1
6049 159 1
6069 43 0
6085 147 0
6086 225 0
6103 217 1
6115 291 1
6132 221 0
6138 275 1
6141 162 0
6142 43 1
6145 44 0
6146 117 0
6160 266 0
6175 256 1
6176 14 0
6177 110 1
6184 255 0
6186 126 1
6203 80 1
6216 197 1
6219 227 0
6221 282 0
6230 6 0
6248 147 0
6259 47 1
6269 69 1
6270 153 1
6276 274 1
6278 65 1
6292 37 1
6295 241 1
6296 267 0
6301 267 1
6314 28 1
6325 56 1
6340 259 0
6357 95 0
6377 71 0
6388 269 1
6390 66 1
6400 36 0
6420 223 0
6436 166 0
6450 295 1
6470 147 0
6473 129 1
6479 147 1
6489 145 1
6507 142 1
6525 166 0
6530 197 1
6539 262 1
6543 36 0
6545 9 1
6558 38 1
6560 238 1
6566 80 1
6577 197 1
6580 119 1
6596 282 1
6615 31 0
6624 97 0
6632 27 0
6637 165 1
6652 87 1
6658 46 0
6660 238 1
6664 263 0
6671 204 1
6677 245 0
6687 130 1
6703 47 1
6714 202 0
6732 256 0
6745 128 1
6760 293 0
6767 112 1
6770 67 1
6783 167 1
6803 45 1
6820 206 0
6838 89 1
6856 273 1
6873 72 0
6875 123 0
6892 96 1
6900 255 0
6920 180 0
6922 63 1
6933 251 0
6945 230 1
6956 250 1
6970 21 1
6974 96 0
6994 201 1
7003 245 1
7023 214 1
7037 279 0
7056 12 1
7076 9 1
7080 34 0
7084 174 0
7092 171 1
7100 274 1
7118 175 0
7135 296 0
7151 124 0
7169 21 0
7179 95 0
7183 92 1
7190 215 0
7199 38 1
7207 134 1
7217 78 1
7225 5 1
7245 207 0
7249 149 1
7260 265 0
7268 85 1
7280 63 1
7296 92 1
7312 271 1
7316 100 1
7327 61 0
7339 82 1
7355 125 1
7356 15 0
7362 165 1
7376 26 1
7387 191 0
7399 177 0
7418 114 0
7426 260 0
7446 187 1
7457 136 0
7460 152 1
7469 103 0
7484 79 0
7503 156 1
7505 54 1
7511 195 1
7516 296 1
7522 41 0
7525 113 0
7535 72 1
7548 82 1
7559 152 0
7569 66 1
7573 118 1
7584 131 1
7596 189 0
7615 227 0
7635 247 1
7638 292 1
7653 283 0
7654 85 0
7666 176 1
7683 276 0
7684 264 0
7703 187 1
7721 193 0
7724 157 0
7735 186 1
7737 129 0
7755 24 0
7774 205 1
7780 224 0
7800 235 1
7811 172 1
7821 130 0
7834 131 1
7850 14 1
7861 299 1
7873 121 1
7877 97 1
7895 273 0
7910 137 0
7914 120 0
7917 182 1
7929 185 0
7947 63 1
7954 100 1
7974 7 0
7986 175 1
7987 167 1
7991 248 0
7993 176 1
8001 282 1
8021 246 1
8040 236 0
8042 159 1
8043 291 1
8046 47 0
8065 79 1
8080 133 1
8097 26 0
8116 196 0
8133 28 1
8145 17 0
8164 185 1
8170 129 1
8185 202 1
8194 65 0
8208 77 1
8212 103 1
8227 151 1
8246 93 0
8266 286 1
8278 72 1
8297 35 0
8317 91 1
8329 215 1
8344 117 1
8361 32 0
8368 157 0
8372 147 0
8380 182 1
8391 15 0
8402 46 1
8407 135 0
8423 208 0
8433 291 1
8443 86 0
8462 96 1
8469 273 1
8476 101 0
8487 26 1
8489 87 1
8499 115 1
8505 69 0
8512 271 1
8521 88 1
8524 113 1
8537 235 1
8546 69 1
8565 120 1
8571 165 1
8590 141 1
8591 71 1
8606 43 1
8623 189 1
8641 42 0
8652 25 1
8653 172 1
8656 32 0
8670 228 1
8689 39 0
8707 22 1
8715 183 1
8727 196 1
8746 199 1
8761 157 1
8774 78 0
8787 20 0
8806 287 0
8815 68 1
8821 102 1
8840 144 1
8857 270 1
8876 184 0
8880 183 1
8885 268 0
8887 159 0
8896 279 0
8913 188 1
8927 56 0
8947 224 0
8951 28 1
8971 257 1
8983 149 1
8999 299 1
9001 231 1
9018 8 1
9019 297 1
9021 169 0
9029 138 0
9034 16 1
9040 89 0
9043 39 0
9053 228 1
9059 99 0
9073 83 0
9079 87 1
9097 31 0
9108 267 1
9110 146 0
9121 211 0
9128 26 1
9133 173 0
9148 69 0
9156 235 0
9163 133 0
9164 56 0
9175 35 1
9192 95 0
9211 204 1
9231 268 0
9239 163 0
9241 55 0
9244 176 0
9251 180 1
9265 68 1
9279 56 0
9285 276 0
9286 36 0
9290 11 1
9304 207 1
9319 84 0
9321 196 1
9341 106 0
9352 112 1
9360 243 1
9362 138 0
9364 296 1
9377 205 0
9391 101 0
9408 89 1
9415 144 1
9424 234 1
9434 212 1
9442 86 1
9456 287 0
9476 38 1
9491 237 0
9495 210 1
9503 99 0
9515 109 0
9523 153 1
9533 191 0
9541 156 0
9552 26 0
9555 108 0
9569 188 1
9589 271 1
9599 43 1
9605 98 0
9618 165 0
9632 253 1
9644 161 1
9661 169 0
9662 197 1
9672 297 0
9675 5 1
9676 151 1
9687 180 1
9704 199 0
9722 139 0
9734 182 0
9749 30 1
9754 155 0
9767 171 1
9784 101 1
9802 202 1
9808 200 0
9813 260 1
9818 90 0
9827 198 0
9831 186 0
9838 84 1
9857 1 0
9869 245 1
9871 248 1
9882 94 1
9894 29 1
9912 225 0
9928 246 0
9936 152 1
9946 220 1
9950 258 0
9954 252 1
9957 148 1
9959 20 0
9966 100 1
9984 150 0
10003 164 1
10019 108 1
10037 210 1
10049 249 0
10060 221 0
10071 222 0
10078 77 1
10090 144 0
10101 181 1
10121 247 1
10141 251 0
10142 168 1
10161 200 1
10168 249 0
10181 148 0
10196 22 0
10206 7 0
10226 116 1
10235 221 1
10241 178 1
10243 137 0
10246 37 0
10265 20 1
10273 260 1
10277 199 1
10284 96 1
10302 225 0
10316 196 0
10330 203 1
10337 228 0
10352 81 0
10365 118 1
10381 290 0
10394 205 0
10408 181 0
10418 247 1
10425 51 0
10428 165 0
10442 14 0
10457 269 1
10472 35 1
10484 77 1
10489 191 1
10492 30 0
10502 152 0
10507 87 0
10523 231 1
10524 69 1
10542 197 0
10545 151 0
10564 248 0
10580 285 1
10596 249 1
10599 237 1
10611 66 0
10612 294 1
10614 155 0
10618 204 1
10630 2 0
10646 280 0
10661 101 0
10676 196 1
10682 239 0
10685 236 1
10693 246 1
10702 255 0
10713 273 1
10727 180 0
10732 40 1
10737 214 0
10744 78 1
10748 90 1
10749 261 0
10769 168 0
10779 192 0
10793 163 1
10800 205 1
10818 114 1
10831 229 0
10840 125 1
10849 177 1
10858 185 1
10872 191 1
10875 269 0
10892 198 1
10896 139 1
10910 112 0
10929 153 0
10943 150 0
10952 75 1
10958 50 1
10971 111 0
10984 13 1
10991 171 0
11003 226 1
11007 201 1
11023 169 1
11026 72 1
11041 161 1
11052 109 0
11071 100 0
11083 92 0
11091 129 0
11096 257 1
11101 288 0
11109 256 1
11116 96 1
11117 298 0
11137 11 0
11155 12 0
11156 264 1
11160 68 0
11176 101 0
11185 247 1
11204 130 1
11208 187 0
11226 158 1
11233 102 0
11237 128 1
11238 134 0
11246 167 0
11260 142 1
11275 203 0
11286 199 1
11293 204 1
11298 289 1
11302 37 1
11310 62 0
11330 175 1
11345 77 0
11353 31 0
11367 35 1
11371 57 1
11391 9 1
11400 245 0
11411 169 0
11426 3 1
11443 153 0
11450 215 0
11469 230 0
11475 217 0
11484 72 1
11504 258 0
11522 133 1
11530 226 0
11538 194 0
11556 6 0
11559 228 0
11568 31 0
11571 256 0
11590 58 1
11595 235 0
11615 293 0
11631 245 0
11643 43 0
11647 167 1
11658 204 1
11677 273 0
11684 174 0
11702 6 0
11711 294 0
11725 217 1
11735 296 1
11750 268 0
11754 134 1
11768 189 0
11779 237 0
11793 72 1
11808 46 1
11818 216 1
11832 289 1
11845 185 0
11855 66 1
11867 227 0
11879 110 1
11898 271 1
11901 299 0
11905 10 0
11915 94 1
11927 47 0
11938 5 0
11950 251 0
11964 1 0
11969 226 1
11975 227 1
11981 296 1
11989 253 0
12006 297 1
12022 236 0
12031 38 1
12043 231 0
12054 278 0
12067 180 0
12078 90 0
12088 198 0
12106 172 0
12117 116 0
12129 199 1
12131 137 1
12144 276 0
12153 17 1
12172 88 1
12177 160 0
12180 148 0
12182 162 0
12200 71 1
12208 291 0
12214 13 0
12221 235 1
12233 161 1
12245 231 0
12260 26 1
12277 296 1
12283 170 0
12301 97 0
12319 243 1
12326 67 1
12330 36 0
12338 244 0
12352 51 0
12362 197 1
12371 215 0
12391 8 1
12406 6 1
12412 241 0
12426 22 0
12430 103 1
12448 250 0
12453 63 1
12462 216 0
12471 250 0
12489 24 1
12491 269 1
12508 258 0
12516 63 0
12517 185 1
12533 184 1
12548 268 1
12562 175 0
12567 44 1
12577 215 0
12582 285 0
12585 169 1
12588 255 0
12589 27 1
12607 162 0
12625 164 0
12637 72 1
12654 192 1
12665 105 1
12673 188 0
12679 27 1
12688 90 0
12697 195 0
12715 125 1
12729 226 1
12736 22 0
12751 164 1
12758 290 0
12778 236 0
12780 193 0
12794 117 0
12811 83 1
12822 121 0
12838 8 1
12845 149 0
12863 35 1
12873 175 0
12891 150 0
12902 120 1
12921 254 0
12931 89 1
12937 288 0
12954 272 0
12962 296 0
12967 236 1
12972 216 0
12983 143 1
12990 295 0
12996 42 0
13013 291 0
13031 254 1
13046 103 1
13057 232 0
13074 247 0
13082 213 0
13089 101 0
13109 138 1
13116 242 0
13123 197 0
13126 3 1
13139 295 0
13157 279 0
13170 278 1
13171 261 1
13188 122 1
13208 75 0
13221 83 0
13241 88 0
13249 78 1
13263 172 1
13266 194 0
13268 273 0
13278 130 0
13288 174 0
13307 17 1
13326 83 1
13343 130 1
13347 233 1
13361 217 0
13378 84 1
13388 132 1
13400 279 1
13405 129 0
13410 232 1
13425 30 1
13440 142 1
13443 24 0
13461 156 1
13473 139 0
13481 106 1
13486 283 1
13488 71 0
13503 233 1
13516 78 0
13533 55 1
13535 65 0
13551 251 0
13558 286 0
13565 34 0
13566 33 0
13583 211 1
13602 106 1
13608 46 1
13628 80 1
13645 150 0
13650 111 1
13653 192 1
13660 291 1
13667 53 1
13680 208 0
13694 255 1
13705 240 0
13711 267 0
13727 226 1
13740 153 0
13751 136 0
13762 42 1
13775 9 1
13792 60 0
13797 59 0
13808 276 0
13825 170 0
13843 180 0
13860 110 1
13862 229 0
13865 217 1
13884 11 1
13900 248 0
13908 79 1
13912 245 0
13926 225 0
13936 199 1
13954 4 1
13974 76 0
13987 196 1
13999 213 1
14013 257 0
14030 20 1
14040 172 0
14052 43 0
14055 60 1
14073 136 0
14076 139 0
14082 9 1
14089 86 1
14092 113 0
14097 105 1
14098 11 0
14101 179 1
14113 231 1
14119 276 0
14128 103 1
14137 10 0
14155 72 1
14168 72 0
14171 249 1
14191 106 0
14192 44 0
14205 122 1
14211 111 1
14219 23 0
14229 81 1
14238 165 1
14245 229 1
14252 92 1
14267 194 0
14274 156 1
14289 117 0
14308 275 1
14313 209 1
14331 109 1
14335 121 1
14355 106 1
14369 161 0
14382 171 1
14391 54 0
14404 184 1
14420 147 1
14421 242 0
14436 268 1
14447 4 1
14455 160 0
14466 217 1
14486 78 0
14500 2 1
14503 204 0
14505 82 1
14511 2 0
14518 114 1
14523 146 1
14524 187 0
14528 6 1
14537 25 1
14544 75 0
14561 30 1
14564 48 0
14567 220 1
14578 1 0
14594 279 0
14610 107 0
14612 151 0
14625 12 0
14631 228 0
14635 20 1
14647 263 0
14660 223 1
14669 189 0
14686 60 1
14690 216 1
14697 89 1
14715 119 0
14726 101 1
14736 42 0
14750 14 0
14752 92 0
14758 50 1
14772 139 1
14776 94 0
14785 292 0
14787 291 0
14804 214 1
14821 182 1
14840 13 0
14847 82 0
14855 162 0
14861 125 0
14881 181 1
14892 94 0
14912 18 0
14924 41 0
14936 154 1
14952 177 1
14968 77 0
14985 240 1
14992 38 1
14995 174 0
15012 134 1
15031 69 0
15037 271 0
15038 165 0
15053 73 0
15072 36 1
15083 247 1
15103 241 0
15121 50 1
15133 176 1
15142 121 0
15156 61 0
15164 144 0
15173 271 1
15180 182 1
15192 160 1
15204 251 0
15211 275 0
15220 74 1
15231 289 0
15250 271 1
15264 49 1
15272 31 1
15286 68 0
15294 23 1
15308 114 1
15324 211 0
15335 239 1
15352 17 1
15365 239 1
15372 20 1
15378 276 0
15386 229 1
15406 75 0
15422 211 0
15436 185 0
15456 202 0
15466 185 0
15486 260 1
15502 132 1
15511 146 0
15523 104 0
15539 47 0
15556 75 1
15562 42 1
15580 43 0
15599 91 0
15615 9 1
15627 202 0
15628 43 0
15637 257 0
15656 251 1
15658 201 0
15675 299 0
15688 140 1
15689 183 0
15697 125 1
15702 56 0
15709 172 1
15725 8 1
15738 179 1
15739 234 0
15748 236 1
15760 179 1
15769 167 1
15789 177 0
15805 219 0
15813 154 0
15814 154 0
15833 169 1
15838 203 0
15849 157 0
15869 103 0
15874 192 1
15884 167 1
15891 208 1
15901 282 1
15916 250 0
15933 49 0
15950 218 0
15957 228 1
15966 99 0
15969 268 1
15985 293 0
15988 49 0
15998 234 0
16011 173 0
16018 211 0
16034 35 1
16047 222 1
16065 121 0
16069 247 1
16072 122 1
16086 184 1
16100 101 1
16115 6 1
16118 53 1
16125 110 1
16134 166 0
16152 28 0
16167 26 0
16185 20 1
16196 139 1
16210 80 1
16213 179 0
16223 157 1
16238 180 0
16245 0 1
