1000 1000000
120 0 0
121 12 0
122 24 1
123 36 1
124 48 0
125 60 1
126 72 0
127 83 1
128 94 1
129 105 0
130 116 1
131 126 1
132 136 1
133 145 1
134 153 1
135 161 1
136 169 1
137 176 1
138 183 1
139 189 0
141 201 1
142 207 1
144 219 1
146 230 1
148 241 1
150 252 1
151 257 1
153 267 1
155 277 1
157 286 1
159 295 1
160 299 0
162 307 1
165 319 0
167 327 1
168 331 1
171 343 1
173 351 1
176 363 0
179 374 1
182 385 1
185 396 1
188 407 1
190 414 1
192 421 1
194 428 0
196 435 1
198 442 1
201 452 1
205 464 1
207 470 0
211 482 1
212 485 0
213 488 1
217 500 1
220 509 1
221 512 1
223 518 1
226 527 1
230 539 0
231 542 1
235 554 0
237 560 1
241 572 1
244 581 1
245 584 0
249 595 0
253 606 1
257 617 0
261 628 0
265 639 1
268 647 1
271 655 1
274 663 0
276 668 1
278 673 1
280 678 1
285 690 1
290 702 1
295 714 0
298 721 1
301 728 1
304 735 1
307 742 1
311 751 1
316 762 1
321 773 0
325 781 1
327 785 1
329 789 1
334 799 0
340 811 1
343 817 1
346 823 1
350 831 1
354 839 1
360 851 1
366 863 1
367 865 1
369 869 1
370 871 1
376 883 1
380 891 1
385 901 1
391 913 1
392 915 1
394 919 1
400 931 1
403 937 0
409 949 0
413 957 1
419 968 1
425 979 1
431 990 1
436 999 1
441 1008 0
446 1017 1
451 1026 1
456 1035 0
460 1042 1
464 1049 1
471 1061 0
474 1066 1
480 1076 1
486 1086 1
489 1091 1
492 1096 1
498 1106 0
501 1111 1
504 1116 1
507 1121 1
513 1131 1
518 1139 1
523 1147 1
528 1155 0
535 1166 1
542 1177 0
549 1188 0
551 1191 0
557 1200 0
563 1209 1
569 1218 0
573 1224 1
575 1227 1
579 1233 1
587 1245 0
591 1251 0
599 1263 1
606 1273 1
611 1280 0
616 1287 1
621 1294 1
629 1305 0
637 1316 1
645 1327 0
651 1335 1
654 1339 1
663 1351 1
672 1363 1
681 1375 0
690 1387 0
699 1399 0
702 1403 1
709 1412 1
716 1421 0
720 1426 1
728 1436 1
736 1446 1
740 1451 1
744 1456 1
753 1467 1
762 1478 0
771 1489 1
780 1500 0
790 1512 0
800 1524 0
810 1536 0
815 1542 0
821 1549 1
827 1556 0
834 1564 0
841 1572 1
848 1580 1
856 1589 1
864 1598 0
872 1607 1
880 1616 0
889 1626 1
898 1636 1
907 1646 1
916 1656 1
926 1667 1
936 1678 0
946 1689 0
957 1701 1
968 1713 1
969 1714 1
971 1716 0
982 1727 1
992 1737 1
1001 1746 1
1005 1750 0
1006 1751 1
1012 1757 1
1021 1766 0
1025 1770 1
1036 1781 1
1042 1787 1
1054 1799 1
1059 1804 1
1061 1806 1
1066 1811 1
1077 1822 1
1087 1832 1
1088 1833 0
1092 1837 1
1096 1841 0
1108 1853 0
1116 1861 0
1128 1873 1
1135 1880 0
1146 1891 1
1155 1900 1
1158 1903 0
1162 1907 1
1165 1910 1
1172 1917 1
1179 1924 1
1191 1936 1
1192 1937 0
1196 1941 0
1204 1949 1
1214 1959 0
1217 1962 1
1218 1963 1
1220 1965 1
1221 1966 1
1234 1978 1
1247 1990 1
1259 2001 0
1271 2012 0
1283 2023 1
1295 2034 1
1307 2045 1
1318 2055 1
1329 2065 0
1339 2074 1
1349 2083 1
1358 2091 0
1366 2098 1
1374 2105 1
1382 2112 1
1390 2119 1
1397 2125 1
1404 2131 1
1417 2142 0
1430 2153 0
1443 2164 1
1456 2175 1
1462 2180 1
1468 2185 1
1480 2195 1
1492 2205 0
1498 2210 0
1510 2220 1
1522 2230 1
1534 2240 1
1545 2249 0
1556 2258 1
1567 2267 0
1577 2275 0
1582 2279 1
1587 2283 1
1596 2290 0
1605 2297 0
1614 2304 1
1627 2314 0
1640 2324 1
1653 2334 1
1666 2344 1
1674 2350 0
1678 2353 0
1682 2356 1
1690 2362 1
1702 2371 0
1706 2374 0
1710 2377 1
1714 2380 1
1722 2386 0
1726 2389 1
1730 2392 1
1738 2398 1
1749 2406 1
1760 2414 1
1771 2422 0
1778 2427 0
1785 2432 1
1795 2439 1
1808 2448 0
1821 2457 0
1834 2466 1
1840 2470 1
1852 2478 1
1858 2482 1
1870 2490 1
1876 2494 1
1888 2502 1
1891 2504 1
1897 2508 0
1908 2515 1
1919 2522 0
1930 2529 1
1938 2534 1
1951 2542 1
1964 2550 1
1977 2558 1
1990 2566 1
2003 2574 1
2013 2580 1
2023 2586 1
2033 2592 1
2038 2595 1
2050 2602 1
2062 2609 1
2074 2616 1
2081 2620 1
2088 2624 1
2095 2628 0
2104 2633 1
2113 2638 0
2122 2643 1
2131 2648 1
2142 2654 1
2153 2660 1
2164 2666 1
2175 2672 0
2188 2679 0
2196 2683 1
2200 2685 1
2202 2686 0
2204 2687 0
2212 2691 1
2216 2693 1
2228 2699 1
2230 2700 1
2236 2703 1
2240 2705 1
2246 2708 1
2254 2712 0
2256 2713 1
2260 2715 1
2273 2721 1
2286 2727 0
2299 2733 1
2312 2739 0
2325 2745 1
2338 2751 1
2349 2756 0
2360 2761 1
2369 2765 1
2378 2769 0
2387 2773 0
2396 2777 1
2405 2781 1
2412 2784 1
2419 2787 0
2431 2792 1
2443 2797 0
2448 2799 1
2458 2803 1
2463 2805 1
2473 2809 1
2486 2814 1
2499 2819 1
2512 2824 1
2520 2827 0
2531 2831 0
2542 2835 1
2553 2839 1
2564 2843 1
2575 2847 0
2586 2851 1
2592 2853 1
2604 2857 1
2607 2858 1
2613 2860 1
2619 2862 0
2628 2865 0
2640 2869 1
2646 2871 1
2652 2873 1
2661 2876 1
2667 2878 0
2670 2879 1
2682 2883 1
2694 2887 0
2703 2890 1
2716 2894 0
2729 2898 0
2742 2902 1
2755 2906 1
2768 2910 1
2781 2914 0
2791 2917 0
2801 2920 0
2811 2923 1
2818 2925 1
2825 2927 1
2832 2929 1
2839 2931 1
2850 2934 1
2861 2937 1
2872 2940 1
2883 2943 1
2887 2944 1
2891 2945 1
2895 2946 0
2903 2948 1
2915 2951 1
2927 2954 1
2931 2955 1
2939 2957 1
2952 2960 1
2965 2963 0
2978 2966 0
2991 2969 1
3004 2972 0
3013 2974 1
3022 2976 1
3027 2977 1
3037 2979 0
3047 2981 1
3052 2982 1
3063 2984 1
3074 2986 1
3085 2988 1
3097 2990 1
3109 2992 0
3115 2993 0
3121 2994 1
3133 2996 1
3145 2998 1
3152 2999 1
3159 3000 1
3166 3001 0
3173 3002 1
3181 3003 1
3189 3004 0
3197 3005 1
3206 3006 1
3215 3007 0
3224 3008 1
3233 3009 1
3242 3010 0
3251 3011 0
3261 3012 1
3271 3013 1
3281 3014 0
3291 3015 1
3301 3016 1
3313 3017 1
3325 3018 1
3337 3019 1
3349 3020 0
3362 3021 1
3374 3021 1
3378 3021 1
3382 3021 1
3383 3021 1
3393 3021 0
3404 3021 1
3412 3021 1
3421 3021 1
3428 3021 1
3433 3021 1
3439 3021 1
3443 3021 0
3445 3021 1
3446 3021 1
3455 3021 0
3467 3021 1
3475 3021 0
3476 3021 0
3477 3021 0
3483 3021 0
3490 3021 0
3495 3021 1
3500 3021 1
3508 3021 0
3519 3021 0
3523 3021 1
3536 3021 1
3549 3021 1
3562 3021 1
3563 3021 1
3566 3021 1
3571 3021 1
3582 3021 1
3591 3021 1
3604 3021 0
3610 3021 1
3616 3021 1
3628 3021 1
3632 3021 1
3637 3021 0
3649 3021 1
3652 3021 0
3656 3021 1
3661 3021 0
3662 3021 0
3668 3021 1
3676 3021 1
3686 3021 0
3695 3021 1
3702 3021 1
3708 3021 0
3717 3021 1
3727 3021 0
3739 3021 1
3750 3021 1
3761 3021 1
3767 3021 1
3768 3021 0
3770 3021 1
3774 3021 1
3782 3021 1
3783 3021 1
3787 3021 1
3792 3021 1
3798 3021 0
3802 3021 0
3804 3021 1
3816 3021 1
3821 3021 1
3833 3021 0
3845 3021 0
3856 3021 1
3863 3021 1
3865 3021 1
3873 3021 1
3874 3021 1
3884 3021 1
3891 3021 1
3904 3020 1
3917 3019 0
3930 3018 0
3943 3017 1
3956 3016 1
3968 3015 1
3980 3014 1
3992 3013 0
4004 3012 1
4015 3011 0
4026 3010 1
4036 3009 1
4046 3008 1
4055 3007 1
4064 3006 1
4073 3005 1
4081 3004 1
4089 3003 1
4097 3002 1
4105 3001 1
4113 3000 1
4121 2999 1
4129 2998 1
4137 2997 1
4144 2996 1
4151 2995 1
4158 2994 1
4165 2993 1
4172 2992 1
4179 2991 1
4186 2990 1
4199 2988 0
4212 2986 1
4225 2984 1
4238 2982 1
4251 2980 1
4264 2978 0
4277 2976 0
4283 2975 1
4295 2973 1
4301 2972 0
4307 2971 1
4318 2969 1
4329 2967 1
4340 2965 1
4350 2963 1
4360 2961 1
4370 2959 0
4379 2957 0
4388 2955 0
4397 2953 1
4406 2951 1
4415 2949 0
4428 2946 1
4441 2943 0
4454 2940 1
4466 2937 0
4478 2934 1
4490 2931 1
4494 2930 1
4506 2927 1
4510 2926 0
4518 2924 1
4526 2922 1
4538 2919 1
4550 2916 1
4554 2915 1
4562 2913 1
4570 2911 1
4574 2910 0
4585 2907 1
4592 2905 1
4599 2903 0
4609 2900 1
4619 2897 1
4632 2893 1
4645 2889 1
4658 2885 1
4664 2883 1
4667 2882 1
4676 2879 1
4679 2878 1
4691 2874 1
4700 2871 1
4703 2870 1
4706 2869 1
4718 2865 1
4730 2861 1
4733 2860 1
4736 2859 1
4748 2855 0
4751 2854 0
4760 2851 1
4772 2847 0
4781 2844 1
4792 2840 0
4803 2836 1
4814 2832 1
4825 2828 1
4833 2825 1
4841 2822 0
4854 2817 0
4867 2812 1
4877 2808 1
4882 2806 1
4887 2804 0
4892 2802 1
4904 2797 1
4911 2794 1
4918 2791 1
4927 2787 0
4938 2782 1
4949 2777 1
4962 2771 1
4975 2765 1
4988 2759 0
4990 2758 0
4992 2757 0
4994 2756 1
5004 2751 1
5006 2750 1
5012 2747 1
5014 2746 1
5024 2741 1
5026 2740 1
5034 2736 0
5042 2732 1
5046 2730 1
5052 2727 0
5054 2726 1
5067 2719 0
5080 2712 0
5091 2706 1
5102 2700 1
5113 2694 1
5122 2689 1
5131 2684 1
5140 2679 0
5147 2675 0
5154 2671 1
5161 2667 1
5168 2663 0
5175 2659 0
5187 2652 1
5199 2645 1
5211 2638 1
5223 2631 1
5233 2625 1
5243 2619 1
5248 2616 0
5256 2611 1
5264 2606 1
5272 2601 1
5280 2596 0
5288 2591 1
5296 2586 1
5304 2581 0
5315 2574 1
5326 2567 1
5337 2560 0
5348 2553 0
5359 2546 1
5370 2539 0
5381 2532 1
5393 2524 1
5396 2522 1
5402 2518 1
5411 2512 1
5423 2504 1
5432 2498 1
5435 2496 0
5447 2488 1
5456 2482 1
5465 2476 0
5477 2468 1
5490 2459 1
5503 2450 1
5513 2443 1
5523 2436 1
5533 2429 1
5543 2422 1
5550 2417 1
5557 2412 1
5564 2407 1
5571 2402 1
5582 2394 1
5593 2386 1
5605 2377 1
5613 2371 1
5617 2368 1
5629 2359 1
5641 2350 0
5653 2341 1
5657 2338 0
5669 2329 0
5677 2323 0
5685 2317 1
5689 2314 1
5693 2311 1
5706 2301 1
5719 2291 0
5732 2281 1
5745 2271 1
5758 2261 1
5767 2254 1
5776 2247 1
5786 2239 1
5791 2235 1
5801 2227 1
5806 2223 1
5817 2214 1
5828 2205 0
5840 2195 1
5846 2190 0
5858 2180 1
5870 2170 0
5882 2160 1
5894 2150 0
5906 2140 1
5918 2130 0
5931 2119 1
5944 2108 1
5957 2097 1
5970 2086 1
5977 2080 1
5985 2073 1
5993 2066 1
6001 2059 0
6010 2051 1
6019 2043 0
6028 2035 1
6037 2027 0
6046 2019 0
6056 2010 1
6067 2000 0
6078 1990 1
6089 1980 1
6101 1969 1
6113 1958 1
6125 1947 0
6126 1946 1
6128 1944 1
6139 1933 0
6149 1923 1
6151 1921 1
6156 1916 1
6164 1908 1
6172 1900 1
6176 1896 1
6178 1894 1
6189 1883 1
6199 1873 1
6200 1872 0
6208 1864 1
6217 1855 1
6227 1845 1
6231 1841 0
6239 1833 1
6247 1825 1
6257 1815 0
6269 1803 1
6280 1792 1
6284 1788 0
6286 1786 1
6292 1780 1
6300 1772 0
6303 1769 1
6314 1757 1
6325 1745 1
6336 1733 0
6347 1721 0
6357 1710 1
6367 1699 0
6377 1688 0
6387 1677 1
6397 1666 0
6407 1655 1
6417 1644 1
6427 1633 1
6436 1623 1
6445 1613 1
6454 1603 1
6462 1594 0
6470 1585 1
6478 1576 1
6486 1567 0
6493 1559 1
6500 1551 1
6507 1543 1
6514 1535 1
6521 1527 0
6527 1520 1
6533 1513 0
6538 1507 0
6548 1495 0
6553 1489 1
6563 1477 1
6568 1471 1
6573 1465 1
6583 1453 0
6588 1447 1
6598 1435 1
6607 1424 0
6615 1414 0
6622 1405 1
6629 1396 1
6632 1392 0
6638 1384 1
6641 1380 1
6647 1372 1
6656 1360 0
6665 1348 1
6668 1344 1
6671 1340 0
6677 1332 1
6685 1321 0
6693 1310 1
6698 1303 1
6703 1296 0
6708 1289 1
6713 1282 1
6720 1272 0
6727 1262 0
6734 1252 0
6742 1240 1
6750 1228 0
6758 1216 1
6760 1213 1
6762 1210 1
6768 1201 0
6772 1195 1
6778 1186 1
6786 1174 1
6794 1162 1
6801 1151 1
6808 1140 1
6813 1132 1
6818 1124 0
6824 1114 0
6827 1109 1
6830 1104 1
6836 1094 0
6839 1089 1
6842 1084 1
6846 1077 1
6850 1070 0
6855 1061 0
6860 1052 1
6865 1043 1
6870 1034 1
6875 1025 1
6881 1014 1
6887 1003 1
6893 991 1
6894 989 1
6898 981 1
6901 975 1
6902 973 0
6908 961 1
6911 955 1
6917 943 1
6922 933 1
6925 927 1
6931 915 0
6936 905 1
6939 899 1
6940 897 1
6946 885 0
6947 883 1
6948 881 1
6951 875 1
6953 871 0
6955 867 1
6957 863 1
6962 853 0
6964 849 0
6968 841 1
6973 831 0
6974 829 1
6980 817 1
6985 806 1
6990 795 1
6994 786 1
6998 777 1
7002 768 0
7006 759 1
7009 752 1
7014 740 0
7019 728 1
7024 716 1
7026 711 1
7030 701 0
7032 696 0
7035 688 1
7038 680 1
7041 672 1
7044 664 1
7047 656 0
7050 648 1
7053 640 0
7057 629 1
7061 618 1
7065 607 1
7068 598 1
7072 586 1
7076 574 1
7077 571 1
7078 568 1
7081 559 1
7085 547 1
7088 538 1
7089 535 1
7092 524 0
7095 513 1
7098 502 1
7100 494 1
7102 486 1
7103 482 0
7106 470 1
7108 462 1
7111 450 1
7113 442 1
7115 434 1
7117 425 1
7119 416 0
7120 411 1
7122 401 0
7124 391 1
7126 381 0
7127 376 1
7128 371 1
7130 361 1
7131 356 1
7132 351 0
7134 341 1
7136 331 1
7138 321 1
7140 310 1
7141 304 1
7143 292 1
7145 280 1
7147 268 1
7148 261 0
7149 254 1
7150 247 0
7151 240 1
7152 231 1
7153 222 1
7154 213 1
7155 203 0
7156 193 0
7157 182 0
7158 170 1
7159 158 1
7160 146 1
7161 134 1
7162 0 1
