2081
3 27 49 5
2 34 4
2 23 4
3 12 9 59
2 59 35
2 26 54
4 1 9 30 48
4 14 51 55 26
2 47 37
3 49 5 36
4 22 55 1 58
4 2 34 13 17
3 12 49 24
2 50 35
4 2 47 4 5
1 45
3 44 51 36
3 43 40 40
3 50 53 21
4 19 2 48 39
2 35 57
2 5 25
3 22 10 37
1 9
2 43 31
3 47 54 57
3 20 25 20
4 3 2 6 43
1 8
4 26 17 3 20
2 54 9
3 47 60 53
2 23 18
4 34 49 27 44
4 30 49 39 19
1 49
3 22 38 40
2 47 41
2 42 51
2 52 16
2 32 26
1 18
4 37 20 9 16
2 44 55
4 7 49 58 35
3 15 43 26
1 29
4 54 27 27 39
2 19 1
3 38 32 4
4 54 23 21 15
3 15 20 42
2 47 24
4 42 35 46 54
4 5 4 50 59
1 12
4 8 50 19 57
1 36
2 11 41
2 12 19
2 12 59
4 5 42 7 41
4 56 54 41 30
1 20
2 28 27
4 58 28 45 20
2 43 7
2 7 19
4 50 1 30 28
1 2
4 48 15 10 1
1 56
1 5
2 44 51
2 43 32
2 28 45
2 34 57
4 51 47 32 8
4 58 52 13 57
3 9 14 40
2 33 51
4 27 19 35 17
3 1 50 27
3 4 14 42
4 41 42 22 38
1 13
4 36 29 16 47
1 24
4 3 53 25 13
1 22
4 44 21 38 18
1 45
2 4 10
2 54 48
3 10 52 36
4 44 55 32 16
4 20 32 32 59
4 39 41 10 53
1 6
2 37 3
1 49
1 23
4 3 22 48 18
4 39 60 31 4
4 40 38 39 53
2 45 12
3 15 33 34
3 15 28 14
2 40 37
2 9 48
3 26 29 56
1 3
2 31 20
4 42 29 53 3
3 41 9 19
4 50 45 15 39
2 42 46
2 36 15
3 58 16 3
2 18 17
3 57 5 28
3 40 50 4
2 52 43
3 35 31 20
2 18 14
4 38 33 46 15
3 55 31 47
4 39 18 39 37
1 22
4 15 47 28 39
3 7 5 11
3 35 46 46
3 51 43 47
3 22 45 6
4 40 33 4 13
1 32
2 29 4
2 49 22
3 53 53 18
3 27 4 49
2 20 25
1 5
4 34 18 52 39
2 15 13
3 46 27 2
3 54 56 18
1 19
3 22 59 40
4 32 20 23 16
2 1 45
2 28 4
2 27 13
1 10
3 17 16 12
3 4 48 34
4 40 26 4 51
4 3 21 26 35
2 35 60
1 51
1 18
1 34
1 15
4 5 23 34 60
2 46 46
2 9 38
1 10
1 25
1 50
4 22 55 14 5
3 34 37 36
3 41 51 5
1 41
1 1
2 14 11
2 44 52
2 45 12
2 33 23
4 16 17 1 16
2 46 31
2 42 6
2 52 1
3 16 58 8
3 35 27 1
1 48
2 21 44
4 46 33 13 37
2 3 17
2 23 25
2 51 53
1 32
2 41 4
2 12 13
3 56 1 16
3 7 27 10
3 18 32 7
3 51 10 30
1 46
2 32 2
2 8 20
1 4
3 44 52 14
2 16 7
2 34 3
4 7 52 8 27
4 48 37 12 45
2 18 1
1 43
4 6 11 42 26
4 54 26 26 48
2 44 51
2 60 11
2 36 30
1 43
4 20 38 39 45
1 21
1 36
1 36
2 22 28
4 22 54 11 55
4 11 26 21 2
3 4 51 55
1 49
2 56 50
2 36 18
4 6 50 48 43
3 20 18 13
4 38 14 31 30
1 29
1 15
3 31 50 55
2 56 13
1 28
2 42 50
2 14 45
3 40 39 21
3 2 51 13
4 54 42 43 50
2 26 20
4 13 13 33 38
2 41 9
4 11 28 34 22
2 44 10
2 12 12
1 27
3 56 52 59
2 47 32
2 16 47
2 60 37
3 50 2 31
4 32 6 60 46
2 20 43
4 25 8 20 55
4 16 5 24 3
2 45 47
4 10 3 38 41
2 25 17
2 51 32
1 51
2 48 5
2 53 14
2 39 22
2 37 46
4 19 30 5 11
2 13 6
4 3 36 16 20
4 14 43 5 14
4 48 23 40 37
2 18 40
1 45
1 18
4 33 34 28 25
3 27 52 44
4 18 27 3 48
1 25
2 21 8
3 12 36 50
1 21
1 29
4 47 29 27 39
1 8
4 50 20 11 53
2 50 18
2 47 14
2 29 56
4 26 48 4 20
1 3
2 54 60
4 8 8 25 1
2 47 7
1 44
2 7 38
4 3 57 52 31
2 33 38
1 7
4 32 53 34 26
4 38 26 30 48
1 50
2 32 17
4 13 7 49 39
2 47 41
1 49
1 44
1 2
4 37 38 4 60
1 40
4 1 55 48 37
3 5 15 18
2 57 28
2 33 9
1 33
3 47 30 21
1 31
2 31 48
2 32 37
1 27
1 40
3 28 32 45
2 14 47
4 32 51 37 4
4 6 26 52 11
2 11 31
2 58 25
2 20 13
1 34
2 23 37
4 44 10 47 41
2 21 41
4 38 23 34 4
2 37 55
2 51 12
2 14 59
2 37 38
3 25 46 21
2 12 18
1 12
2 18 38
3 2 22 13
1 27
3 5 2 43
2 9 59
3 45 9 26
2 34 40
4 29 13 7 22
1 23
2 25 32
3 18 50 15
2 14 48
1 59
3 45 25 18
1 22
2 12 18
2 41 37
2 16 52
2 58 38
3 46 33 8
2 37 12
1 9
3 16 6 8
4 33 26 30 37
2 25 5
4 34 47 45 3
1 39
1 25
1 7
3 26 30 40
3 35 11 42
2 10 60
2 20 40
3 36 24 10
2 29 37
3 9 12 26
3 35 1 59
2 46 40
1 19
3 4 60 30
3 9 38 58
3 15 15 7
3 21 12 21
3 17 23 58
1 41
2 16 15
4 6 19 35 36
3 20 9 33
2 47 28
2 32 4
2 29 6
2 15 15
2 53 22
4 28 14 2 30
3 50 35 21
2 51 20
2 38 44
3 5 16 5
2 22 3
2 44 10
3 51 58 14
2 58 6
2 12 20
4 12 54 20 40
4 41 32 42 38
3 9 58 47
2 40 41
3 47 41 20
3 45 14 29
4 60 27 60 30
2 9 41
3 18 54 3
2 20 18
3 39 22 23
2 47 26
1 51
1 42
2 7 45
3 16 35 30
4 18 32 15 55
4 56 3 57 20
2 43 14
2 36 34
2 11 35
2 26 56
4 41 33 31 28
3 31 53 15
2 26 18
2 1 4
2 30 23
2 16 41
4 9 23 16 11
1 3
4 19 13 6 30
1 55
4 7 12 56 51
1 34
3 17 17 32
4 34 26 50 49
1 36
2 54 54
4 26 43 21 38
3 9 11 22
1 56
1 29
1 15
3 6 18 58
1 56
2 41 1
2 48 13
3 26 27 50
4 6 51 2 47
2 2 17
3 25 5 36
1 14
2 1 60
2 25 45
2 59 15
4 34 35 57 22
2 25 54
1 46
1 17
3 43 12 39
2 22 29
2 35 51
3 26 36 7
1 7
3 44 48 5
2 32 26
2 55 1
2 51 21
2 27 45
4 5 4 16 44
1 15
2 45 60
1 24
2 57 6
1 6
1 44
2 12 17
3 4 20 16
1 35
3 54 8 20
4 46 1 28 41
2 39 8
4 52 32 50 10
3 45 58 21
4 41 1 48 5
2 49 60
2 49 29
4 46 54 19 44
4 19 3 59 4
2 26 10
3 49 22 51
2 24 40
2 48 52
4 32 7 22 3
2 13 46
2 2 56
1 51
1 30
2 30 5
1 12
1 48
4 10 5 20 55
1 30
2 16 8
1 13
2 39 21
2 16 17
2 9 12
1 56
3 16 11 24
2 16 32
1 50
4 34 42 6 22
3 37 39 8
1 47
2 21 32
2 49 56
2 11 21
2 41 27
2 10 43
2 49 50
2 55 14
2 17 3
3 11 23 56
3 32 43 20
3 10 14 28
2 8 2
3 23 4 57
2 12 33
2 33 45
2 19 45
3 14 49 24
1 2
1 33
1 25
2 54 32
3 35 40 29
4 32 27 19 2
2 12 37
1 6
2 57 28
4 35 10 6 36
2 46 43
3 52 60 55
3 6 59 31
4 55 9 50 44
2 25 38
3 23 16 42
1 32
3 23 20 1
2 33 28
3 55 35 39
1 28
2 28 39
2 44 43
1 41
2 52 14
3 35 40 56
2 48 28
2 42 5
2 58 53
2 33 50
2 12 35
2 8 14
2 14 20
2 19 51
4 54 52 21 10
4 37 42 17 33
2 55 5
3 46 10 25
1 26
2 54 57
4 29 36 57 27
2 48 48
4 58 5 19 12
2 9 2
2 54 19
3 2 39 55
1 38
4 10 49 57 21
2 16 29
1 37
2 28 50
4 47 13 7 28
4 34 2 21 58
1 39
4 60 41 12 12
2 32 39
2 46 44
1 52
2 52 36
2 20 57
4 60 8 52 3
1 33
3 26 46 14
2 1 22
2 1 48
4 53 33 4 27
1 51
2 43 51
2 30 2
2 40 8
3 48 43 7
2 7 37
2 44 21
4 38 20 4 48
3 11 37 55
4 45 35 23 27
2 30 35
4 23 13 20 50
3 48 30 39
3 33 45 39
1 56
3 9 15 24
4 9 17 6 53
1 48
2 14 12
2 59 60
2 11 1
3 7 7 20
2 23 53
4 5 44 7 27
2 31 32
3 13 56 13
3 58 20 47
1 54
2 24 38
1 58
4 44 33 53 33
2 1 10
3 33 8 58
2 31 19
2 58 28
2 17 55
2 21 56
2 38 44
2 44 39
2 16 54
4 43 53 15 16
4 11 8 11 23
3 17 14 8
2 49 57
3 58 55 25
4 28 60 8 53
2 45 13
4 29 3 58 42
2 22 7
3 44 41 12
2 42 25
1 56
1 50
2 10 58
2 34 44
3 21 12 44
2 2 12
4 25 50 30 3
1 4
2 55 56
2 7 52
2 50 29
3 25 4 30
4 17 17 25 8
3 26 33 59
2 53 21
3 7 52 15
4 18 21 54 11
2 34 11
2 11 5
1 13
4 27 48 17 38
1 26
1 30
1 5
1 35
4 24 14 37 6
2 10 58
4 57 48 46 18
3 23 25 54
1 39
1 54
2 3 12
1 18
2 34 18
4 28 41 3 5
4 14 12 55 23
2 39 24
1 34
3 47 55 49
2 49 15
2 36 29
1 44
2 43 5
2 57 40
2 36 12
2 42 39
3 53 29 2
4 57 32 44 31
2 13 24
1 34
1 8
1 6
2 1 35
4 45 36 45 18
2 15 58
2 38 59
4 34 46 37 29
4 47 47 60 41
3 7 19 11
4 18 3 56 8
2 45 32
3 25 29 10
2 38 34
1 59
2 35 10
2 8 6
2 52 54
1 24
3 19 14 6
1 18
2 19 48
2 8 44
1 20
4 13 57 42 24
2 35 44
4 13 4 56 19
2 25 47
2 55 42
4 13 48 6 50
4 38 46 47 52
4 53 41 16 19
3 2 13 33
2 14 42
3 7 26 35
3 42 49 51
2 4 4
1 39
2 48 36
1 27
3 56 5 21
2 33 55
2 47 17
3 16 47 49
4 58 15 19 51
3 25 12 11
2 15 1
2 34 21
3 16 37 49
2 36 11
2 15 21
4 12 51 3 40
1 53
4 60 38 2 16
2 6 26
4 9 44 60 59
1 50
1 53
1 54
2 37 12
1 36
1 36
3 20 37 32
1 18
2 30 30
4 6 5 44 59
4 60 38 22 8
3 37 46 53
1 28
2 55 54
2 31 50
2 43 47
2 14 40
4 12 25 2 1
2 23 26
2 29 27
2 21 5
2 6 44
2 28 57
2 55 25
3 56 43 10
3 60 12 16
3 34 1 53
2 58 32
2 36 53
2 55 37
2 17 12
4 45 13 14 3
1 33
2 19 28
1 52
3 55 1 53
4 34 23 5 3
2 29 27
2 43 26
2 34 13
1 17
3 33 44 42
2 36 30
2 2 6
4 5 36 59 48
1 56
2 26 22
3 27 32 25
2 60 53
2 32 25
1 48
2 40 6
1 2
2 27 18
2 6 51
2 16 46
3 40 40 46
1 4
1 41
3 52 49 32
2 54 48
2 14 40
2 45 26
1 43
2 45 52
2 24 58
2 21 9
4 51 24 24 34
3 16 6 20
2 16 48
3 18 10 52
3 5 27 49
2 24 44
3 28 13 20
3 41 10 48
2 22 24
3 11 32 17
2 14 53
2 8 3
2 44 24
4 43 42 46 43
3 36 30 49
1 60
1 24
3 7 4 27
4 53 4 28 7
4 12 13 8 2
3 60 35 31
4 7 13 33 5
2 40 8
2 32 48
2 10 34
2 42 55
2 17 50
3 42 42 1
1 33
4 53 55 25 31
1 16
3 22 3 36
2 57 6
1 53
4 25 51 19 6
4 2 42 29 12
2 46 53
4 50 2 50 2
2 4 26
2 59 45
2 47 17
1 53
2 19 5
2 26 53
3 3 52 19
2 1 30
3 41 29 33
3 48 43 55
1 11
3 22 5 2
4 29 40 41 35
1 21
3 55 50 1
2 10 19
1 20
2 34 51
4 32 57 8 26
2 16 7
2 49 10
1 47
2 10 20
4 57 4 7 1
2 58 48
4 33 46 57 21
1 42
2 20 59
3 44 23 59
1 38
1 46
3 1 15 52
1 53
1 28
2 21 26
2 51 3
3 5 11 12
4 38 19 57 40
3 46 19 5
1 53
3 40 24 5
2 5 56
1 40
2 37 47
2 26 6
2 54 35
3 52 52 24
2 25 7
1 13
3 1 41 38
1 27
4 13 49 35 47
1 41
4 59 19 5 13
2 11 60
4 20 3 34 14
3 24 21 30
4 25 48 27 8
4 39 28 1 60
2 25 49
2 14 14
3 54 38 49
1 17
3 48 37 23
1 31
2 41 51
2 56 60
3 10 57 58
2 24 28
2 35 14
2 7 19
1 57
2 3 20
4 6 21 10 53
1 56
3 23 30 3
1 38
1 29
4 8 5 52 42
4 33 49 45 2
3 32 48 57
2 30 45
2 58 24
4 22 40 15 46
4 24 7 16 8
1 43
1 21
3 32 52 33
4 44 59 28 38
2 42 22
4 31 45 17 35
2 23 36
1 28
2 41 40
1 39
4 30 35 10 9
2 3 34
2 43 3
4 39 21 55 23
1 1
3 44 21 2
2 48 19
2 58 59
3 28 4 29
2 52 32
2 20 47
2 53 13
3 10 17 38
4 11 39 55 35
3 25 26 19
2 19 47
2 6 4
2 1 37
2 6 16
4 8 55 3 33
2 56 31
2 3 55
1 44
3 17 20 13
3 51 44 27
4 37 56 14 56
3 6 11 20
2 47 31
4 14 57 41 21
1 6
2 35 53
2 60 30
2 51 7
2 49 16
3 50 24 15
3 43 54 46
2 36 13
2 21 16
1 14
4 17 42 51 43
2 47 58
2 24 43
2 38 14
4 17 43 19 56
4 9 23 12 5
3 3 46 48
3 52 11 22
1 47
2 36 37
1 1
2 28 4
4 12 27 15 12
2 21 17
1 51
1 14
2 55 54
4 19 29 2 30
1 49
3 42 10 33
4 11 58 12 50
1 24
2 54 9
4 30 54 42 15
3 27 12 34
2 54 11
2 47 2
3 51 23 42
2 40 25
2 42 3
3 8 45 26
4 29 32 29 19
4 60 5 4 56
3 44 57 49
2 43 24
2 4 40
2 50 11
3 13 40 33
1 46
2 31 20
2 30 24
2 27 16
3 18 41 17
4 23 6 49 45
4 50 29 36 18
4 39 22 34 38
4 46 36 26 33
2 37 50
2 32 51
4 44 9 45 39
2 40 27
3 29 54 11
3 11 34 41
2 34 28
2 42 22
3 9 37 1
2 1 47
2 46 34
3 43 51 55
1 5
2 29 42
2 15 13
3 42 59 47
4 30 47 2 45
4 54 49 36 13
4 5 12 43 3
2 28 60
2 31 20
2 24 47
2 3 5
2 36 45
4 58 38 48 8
2 52 56
4 31 28 4 59
2 56 21
2 9 15
2 21 5
2 48 3
2 27 51
3 12 60 8
3 1 21 29
1 40
2 7 8
2 26 59
1 10
2 42 39
4 3 29 18 9
3 36 53 38
2 4 54
1 42
3 15 43 36
4 50 45 11 49
3 13 7 34
1 24
3 46 47 31
2 33 9
3 6 51 41
4 3 21 26 38
4 49 3 1 7
1 49
2 53 33
4 20 21 28 57
4 30 45 41 21
2 42 57
4 51 44 26 24
1 56
1 44
2 48 33
4 22 55 5 16
3 36 26 28
2 52 50
2 35 8
3 2 30 38
4 42 1 43 40
3 18 6 30
3 24 29 43
2 13 49
4 58 39 11 41
2 29 6
2 30 26
1 58
1 58
4 31 56 10 55
2 12 5
1 50
3 47 16 46
4 60 41 11 29
2 3 36
2 40 39
1 40
2 42 4
2 38 46
1 54
3 19 27 30
2 4 21
2 9 15
2 32 25
3 37 55 25
1 38
3 33 27 43
2 51 27
3 5 52 11
3 32 17 17
4 36 56 56 16
3 3 39 3
3 40 35 32
2 38 11
1 29
2 2 23
3 13 42 16
4 34 22 22 10
3 10 9 11
2 41 58
1 1
2 51 24
1 50
1 44
1 18
2 30 25
2 18 1
1 40
3 52 7 2
3 37 11 8
1 7
2 40 40
1 51
4 17 4 32 37
2 58 9
4 14 17 8 25
1 48
2 47 7
2 12 25
2 47 12
4 40 4 31 40
1 57
3 4 4 31
2 34 33
1 60
2 45 60
1 2
2 41 28
4 9 39 55 33
1 52
3 47 58 29
3 5 41 51
2 27 16
1 51
1 50
1 33
4 8 27 48 20
1 56
3 56 47 7
3 46 33 48
1 2
2 28 22
2 43 2
1 30
1 55
3 24 41 20
2 23 44
4 46 25 34 60
4 46 38 16 8
2 44 2
2 51 37
2 55 53
2 59 25
1 50
2 28 37
3 43 34 47
2 26 19
3 8 1 48
2 3 15
2 5 27
3 30 27 31
4 52 28 47 25
2 48 16
3 44 18 5
2 37 26
3 4 35 12
2 22 11
1 13
2 35 21
3 48 24 39
3 30 56 53
4 5 33 6 34
4 42 16 38 24
2 1 45
2 46 58
1 17
4 50 50 26 10
3 10 54 50
2 24 50
3 14 43 42
2 25 8
3 11 6 10
2 57 18
1 35
2 57 27
2 48 34
2 56 38
2 29 54
2 18 26
2 52 42
1 32
2 42 56
3 55 53 43
2 50 19
1 3
1 56
4 10 56 41 10
4 53 33 12 39
2 8 58
2 2 58
2 14 13
2 57 29
4 51 30 4 58
2 53 28
4 54 37 60 54
2 45 18
2 51 37
3 38 32 52
3 21 14 52
4 5 43 3 56
4 6 28 6 21
1 35
1 20
2 25 17
2 49 34
1 7
3 8 22 19
2 11 43
4 34 6 52 35
2 1 20
2 5 40
1 14
2 16 25
2 58 31
4 47 56 42 36
4 2 58 51 12
4 37 19 27 9
2 43 29
2 39 16
2 19 38
2 15 10
4 19 27 24 38
2 1 15
1 56
2 44 45
2 37 54
3 13 30 9
4 54 33 28 2
2 38 48
1 49
1 55
3 35 54 23
1 7
4 46 42 54 51
2 32 48
1 59
2 57 53
4 58 56 22 22
4 56 36 23 30
2 2 4
1 13
2 14 27
3 41 38 24
2 56 23
2 28 27
1 51
2 27 29
4 20 54 8 50
1 21
4 3 48 14 20
2 5 48
1 39
3 57 11 40
4 24 3 4 6
2 42 58
1 58
2 26 46
2 51 3
2 24 41
3 18 24 39
2 21 33
2 1 43
1 3
2 49 43
4 21 39 32 4
3 29 54 7
1 2
2 39 37
3 33 46 2
3 51 36 21
2 58 31
1 35
3 6 26 34
2 3 52
4 46 54 57 27
4 49 14 32 50
2 2 33
4 24 15 3 4
1 39
1 40
2 47 31
3 39 15 10
3 9 43 14
3 15 9 46
1 14
3 23 6 24
1 50
2 45 26
3 23 34 42
3 25 4 48
3 57 23 40
4 58 36 60 10
1 1
1 28
2 43 38
2 44 8
1 52
1 56
4 59 59 44 47
3 31 46 40
4 51 20 35 52
4 24 17 33 2
2 23 8
3 11 8 14
1 14
3 48 22 55
3 25 27 39
1 25
3 33 3 19
2 12 3
1 58
2 22 55
3 43 53 46
3 24 59 34
1 10
2 32 56
2 58 38
2 29 10
1 10
2 12 27
2 4 47
2 31 44
2 33 7
2 35 51
3 31 52 9
2 36 41
4 59 57 59 3
2 40 8
1 60
2 33 47
2 9 7
2 6 6
3 52 28 31
2 60 21
1 11
3 11 10 24
4 57 22 43 45
2 48 60
2 44 12
1 13
1 45
3 39 37 39
2 30 21
2 27 60
4 45 20 9 25
3 25 11 13
4 26 55 25 50
3 7 49 27
3 6 49 12
3 58 56 29
2 39 53
4 10 50 37 19
2 7 45
4 45 26 48 18
4 47 16 8 42
2 12 53
1 40
2 51 25
1 13
1 30
2 57 7
2 24 31
3 31 47 21
2 1 41
4 16 46 6 1
4 52 46 14 56
3 7 43 56
1 9
2 10 30
4 13 34 52 40
4 24 11 54 41
2 6 59
2 21 18
1 33
2 13 1
2 56 14
4 36 60 35 60
3 24 6 7
2 7 56
2 6 8
1 30
2 30 17
3 1 54 17
1 8
2 23 7
2 39 29
2 28 31
2 49 14
1 17
3 56 41 59
2 47 11
2 55 50
2 22 13
4 10 52 4 44
4 31 48 32 42
3 32 28 27
1 4
2 7 3
2 2 22
4 28 24 51 47
2 26 16
4 10 60 47 46
4 1 25 54 53
1 51
1 41
3 30 16 23
2 19 59
2 56 9
1 17
2 10 56
3 44 35 13
1 32
4 25 25 9 54
1 49
2 2 55
3 1 43 46
2 6 1
1 2
3 40 2 40
2 56 39
2 59 6
2 58 15
2 21 35
3 47 59 13
2 1 53
2 40 47
4 14 24 17 26
2 50 58
3 3 9 9
2 27 24
2 48 30
4 4 51 13 56
3 31 26 53
4 51 48 7 55
4 52 34 34 31
4 9 42 43 8
2 42 11
2 51 32
2 38 30
4 50 27 36 4
4 41 9 45 16
1 22
2 60 54
4 46 8 1 9
2 19 49
2 25 48
2 33 45
1 35
3 19 37 8
4 33 44 2 35
2 53 21
2 45 32
1 22
2 46 40
3 26 13 46
1 22
4 4 59 23 35
2 19 42
2 29 20
1 59
1 51
4 5 12 19 52
4 20 20 59 53
4 13 40 34 17
2 21 2
1 46
4 19 4 26 29
3 18 9 7
2 23 18
1 1
2 16 33
2 27 8
4 32 20 32 20
2 54 32
3 10 59 40
2 15 36
4 56 18 49 2
2 45 41
2 15 57
2 11 23
4 36 22 14 41
4 58 5 17 12
3 55 24 12
4 43 43 2 45
4 38 49 25 56
2 43 46
2 54 49
3 17 8 57
3 40 14 50
3 38 17 30
2 3 40
2 17 12
3 12 58 6
4 60 16 16 25
2 24 50
3 20 52 18
3 33 29 37
1 32
4 19 50 57 60
3 35 19 15
2 2 47
4 33 39 17 39
2 31 37
1 37
1 19
1 32
1 55
1 50
2 27 53
4 54 8 41 29
2 31 11
4 42 45 20 52
3 42 40 45
2 1 55
3 24 16 36
4 54 43 42 36
4 20 44 31 25
3 17 34 23
3 1 43 47
3 22 56 58
2 22 43
2 12 21
3 57 15 12
2 24 39
4 35 6 39 55
3 57 52 4
4 36 29 14 32
2 46 16
3 47 51 33
3 57 36 48
2 26 4
2 18 53
1 55
2 32 17
4 35 7 5 39
3 59 18 6
3 59 14 25
3 39 52 57
4 47 29 44 56
2 40 1
2 13 59
2 34 15
2 53 39
2 37 51
2 56 42
4 8 13 51 18
1 20
2 25 13
3 31 5 26
3 17 60 26
3 16 38 27
2 21 50
4 5 32 41 21
3 42 20 39
4 13 25 45 38
2 4 54
2 40 55
2 31 35
4 38 16 40 46
3 53 36 6
2 52 25
1 49
4 13 30 31 12
2 57 43
4 43 51 54 1
2 7 47
2 52 44
1 22
1 9
1 20
3 25 60 59
3 27 25 43
2 53 30
2 18 25
2 58 2
3 23 15 3
1 21
2 34 36
4 34 25 31 1
2 29 4
3 25 9 43
3 34 42 35
3 3 13 57
4 30 43 12 6
4 25 31 13 6
3 13 47 9
1 6
1 7
4 3 7 49 30
1 27
2 46 58
4 8 31 59 27
1 6
4 50 31 27 23
4 46 8 44 28
2 59 48
2 8 20
3 24 5 23
2 40 25
2 26 35
2 32 42
2 5 43
1 22
4 58 60 57 4
3 33 16 43
4 19 43 27 49
3 28 42 12
2 34 5
2 25 48
3 16 52 31
2 28 9
1 3
2 48 50
3 57 31 19
3 19 37 33
3 1 41 50
1 48
2 1 26
3 49 16 53
3 8 15 32
1 19
4 2 26 24 46
3 6 14 36
2 12 44
2 37 3
4 56 19 52 18
3 14 37 5
2 49 59
4 12 40 21 38
1 14
1 8
2 32 50
1 29
2 8 51
3 29 13 23
4 28 48 29 12
3 29 6 59
2 42 32
3 44 7 57
4 3 17 50 26
2 56 10
2 15 26
3 49 1 16
2 43 56
3 34 36 17
2 48 26
3 28 9 25
2 23 52
2 12 51
1 23
4 22 44 10 8
3 36 14 56
3 60 48 10
4 45 52 48 52
2 25 50
2 24 49
3 45 44 49
1 27
3 29 57 44
1 13
4 35 21 14 41
2 40 11
3 6 17 50
2 18 25
2 25 17
4 52 11 59 26
2 45 10
2 29 3
4 35 30 55 29
2 22 25
1 39
2 13 50
2 45 39
3 11 40 50
2 39 17
2 14 44
3 4 3 8
1 16
4 50 60 16 2
2 55 6
2 30 52
1 8
3 20 21 16
4 26 6 60 32
1 54
2 38 32
1 35
3 12 18 4
3 43 48 30
2 52 39
1 57
3 23 37 43
1 33
4 28 14 4 41
2 40 59
2 50 46
2 8 37
2 4 44
2 23 20
2 22 12
2 26 57
1 40
2 36 8
3 11 42 39
2 38 40
2 31 53
3 6 26 12
2 56 26
2 48 34
4 34 37 32 57
3 7 21 5
3 1 39 56
2 13 25
2 45 42
1 46
1 45
4 52 4 19 19
3 17 19 18
3 10 21 53
4 6 41 52 58
4 59 2 38 25
1 54
1 58
2 35 55
2 43 54
3 9 36 38
4 44 6 54 16
2 19 43
4 6 5 40 5
2 37 4
2 46 55
2 13 41
1 25
1 35
1 11
2 58 29
3 36 18 19
2 35 35
4 60 1 59 60
4 52 39 29 40
1 52
1 49
4 12 49 10 53
3 12 26 48
4 35 10 50 50
2 25 1
1 51
1 32
1 55
1 6
2 48 35
2 24 60
3 35 14 3
2 9 48
1 47
3 53 57 13
4 36 34 44 60
4 2 4 32 13
4 16 16 24 47
4 19 50 10 57
2 29 11
4 50 55 15 56
1 35
4 47 24 3 54
2 45 33
3 18 18 25
1 18
2 52 14
4 42 43 33 26
4 39 19 19 52
2 19 16
1 3
2 21 44
2 36 10
1 31
3 25 8 4
3 55 56 6
1 57
2 45 51
2 11 53
2 37 13
4 29 7 5 31
3 59 49 40
2 58 43
3 4 14 45
4 33 33 41 18
2 22 47
2 44 6
2 34 28
3 49 33 4
4 4 28 33 25
3 54 34 40
1 32
1 36
1 41
4 2 1 30 43
3 30 35 10
2 12 20
2 30 54
1 34
2 20 29
3 59 45 42
4 25 32 10 55
2 20 32
2 29 42
2 54 13
1 56
2 47 10
1 22
4 3 58 59 19
4 39 3 15 52
3 33 37 7
2 13 39
2 39 51
3 51 2 4
2 2 40
4 25 8 17 38
4 32 26 4 57
4 55 54 6 37
1 49
3 26 51 50
4 41 56 11 5
2 41 27
4 17 53 31 9
3 35 19 33
3 38 16 35
2 60 28
4 15 49 54 6
2 46 52
2 15 39
2 24 26
3 45 26 45
3 20 44 29
2 49 54
2 50 42
4 57 20 46 52
4 53 49 13 58
4 14 48 23 17
2 13 13
4 44 53 8 17
3 17 27 51
4 40 26 2 48
3 24 18 30
1 18
3 16 3 44
4 56 12 40 22
1 18
2 23 53
2 10 4
1 45
2 32 20
3 34 28 58
2 17 59
2 43 55
1 14
4 1 32 39 6
2 8 41
2 53 60
2 40 4
1 36
2 23 53
2 6 29
4 44 57 53 56
2 5 4
3 14 24 14
1 27
4 29 43 43 43
1 6
2 3 4
2 22 23
4 57 46 37 22
2 60 22
4 22 6 37 51
2 1 32
3 51 17 29
2 59 41
3 12 37 43
2 28 57
1 13
2 26 47
4 8 34 22 21
3 51 53 39
1 3
1 33
2 37 38
4 3 39 21 46
2 7 44
1 30
2 52 8
1 6
4 9 15 17 37
3 22 22 59
2 45 14
2 8 42
2 4 43
2 48 21
3 46 25 58
2 24 46
1 49
3 21 12 48
1 21
3 15 57 43
3 24 28 5
3 52 44 10
4 52 16 17 28
2 1 30
3 44 19 13
2 1 50
2 36 32
2 43 30
2 39 44
3 33 30 18
2 60 26
4 16 49 24 41
2 5 30
4 21 54 55 24
1 12
2 2 18
4 55 33 41 42
2 3 8
2 25 19
3 17 39 53
3 45 57 58
2 44 32
3 9 9 51
1 15
3 18 19 42
2 43 11
2 53 40
2 60 46
3 39 51 36
1 13
2 49 18
2 47 6
2 53 36
4 29 23 44 32
4 20 7 33 24
2 38 33
2 16 52
4 42 33 39 41
4 34 4 59 41
2 42 52
1 60
2 12 15
2 4 21
2 10 50
3 15 36 34
4 21 53 29 30
4 35 22 56 1
4 49 16 43 58
1 17
2 41 51
1 37
2 48 1
3 42 23 52
3 11 17 52
3 25 30 20
1 36
1 29
2 17 10
1 27
2 26 54
4 50 55 34 24
3 49 39 51
2 1 13
1 31
3 14 24 25
1 55
1 14
1 14
4 45 28 29 28
4 44 17 4 20
2 56 50
3 42 51 24
1 41
2 56 41
2 2 59
2 60 16
4 33 4 46 45
2 22 3
1 48
3 39 21 42
2 52 60
2 9 42
2 4 18
2 23 53
3 35 14 18
4 49 23 24 47
2 13 40
2 24 41
4 50 53 3 24
2 38 19
3 40 60 31
3 32 46 9
2 18 36
1 20
3 30 48 46
3 24 16 35
2 7 58
2 20 16
1 51
4 48 31 10 1
3 27 23 25
3 49 39 18
2 48 36
2 44 41
2 56 19
4 27 40 20 29
2 39 53
2 8 53
2 52 59
2 2 26
2 19 47
1 3
1 16
1 17
1 30
3 9 46 56
3 36 10 37
2 5 5
1 6
1 14
3 40 23 57
2 9 44
4 29 49 27 18
1 10
1 49
