2500
2 49 52
2 50 27
2 42 28
2 36 47
2 45 11
2 49 22
2 60 27
2 39 5
2 8 49
2 18 50
2 5 60
2 32 46
2 21 26
2 10 53
2 52 30
2 22 25
2 53 7
2 57 24
2 26 31
2 1 43
2 12 44
2 47 42
2 38 31
2 26 23
2 27 43
2 53 41
2 39 42
2 14 14
2 49 42
2 15 9
2 33 14
2 15 17
2 8 8
2 6 4
2 13 14
2 2 3
2 34 12
2 1 34
2 11 51
2 26 12
2 30 31
2 59 47
2 24 26
2 1 30
2 56 35
2 29 41
2 60 47
2 60 38
2 20 37
2 53 25
2 32 5
2 21 53
2 31 46
2 56 35
2 58 38
2 20 32
2 6 28
2 19 55
2 31 40
2 42 12
2 37 16
2 37 27
2 19 41
2 35 38
2 54 3
2 45 17
2 49 49
2 37 37
2 9 33
2 49 36
2 17 40
2 42 10
2 32 34
2 26 18
2 45 23
2 25 42
2 10 1
2 21 21
2 19 47
2 33 28
2 55 60
2 23 3
2 23 12
2 41 35
2 32 2
2 43 59
2 56 15
2 15 43
2 13 10
2 36 21
2 28 32
2 21 9
2 43 27
2 21 48
2 2 10
2 23 20
2 60 50
2 10 24
2 35 15
2 36 22
2 41 32
2 43 35
2 47 2
2 45 26
2 7 31
2 59 21
2 21 36
2 48 46
2 60 42
2 58 31
2 35 3
2 35 35
2 35 58
2 49 17
2 15 59
2 7 48
2 18 10
2 13 14
2 35 42
2 34 59
2 52 32
2 55 42
2 28 11
2 37 48
2 59 3
2 45 40
2 3 27
2 9 45
2 54 18
2 17 46
2 44 27
2 2 12
2 2 38
2 44 54
2 11 26
2 47 12
2 25 23
2 21 24
2 56 37
2 6 44
2 11 10
2 55 55
2 33 10
2 4 42
2 32 30
2 37 27
2 48 48
2 42 36
2 28 32
2 54 26
2 57 20
2 2 20
2 3 24
2 28 26
2 54 3
2 25 49
2 9 42
2 60 50
2 45 11
2 19 34
2 25 31
2 12 26
2 2 20
2 14 32
2 34 25
2 57 36
2 51 12
2 34 22
2 41 1
2 3 10
2 12 37
2 12 46
2 26 5
2 18 28
2 37 33
2 5 22
2 40 10
2 34 53
2 24 45
2 33 34
2 60 36
2 19 47
2 51 36
2 55 57
2 37 19
2 51 60
2 48 29
2 42 27
2 9 30
2 36 20
2 39 13
2 50 34
2 35 32
2 13 26
2 10 31
2 30 15
2 58 9
2 8 24
2 31 54
2 57 38
2 29 12
2 20 51
2 55 60
2 55 39
2 11 28
2 60 59
2 52 26
2 7 43
2 53 11
2 7 8
2 20 29
2 33 43
2 40 51
2 21 38
2 34 46
2 50 19
2 6 37
2 49 44
2 13 53
2 12 24
2 50 42
2 13 51
2 47 20
2 41 51
2 51 38
2 11 8
2 39 54
2 52 33
2 24 33
2 30 39
2 1 9
2 54 17
2 22 13
2 7 35
2 6 43
2 15 29
2 2 38
2 2 41
2 56 51
2 51 25
2 9 55
2 39 46
2 2 49
2 36 50
2 58 19
2 23 39
2 14 11
2 31 10
2 20 40
2 5 11
2 56 6
2 44 23
2 25 37
2 37 31
2 59 11
2 47 24
2 44 4
2 2 34
2 49 47
2 3 57
2 14 48
2 10 12
2 53 2
2 11 5
2 13 29
2 33 60
2 5 7
2 26 48
2 41 59
2 17 58
2 9 12
2 32 10
2 26 52
2 37 8
2 60 12
2 8 14
2 36 37
2 58 57
2 55 34
2 21 25
2 39 48
2 60 22
2 53 10
2 42 36
2 53 14
2 59 15
2 21 49
2 44 42
2 11 26
2 27 7
2 26 17
2 34 22
2 26 21
2 31 52
2 25 7
2 39 21
2 18 45
2 46 54
2 2 30
2 23 44
2 43 17
2 51 41
2 11 23
2 11 35
2 12 22
2 23 47
2 44 8
2 39 33
2 27 7
2 44 18
2 26 51
2 53 53
2 55 36
2 2 30
2 4 46
2 22 8
2 4 41
2 50 53
2 23 34
2 29 47
2 22 27
2 20 27
2 45 7
2 13 32
2 24 26
2 48 16
2 57 54
2 45 42
2 21 55
2 43 13
2 1 51
2 30 1
2 14 56
2 35 36
2 59 54
2 2 2
2 29 36
2 15 50
2 44 19
2 11 12
2 16 46
2 16 20
2 30 30
2 19 56
2 15 53
2 60 37
2 14 47
2 38 32
2 37 38
2 48 13
2 26 29
2 46 32
2 18 43
2 36 34
2 46 30
2 18 46
2 23 32
2 42 42
2 46 17
2 23 19
2 2 24
2 23 8
2 16 34
2 54 57
2 24 39
2 45 3
2 26 52
2 4 24
2 43 57
2 16 37
2 6 23
2 37 30
2 4 32
2 35 14
2 38 24
2 43 31
2 47 20
2 30 35
2 35 46
2 14 53
2 58 3
2 23 34
2 59 33
2 28 23
2 3 11
2 59 4
2 34 58
2 40 48
2 57 44
2 12 38
2 4 12
2 15 29
2 3 17
2 48 38
2 54 53
2 43 51
2 9 15
2 3 57
2 47 21
2 36 11
2 9 1
2 11 24
2 13 2
2 41 56
2 23 3
2 20 40
2 2 13
2 33 8
2 53 21
2 42 2
2 12 44
2 13 29
2 51 44
2 19 27
2 24 46
2 53 25
2 3 7
2 27 33
2 42 60
2 1 48
2 11 34
2 40 46
2 50 25
2 45 44
2 22 39
2 23 60
2 51 22
2 15 23
2 29 54
2 25 57
2 35 25
2 34 60
2 57 36
2 15 31
2 44 49
2 38 20
2 56 21
2 43 18
2 60 23
2 55 15
2 4 48
2 10 46
2 11 39
2 6 48
2 57 55
2 17 20
2 19 11
2 14 38
2 58 52
2 6 25
2 55 1
2 7 39
2 39 46
2 22 7
2 48 40
2 52 57
2 26 21
2 26 26
2 3 45
2 37 39
2 21 1
2 49 9
2 30 39
2 35 2
2 60 18
2 37 44
2 31 17
2 10 4
2 39 7
2 16 20
2 31 37
2 19 25
2 13 53
2 54 51
2 49 23
2 17 25
2 24 41
2 33 56
2 43 4
2 4 58
2 39 24
2 59 19
2 11 49
2 32 57
2 24 48
2 29 13
2 41 21
2 24 26
2 5 2
2 26 11
2 36 57
2 12 31
2 1 47
2 18 52
2 38 36
2 40 14
2 23 45
2 15 25
2 1 49
2 15 51
2 8 31
2 35 49
2 18 25
2 49 9
2 22 36
2 46 21
2 15 8
2 6 44
2 49 30
2 48 16
2 47 13
2 11 32
2 43 24
2 1 14
2 43 20
2 1 15
2 7 22
2 43 46
2 42 45
2 12 4
2 22 43
2 29 57
2 32 8
2 25 15
2 7 56
2 53 55
2 32 15
2 49 13
2 30 55
2 59 43
2 48 55
2 10 24
2 58 47
2 2 11
2 16 28
2 25 49
2 36 60
2 31 27
2 11 24
2 48 13
2 53 57
2 12 38
2 40 12
2 43 17
2 57 3
2 40 13
2 11 21
2 8 25
2 16 60
2 29 46
2 29 12
2 19 11
2 51 36
2 53 51
2 48 26
2 59 14
2 6 3
2 27 27
2 48 48
2 8 44
2 24 25
2 26 41
2 18 34
2 12 7
2 39 51
2 10 40
2 57 39
2 17 9
2 7 17
2 56 28
2 16 42
2 26 34
2 6 51
2 56 38
2 23 49
2 5 39
2 19 36
2 33 52
2 9 8
2 10 39
2 22 35
2 40 39
2 50 36
2 5 21
2 7 59
2 15 47
2 21 50
2 6 43
2 55 47
2 43 45
2 53 17
2 15 27
2 7 42
2 60 21
2 11 12
2 52 7
2 24 7
2 18 2
2 47 51
2 18 55
2 14 56
2 55 21
2 58 4
2 13 35
2 17 24
2 11 14
2 60 44
2 30 52
2 34 3
2 52 10
2 20 57
2 52 13
2 49 57
2 8 22
2 44 24
2 7 60
2 5 5
2 23 15
2 3 52
2 48 23
2 18 56
2 20 15
2 54 45
2 48 13
2 24 19
2 31 30
2 29 36
2 5 34
2 32 37
2 14 17
2 35 11
2 37 24
2 31 44
2 22 38
2 6 60
2 15 29
2 52 11
2 16 14
2 38 27
2 40 6
2 31 37
2 47 34
2 34 4
2 33 50
2 18 3
2 39 21
2 32 46
2 35 8
2 54 11
2 5 36
2 11 13
2 3 38
2 57 5
2 44 52
2 37 41
2 10 27
2 37 20
2 48 38
2 51 38
2 7 43
2 19 44
2 17 45
2 48 44
2 1 31
2 24 15
2 8 13
2 45 42
2 33 29
2 44 31
2 47 51
2 50 41
2 49 56
2 60 42
2 1 25
2 12 3
2 49 35
2 38 40
2 33 34
2 29 12
2 26 38
2 5 45
2 33 20
2 23 5
2 32 33
2 18 26
2 43 30
2 35 15
2 4 12
2 53 24
2 41 22
2 28 32
2 41 60
2 25 44
2 36 22
2 6 15
2 16 47
2 60 7
2 1 29
2 21 53
2 25 26
2 33 11
2 43 21
2 51 12
2 53 47
2 8 29
2 25 54
2 48 48
2 4 31
2 29 50
2 17 26
2 28 53
2 36 51
2 55 12
2 43 50
2 53 50
2 40 34
2 25 26
2 43 46
2 40 52
2 6 23
2 32 39
2 10 4
2 50 31
2 10 12
2 14 15
2 44 55
2 17 55
2 23 28
2 33 33
2 46 33
2 40 46
2 13 42
2 46 29
2 40 43
2 53 39
2 15 38
2 40 34
2 60 50
2 22 23
2 29 10
2 26 28
2 20 7
2 31 43
2 43 10
2 4 13
2 35 10
2 2 56
2 4 34
2 47 50
2 53 53
2 41 29
2 39 25
2 39 57
2 10 14
2 45 20
2 1 45
2 37 3
2 33 54
2 19 35
2 40 14
2 28 40
2 17 43
2 25 8
2 41 7
2 44 57
2 53 33
2 34 16
2 37 33
2 35 44
2 35 5
2 58 41
2 28 36
2 36 30
2 15 21
2 35 45
2 24 60
2 14 53
2 60 11
2 60 22
2 8 47
2 24 13
2 48 33
2 45 58
2 16 52
2 16 5
2 29 9
2 24 6
2 54 51
2 2 24
2 55 17
2 57 43
2 17 56
2 15 56
2 32 19
2 32 5
2 51 53
2 14 17
2 37 33
2 54 44
2 24 15
2 52 32
2 54 34
2 3 57
2 21 60
2 24 15
2 52 53
2 13 57
2 34 10
2 34 7
2 24 3
2 47 35
2 11 4
2 21 48
2 55 10
2 19 14
2 38 48
2 40 15
2 42 7
2 20 36
2 28 26
2 7 16
2 24 51
2 46 4
2 38 16
2 52 28
2 29 15
2 48 43
2 25 21
2 22 40
2 24 53
2 31 10
2 17 26
2 24 21
2 40 39
2 19 24
2 50 26
2 52 4
2 51 30
2 44 3
2 11 29
2 44 21
2 49 39
2 58 8
2 52 14
2 50 22
2 32 48
2 15 16
2 43 42
2 39 33
2 52 5
2 53 44
2 10 46
2 13 22
2 37 14
2 13 51
2 40 39
2 45 24
2 10 19
2 17 54
2 22 6
2 39 3
2 20 6
2 18 7
2 21 38
2 16 5
2 5 27
2 16 8
2 6 2
2 60 22
2 11 25
2 27 58
2 40 54
2 1 33
2 3 25
2 25 49
2 3 20
2 21 60
2 15 21
2 27 39
2 35 57
2 42 41
2 30 43
2 55 45
2 13 34
2 10 32
2 51 43
2 23 45
2 55 6
2 42 26
2 13 11
2 3 31
2 31 7
2 6 6
2 18 22
2 25 59
2 56 14
2 57 60
2 26 45
2 26 13
2 57 37
2 15 11
2 46 46
2 59 20
2 47 7
2 48 1
2 8 15
2 49 44
2 10 58
2 35 53
2 51 19
2 13 48
2 37 34
2 49 16
2 44 40
2 5 38
2 49 38
2 48 14
2 41 33
2 33 27
2 6 19
2 27 23
2 10 9
2 54 41
2 28 36
2 56 34
2 6 36
2 3 58
2 24 27
2 26 55
2 49 42
2 18 54
2 1 52
2 34 35
2 50 26
2 9 38
2 56 49
2 39 3
2 46 41
2 28 23
2 58 51
2 38 43
2 43 38
2 13 23
2 20 19
2 24 60
2 42 10
2 37 58
2 49 45
2 55 19
2 3 5
2 50 53
2 2 32
2 27 17
2 46 38
2 41 5
2 26 57
2 48 29
2 36 44
2 17 30
2 9 53
2 6 45
2 46 25
2 15 1
2 26 40
2 3 37
2 45 40
2 4 47
2 50 1
2 16 47
2 45 60
2 35 7
2 53 21
2 59 11
2 59 40
2 57 22
2 55 23
2 41 27
2 53 37
2 28 5
2 32 36
2 41 34
2 15 40
2 12 10
2 52 1
2 16 30
2 18 30
2 9 37
2 28 48
2 9 26
2 3 24
2 41 27
2 47 34
2 21 19
2 47 5
2 34 59
2 43 11
2 49 18
2 23 10
2 30 28
2 50 4
2 40 8
2 9 16
2 26 9
2 29 50
2 14 29
2 4 11
2 52 55
2 15 11
2 59 48
2 41 42
2 20 47
2 52 20
2 17 7
2 2 9
2 5 55
2 55 13
2 26 14
2 40 45
2 2 4
2 20 7
2 25 51
2 37 38
2 19 39
2 4 19
2 55 25
2 43 37
2 16 28
2 10 23
2 30 27
2 55 33
2 49 11
2 6 44
2 33 16
2 55 26
2 21 1
2 37 56
2 1 1
2 19 57
2 34 17
2 54 41
2 24 30
2 60 15
2 4 16
2 39 41
2 52 51
2 32 57
2 26 52
2 11 28
2 51 18
2 28 37
2 5 60
2 50 19
2 14 54
2 7 54
2 28 3
2 1 5
2 41 2
2 34 36
2 23 35
2 4 29
2 54 55
2 45 31
2 30 30
2 12 29
2 6 25
2 54 16
2 6 16
2 56 58
2 12 35
2 29 55
2 5 9
2 8 26
2 52 52
2 4 58
2 8 24
2 38 52
2 59 4
2 6 33
2 23 27
2 5 2
2 51 22
2 15 7
2 32 4
2 51 2
2 40 32
2 33 17
2 10 27
2 36 31
2 25 1
2 3 13
2 54 8
2 57 21
2 16 48
2 8 15
2 32 47
2 50 50
2 38 3
2 14 27
2 9 30
2 42 30
2 46 40
2 24 57
2 13 2
2 60 38
2 40 23
2 26 16
2 58 6
2 35 50
2 21 28
2 46 28
2 27 2
2 4 18
2 35 19
2 3 38
2 26 44
2 11 40
2 29 31
2 31 29
2 51 49
2 4 13
2 1 14
2 19 55
2 5 22
2 18 16
2 40 37
2 47 47
2 39 49
2 6 12
2 41 25
2 41 43
2 51 42
2 29 34
2 36 36
2 35 43
2 56 25
2 27 9
2 20 57
2 39 35
2 10 53
2 46 58
2 47 10
2 22 15
2 57 10
2 6 60
2 8 50
2 55 28
2 54 34
2 1 60
2 21 35
2 44 1
2 42 50
2 24 7
2 42 4
2 40 38
2 27 52
2 52 47
2 43 34
2 26 55
2 31 46
2 9 42
2 29 28
2 47 22
2 58 30
2 31 51
2 17 26
2 16 52
2 16 24
2 42 20
2 40 38
2 10 57
2 10 15
2 41 39
2 25 16
2 41 22
2 21 34
2 9 43
2 46 56
2 19 27
2 1 16
2 7 9
2 11 38
2 51 19
2 32 9
2 29 9
2 46 8
2 52 42
2 36 22
2 34 42
2 14 12
2 9 37
2 18 44
2 51 24
2 50 9
2 54 55
2 23 36
2 24 3
2 2 23
2 48 23
2 6 3
2 46 35
2 13 51
2 10 14
2 4 14
2 44 41
2 22 57
2 26 35
2 49 36
2 58 9
2 58 52
2 6 15
2 15 26
2 15 22
2 18 44
2 20 18
2 35 2
2 22 13
2 22 60
2 53 56
2 33 38
2 25 58
2 31 59
2 37 29
2 26 20
2 25 49
2 7 46
2 22 15
2 40 5
2 52 53
2 42 5
2 38 38
2 50 30
2 46 41
2 28 58
2 55 20
2 7 16
2 34 53
2 43 33
2 52 20
2 33 20
2 22 9
2 13 18
2 53 25
2 5 1
2 3 29
2 42 12
2 54 58
2 42 17
2 31 51
2 32 17
2 24 17
2 58 28
2 18 55
2 42 20
2 59 49
2 16 10
2 20 32
2 6 7
2 8 36
2 1 25
2 29 48
2 7 54
2 52 3
2 42 54
2 51 18
2 21 51
2 20 48
2 30 16
2 17 2
2 6 4
2 20 46
2 16 14
2 9 8
2 54 21
2 2 43
2 48 23
2 49 5
2 57 55
2 55 52
2 44 48
2 13 44
2 19 15
2 13 59
2 2 37
2 54 42
2 8 51
2 3 34
2 16 37
2 28 53
2 55 35
2 53 34
2 20 13
2 28 41
2 15 22
2 2 46
2 45 7
2 15 54
2 24 13
2 17 51
2 10 57
2 12 55
2 38 47
2 50 41
2 23 44
2 6 3
2 50 53
2 31 60
2 5 49
2 33 57
2 19 8
2 9 12
2 52 53
2 58 26
2 6 24
2 45 60
2 42 33
2 18 33
2 39 32
2 47 10
2 16 27
2 29 57
2 21 10
2 49 37
2 8 18
2 23 57
2 40 16
2 30 35
2 25 35
2 33 59
2 39 14
2 57 48
2 37 22
2 15 8
2 5 56
2 21 60
2 54 43
2 40 55
2 43 11
2 29 28
2 3 42
2 11 14
2 24 14
2 22 16
2 41 53
2 22 42
2 16 41
2 27 47
2 6 20
2 31 26
2 59 24
2 2 9
2 55 23
2 8 22
2 6 2
2 45 59
2 2 4
2 12 17
2 12 29
2 56 25
2 46 16
2 12 59
2 45 52
2 36 16
2 12 27
2 33 31
2 59 40
2 4 57
2 16 33
2 17 25
2 45 43
2 44 46
2 45 11
2 31 46
2 36 3
2 22 43
2 36 18
2 52 10
2 1 3
2 32 58
2 52 55
2 39 5
2 58 32
2 12 59
2 37 15
2 42 10
2 5 47
2 42 29
2 48 4
2 59 34
2 53 2
2 45 49
2 25 38
2 28 35
2 17 46
2 22 6
2 53 16
2 38 12
2 48 59
2 19 29
2 21 9
2 54 1
2 17 2
2 35 36
2 53 34
2 43 21
2 2 48
2 44 16
2 20 24
2 54 10
2 3 31
2 45 14
2 59 19
2 39 39
2 12 10
2 27 29
2 1 7
2 43 22
2 50 6
2 59 14
2 6 18
2 42 30
2 33 59
2 32 11
2 3 58
2 60 34
2 56 37
2 9 59
2 39 49
2 18 59
2 44 57
2 38 38
2 4 2
2 27 24
2 13 18
2 16 42
2 14 50
2 12 3
2 46 28
2 56 33
2 58 15
2 36 21
2 18 17
2 48 42
2 37 45
2 30 21
2 37 46
2 59 3
2 46 50
2 58 2
2 41 38
2 6 37
2 10 53
2 47 58
2 6 33
2 50 18
2 1 58
2 35 42
2 14 15
2 10 41
2 27 22
2 34 28
2 36 53
2 32 37
2 3 24
2 38 26
2 41 48
2 36 12
2 53 10
2 60 24
2 40 58
2 19 23
2 35 40
2 1 29
2 27 40
2 56 45
2 35 53
2 6 34
2 26 49
2 19 54
2 57 48
2 49 15
2 19 49
2 41 31
2 59 50
2 46 14
2 27 59
2 26 58
2 22 46
2 47 59
2 43 45
2 24 10
2 48 30
2 4 31
2 45 60
2 6 46
2 13 28
2 26 53
2 51 18
2 58 52
2 26 36
2 6 56
2 46 38
2 2 57
2 56 12
2 32 36
2 16 7
2 11 47
2 10 35
2 14 26
2 50 59
2 16 9
2 48 28
2 56 58
2 49 15
2 10 29
2 51 30
2 39 18
2 27 35
2 1 57
2 59 23
2 59 24
2 56 3
2 27 49
2 3 51
2 9 39
2 39 19
2 8 39
2 39 12
2 42 18
2 41 46
2 31 37
2 16 13
2 28 56
2 49 31
2 27 6
2 21 14
2 43 23
2 46 21
2 41 55
2 44 43
2 5 3
2 1 51
2 58 25
2 38 47
2 14 33
2 42 48
2 18 9
2 41 18
2 23 36
2 46 46
2 4 10
2 41 4
2 1 38
2 1 31
2 43 8
2 28 9
2 11 36
2 37 20
2 56 41
2 7 9
2 14 14
2 27 15
2 11 1
2 47 16
2 58 26
2 14 14
2 33 37
2 31 30
2 22 8
2 5 26
2 50 58
2 32 4
2 30 57
2 17 31
2 55 26
2 15 13
2 1 2
2 56 6
2 54 19
2 35 46
2 34 43
2 3 41
2 7 5
2 59 4
2 42 46
2 17 21
2 14 7
2 35 11
2 33 50
2 1 56
2 18 47
2 36 2
2 39 13
2 21 60
2 7 49
2 13 57
2 26 51
2 18 27
2 38 50
2 54 21
2 50 36
2 25 22
2 2 34
2 11 60
2 44 34
2 13 51
2 51 15
2 39 9
2 39 5
2 56 31
2 37 49
2 19 35
2 42 24
2 37 24
2 23 13
2 9 52
2 35 1
2 58 57
2 48 29
2 26 24
2 41 15
2 37 10
2 43 58
2 54 37
2 49 41
2 41 53
2 29 50
2 1 23
2 23 22
2 8 30
2 2 44
2 2 10
2 32 46
2 38 7
2 36 49
2 26 20
2 40 20
2 9 44
2 28 35
2 7 44
2 14 18
2 9 45
2 42 55
2 38 33
2 52 10
2 26 47
2 38 45
2 30 55
2 49 22
2 23 13
2 1 59
2 1 44
2 20 18
2 27 50
2 12 28
2 42 15
2 34 31
2 57 34
2 27 4
2 10 9
2 34 43
2 14 24
2 1 46
2 41 52
2 48 53
2 47 44
2 11 42
2 11 34
2 20 58
2 32 30
2 30 50
2 27 26
2 53 1
2 53 43
2 56 36
2 54 34
2 13 46
2 43 24
2 9 50
2 3 56
2 10 8
2 17 27
2 36 49
2 34 52
2 9 30
2 42 46
2 6 30
2 11 55
2 21 41
2 7 31
2 42 22
2 12 59
2 53 31
2 13 32
2 7 22
2 36 47
2 40 56
2 31 56
2 36 54
2 27 40
2 60 23
2 11 38
2 30 56
2 39 41
2 55 56
2 56 52
2 14 51
2 40 49
2 9 17
2 51 23
2 31 42
2 12 8
2 16 19
2 2 59
2 42 6
2 58 26
2 36 50
2 36 26
2 4 23
2 49 56
2 38 52
2 40 15
2 15 19
2 40 13
2 16 51
2 3 21
2 55 55
2 52 55
2 7 11
2 13 58
2 3 26
2 47 7
2 7 39
2 57 18
2 5 8
2 34 13
2 45 21
2 57 27
2 8 34
2 34 22
2 52 49
2 42 1
2 58 50
2 13 3
2 2 34
2 60 7
2 45 12
2 14 12
2 9 12
2 54 52
2 10 24
2 45 30
2 25 45
2 12 20
2 11 2
2 25 2
2 42 37
2 30 10
2 35 50
2 41 2
2 4 15
2 33 27
2 49 6
2 52 27
2 13 48
2 44 1
2 24 45
2 47 60
2 12 23
2 49 38
2 48 37
2 8 30
2 31 49
2 36 44
2 2 15
2 26 42
2 37 46
2 54 55
2 12 35
2 33 23
2 58 36
2 50 26
2 14 25
2 22 35
2 18 10
2 1 11
2 29 25
2 57 27
2 9 57
2 25 34
2 52 44
2 2 4
2 54 51
2 50 3
2 52 17
2 38 12
2 30 50
2 7 45
2 39 32
2 56 36
2 25 43
2 58 54
2 29 15
2 4 18
2 7 54
2 58 41
2 29 12
2 33 47
2 3 40
2 36 26
2 32 54
2 9 12
2 34 59
2 15 4
2 45 1
2 51 43
2 28 28
2 37 43
2 16 14
2 24 46
2 3 23
2 27 60
2 49 57
2 28 6
2 58 55
2 55 4
2 55 28
2 52 8
2 11 59
2 42 43
2 11 21
2 21 52
2 32 41
2 24 48
2 26 27
2 47 32
2 54 27
2 50 6
2 38 14
2 43 19
2 5 24
2 30 38
2 13 56
2 18 28
2 47 23
2 39 32
2 38 50
2 29 31
2 36 4
2 21 12
2 9 36
2 48 29
2 55 46
2 24 11
2 11 57
2 60 34
2 52 48
2 10 60
2 47 39
2 5 30
2 14 35
2 37 31
2 9 9
2 31 35
2 43 15
2 36 21
2 56 2
2 33 30
2 14 54
2 58 46
2 9 29
2 16 13
2 11 24
2 7 28
2 57 12
2 7 21
2 13 49
2 21 55
2 54 16
2 32 57
2 12 5
2 50 8
2 16 22
2 49 13
2 6 26
2 9 6
2 32 59
2 20 51
2 13 18
2 13 4
2 41 42
2 3 15
2 56 39
2 22 44
2 18 42
2 17 2
2 18 40
2 1 41
2 11 22
2 14 52
2 40 9
2 42 37
2 34 41
2 39 52
2 20 19
2 53 29
2 26 34
2 40 42
2 8 47
2 60 19
2 16 43
2 60 5
2 37 26
2 6 60
2 28 47
2 20 7
2 39 12
2 16 52
2 7 1
2 8 28
2 21 19
2 44 5
2 38 60
2 31 12
2 53 35
2 20 32
2 42 9
2 51 21
2 28 34
2 4 24
2 19 29
2 35 46
2 37 3
2 27 16
2 2 58
2 29 30
2 32 6
2 43 42
2 30 57
2 17 35
2 27 15
2 29 21
2 16 19
2 45 59
2 31 13
2 29 43
2 52 15
2 57 17
2 21 17
2 24 50
2 2 43
2 35 24
2 27 32
2 3 51
2 9 5
2 15 26
2 5 19
2 25 57
2 35 35
2 51 42
2 32 38
2 38 52
2 58 2
2 19 28
2 12 50
2 39 3
2 55 28
2 39 60
2 3 56
2 33 46
2 46 12
2 23 59
2 37 32
2 54 4
2 47 41
2 44 32
2 6 32
2 36 29
2 11 16
2 25 54
2 57 54
2 35 53
2 41 49
2 12 1
2 30 24
2 47 31
2 19 48
2 36 5
2 7 7
2 60 20
2 9 1
2 14 37
2 41 59
2 52 6
2 51 53
2 40 26
2 31 41
2 52 45
2 51 5
2 38 50
2 60 19
2 21 14
2 24 34
2 23 26
2 43 24
2 45 46
2 6 51
2 30 60
2 28 39
2 54 47
2 35 42
2 22 20
2 36 22
2 27 59
2 40 1
2 46 60
2 47 29
2 35 22
2 18 16
2 37 46
2 4 22
2 43 49
2 46 30
2 60 25
2 17 34
2 52 56
2 19 59
2 4 26
2 27 5
2 25 48
2 35 5
2 48 38
2 24 7
2 31 4
2 56 36
2 30 49
2 36 9
2 44 25
2 36 40
2 16 56
2 45 14
2 60 39
2 15 51
2 16 60
2 12 49
2 54 34
2 33 50
2 6 22
2 50 42
2 29 17
2 43 5
2 5 33
2 51 52
2 21 60
2 51 46
2 36 56
2 2 33
2 32 41
2 17 31
2 20 54
2 32 56
2 59 39
2 2 54
2 38 46
2 34 39
2 47 56
2 9 32
2 34 57
2 3 37
2 43 12
2 42 48
2 28 15
2 7 14
2 54 28
2 59 43
2 28 44
2 27 9
2 27 19
2 35 8
2 7 53
2 8 36
2 8 2
2 36 33
2 35 19
2 14 4
2 3 2
2 33 19
2 17 53
2 58 13
2 12 46
2 6 54
2 52 50
2 33 13
2 59 36
2 23 10
2 21 19
2 16 15
2 34 25
2 27 51
2 59 31
2 11 1
2 8 59
2 26 7
2 24 21
2 10 8
2 34 16
2 41 53
2 33 51
2 13 36
2 3 14
2 39 36
2 7 51
2 5 12
2 56 9
2 8 8
2 14 12
2 53 19
2 19 27
2 27 20
2 40 29
2 7 5
2 42 57
2 33 37
2 33 5
2 6 26
2 3 32
2 26 54
2 52 19
2 3 34
2 6 44
2 45 7
2 11 29
2 51 2
2 41 13
2 27 43
2 2 7
2 38 23
2 25 35
2 13 2
2 22 57
2 28 56
2 35 28
2 22 40
2 3 9
2 54 4
2 34 49
2 41 17
2 18 15
2 42 6
2 57 5
2 56 35
2 46 23
2 25 4
2 5 53
2 32 34
2 4 48
2 18 44
2 25 17
2 48 58
2 19 59
2 29 4
2 21 29
2 41 26
2 22 32
2 29 59
2 31 7
2 45 39
2 40 29
2 6 24
2 19 6
2 53 43
2 2 36
2 48 19
2 16 39
2 7 10
2 53 15
2 13 42
2 7 41
2 17 2
2 13 13
2 51 56
2 53 27
2 27 10
2 27 21
2 38 48
2 32 53
2 7 58
2 29 14
2 9 5
2 20 59
2 26 45
2 12 58
2 19 37
2 3 52
2 2 59
2 33 7
2 24 19
2 47 1
2 58 35
2 52 34
2 24 60
2 55 7
2 41 18
2 21 32
2 29 26
2 48 59
2 9 52
2 52 7
2 49 14
2 4 49
2 8 26
2 14 60
2 49 46
2 22 14
2 50 53
2 17 58
2 59 21
2 10 23
2 27 5
2 39 18
2 20 23
2 16 52
2 50 30
2 46 47
2 2 54
2 21 36
2 1 49
2 20 37
2 15 37
2 53 25
2 12 49
2 56 51
2 5 50
2 48 29
2 56 5
2 19 36
2 20 28
2 10 15
2 5 31
2 14 32
2 59 42
2 34 34
2 10 4
2 7 51
2 40 53
2 22 36
2 40 18
2 4 37
2 18 13
2 58 58
2 23 43
2 16 52
2 47 31
2 33 4
2 39 1
2 52 37
2 20 28
2 16 39
2 9 48
2 31 1
2 35 7
2 18 47
2 45 13
2 10 10
2 9 32
2 17 45
2 24 25
2 33 28
2 23 43
2 12 22
2 48 18
2 20 42
2 38 2
2 3 58
2 34 5
2 41 7
2 25 49
2 45 28
2 3 47
2 21 29
2 30 37
2 3 2
2 4 53
2 48 3
2 54 2
2 38 15
2 57 8
2 53 29
2 27 31
2 25 29
2 34 2
2 21 2
2 28 5
2 35 53
2 17 20
2 23 35
2 51 53
2 5 56
2 15 18
2 34 50
2 23 18
2 16 44
2 10 45
2 7 60
2 59 22
2 44 16
2 26 25
2 8 13
2 16 38
2 17 23
2 9 50
2 23 13
2 37 43
2 17 13
2 22 51
2 1 39
2 35 2
2 56 56
2 43 12
2 8 51
2 30 54
2 12 13
2 40 21
2 21 14
2 12 22
2 56 43
2 23 53
2 31 59
2 46 39
2 15 57
2 45 10
2 1 8
2 40 2
2 24 5
2 48 16
2 49 59
2 50 36
2 35 30
2 59 6
2 39 10
2 53 15
2 13 16
2 27 49
2 28 50
2 5 19
2 40 45
2 52 39
2 39 55
2 51 42
2 30 58
2 32 5
2 28 56
2 57 22
2 24 25
2 44 43
2 7 54
2 58 10
2 37 12
2 42 59
2 21 26
2 60 23
2 58 46
2 43 40
2 40 60
2 50 11
2 45 53
2 42 6
2 4 30
2 6 40
2 45 21
2 3 31
2 54 55
2 53 6
2 46 6
2 39 60
2 3 23
2 38 26
2 26 38
2 46 40
2 11 21
2 18 43
2 4 58
2 37 25
2 57 23
2 26 21
2 57 34
2 27 38
2 59 17
2 5 12
2 35 41
2 41 49
2 5 28
2 33 16
2 34 20
2 48 6
2 11 56
2 13 56
2 40 20
2 16 22
2 22 24
2 37 49
2 13 39
2 57 30
2 32 55
2 21 31
2 59 46
2 25 8
2 56 47
2 17 54
2 4 16
2 14 57
2 23 35
2 55 27
2 30 13
2 50 45
2 44 24
2 27 17
2 23 14
2 33 8
2 8 46
2 43 37
2 16 29
2 45 20
2 9 9
2 45 17
2 26 46
2 50 26
2 48 21
2 5 51
2 45 59
2 56 46
2 37 3
2 46 29
2 24 14
2 39 45
2 4 60
2 27 41
2 32 60
2 45 27
2 50 31
2 56 21
2 15 51
2 49 21
2 25 30
2 29 50
2 32 23
2 39 45
2 55 32
2 47 7
2 17 13
2 6 21
2 46 38
2 38 35
2 58 30
2 30 47
2 47 59
2 37 30
2 26 23
2 27 33
2 49 6
2 14 59
2 45 58
2 37 54
2 18 30
2 50 43
2 11 8
2 13 39
2 25 56
2 1 36
2 34 1
2 12 39
2 27 33
2 28 17
2 28 17
2 59 33
2 47 12
2 57 20
2 9 3
2 5 24
2 20 43
2 12 25
2 28 22
2 31 12
2 3 55
2 26 47
2 51 44
2 3 5
2 25 27
2 15 28
2 44 53
2 33 26
2 27 46
2 54 18
2 38 34
2 2 36
2 60 17
2 9 48
2 21 9
2 22 36
2 4 17
2 26 39
