2064
4 43 16 31 6
4 27 46 16 6
1 8
2 9 3
2 14 45
1 6
1 58
2 50 50
2 45 53
1 45
2 9 28
1 39
3 3 41 57
2 36 34
2 17 21
1 48
3 42 48 2
3 14 57 24
4 46 10 29 3
3 51 43 58
2 55 19
4 31 60 5 40
3 46 46 39
4 34 59 36 48
2 28 43
4 16 53 48 50
2 16 43
2 25 32
1 17
3 17 1 44
2 37 24
3 1 2 39
1 30
2 53 19
4 22 51 22 57
3 8 50 55
2 2 14
3 28 9 10
4 33 47 14 58
2 30 35
2 33 55
3 27 23 3
1 23
4 2 55 34 48
2 17 4
3 40 2 8
1 48
1 8
1 46
3 11 21 54
2 19 25
4 57 14 36 57
3 23 49 18
1 55
2 13 32
3 27 48 44
2 60 42
1 33
2 48 3
1 40
4 42 11 15 17
2 4 1
2 28 37
2 56 56
4 34 8 54 39
1 54
2 58 5
4 46 57 54 48
1 59
1 11
2 56 1
3 49 32 52
1 12
1 22
2 22 20
4 26 34 53 45
2 35 56
3 51 16 56
1 26
4 19 47 18 54
1 44
3 1 40 60
4 57 58 18 55
4 57 51 54 29
1 8
1 13
2 34 20
1 57
2 38 40
3 54 16 55
1 31
4 22 5 29 34
4 32 28 60 23
2 41 23
2 56 58
1 44
2 23 59
3 12 39 55
4 34 38 59 18
4 17 9 50 10
2 32 48
1 34
4 55 52 30 17
4 40 57 22 29
1 54
3 14 56 47
2 32 18
2 44 50
4 20 31 5 42
3 59 9 56
4 51 21 23 40
3 44 3 7
2 17 21
4 3 3 14 6
4 50 6 47 50
4 46 17 26 34
1 17
2 9 12
4 47 60 14 31
4 6 32 42 45
2 31 18
4 16 32 35 40
4 6 39 27 52
4 19 15 24 37
2 53 2
3 38 52 27
3 17 60 2
2 35 10
2 3 8
2 59 31
4 28 5 3 1
3 40 12 33
1 8
2 2 46
3 53 52 49
1 30
2 3 33
1 6
2 38 6
2 37 59
3 49 32 20
4 23 16 53 26
1 25
1 2
3 57 18 59
2 25 11
4 46 55 46 14
2 27 38
4 27 35 24 7
1 21
2 14 35
2 29 53
2 9 11
2 52 46
4 18 55 47 55
4 5 40 53 33
4 49 41 16 13
2 27 22
2 41 34
4 28 35 4 54
4 27 8 33 29
3 9 51 39
4 1 47 15 59
1 37
2 30 23
3 2 44 34
1 32
4 33 17 5 29
2 59 45
2 56 33
2 23 34
2 32 52
2 39 56
2 34 25
2 21 54
1 46
3 29 47 26
2 56 10
3 30 24 4
1 39
4 2 54 48 5
3 43 14 42
2 9 1
2 11 9
2 41 3
1 39
4 58 7 5 8
4 14 19 3 4
2 37 52
2 48 6
2 51 60
2 37 42
2 48 28
2 17 27
3 54 27 59
2 44 4
4 16 38 57 28
4 6 37 4 13
2 32 13
2 5 31
2 56 7
3 20 48 44
1 32
2 28 5
4 46 23 34 7
2 3 3
2 33 56
4 26 48 47 56
2 54 13
4 3 30 16 47
2 48 36
4 4 60 54 1
2 54 26
4 26 41 20 25
4 10 45 29 42
4 31 24 2 58
1 42
2 14 49
2 41 56
1 54
1 31
1 23
4 5 31 51 21
1 29
4 49 29 18 46
1 47
1 48
2 44 1
1 46
3 44 14 9
1 34
1 26
3 32 6 24
2 7 36
4 36 37 43 36
1 16
2 35 37
2 3 53
3 19 2 59
2 52 43
1 57
2 26 34
4 46 18 51 45
2 54 26
2 8 32
2 58 38
1 33
1 27
2 32 15
1 12
3 14 11 43
2 17 56
3 17 24 45
4 51 30 31 60
1 49
2 18 46
4 10 13 40 34
3 24 25 9
3 23 60 24
2 17 58
3 14 6 7
3 38 24 44
1 51
3 38 12 50
4 43 16 24 17
3 21 29 47
1 59
1 59
2 46 30
1 23
2 31 4
1 8
2 27 40
3 55 11 20
1 36
2 21 8
2 1 18
3 55 33 48
4 54 17 21 24
1 11
3 34 35 35
4 28 38 51 4
4 27 59 7 9
2 3 26
3 50 31 6
4 51 49 30 54
3 34 29 31
2 48 39
4 46 29 44 3
2 15 13
2 60 14
2 52 22
4 15 42 33 57
2 25 21
1 2
2 28 18
2 42 58
2 24 17
4 58 20 30 18
2 14 4
1 27
2 49 35
4 28 19 2 25
2 33 57
2 31 13
1 49
2 43 44
3 59 34 29
1 25
3 29 19 41
2 7 9
2 6 20
4 47 48 36 43
4 1 24 1 11
2 47 57
2 17 39
1 27
4 19 20 37 3
3 47 9 44
4 24 55 57 45
2 40 30
4 26 3 33 52
1 40
1 59
3 22 44 6
1 35
2 30 24
1 46
2 34 47
2 40 27
1 27
3 11 13 16
2 10 57
2 10 31
1 51
1 9
2 38 16
3 31 24 27
1 9
2 36 52
2 17 19
4 28 10 12 54
1 27
1 58
2 24 52
1 4
2 14 37
4 6 19 56 28
4 27 20 55 25
2 34 25
3 58 22 27
2 19 44
2 49 17
4 51 27 42 45
2 24 20
2 9 10
1 18
2 28 35
1 2
2 13 21
2 38 23
3 44 28 22
2 2 52
2 13 18
1 30
4 51 19 58 31
1 60
4 14 30 16 26
2 46 8
1 30
2 6 29
3 45 13 43
3 22 48 51
4 10 12 49 52
3 30 43 31
3 46 22 1
1 23
4 6 45 54 53
3 52 21 33
2 10 35
4 47 20 47 14
1 59
1 24
1 7
1 38
1 30
1 59
2 24 45
4 34 49 18 42
2 33 34
4 10 49 54 10
1 46
2 17 33
2 53 25
2 14 53
4 14 14 15 47
2 25 47
4 20 26 38 24
2 42 18
3 22 17 6
1 15
4 26 49 45 13
2 26 12
3 41 4 22
1 4
4 35 20 50 4
3 15 41 27
1 8
1 38
1 14
4 16 26 19 46
1 60
2 15 55
2 55 47
3 34 8 26
1 53
2 10 34
1 12
1 34
1 56
2 40 8
1 23
2 45 9
4 11 5 52 30
1 36
2 50 41
3 4 8 2
1 9
2 38 2
2 2 17
3 16 55 3
1 2
2 35 23
2 20 18
3 19 49 43
3 55 48 21
1 30
4 54 5 35 12
2 9 22
3 49 20 12
2 39 53
4 10 18 44 19
1 37
2 40 58
2 41 27
1 56
3 21 11 22
3 5 43 19
2 8 28
1 57
2 32 42
3 5 31 57
4 52 15 21 18
4 3 60 13 39
2 4 8
4 59 11 32 42
2 28 53
1 7
2 7 26
2 33 3
3 55 21 42
3 35 46 59
4 43 20 8 25
2 55 48
2 13 20
2 57 42
2 20 36
2 57 49
2 7 28
2 6 38
1 47
4 33 59 59 41
3 49 46 36
1 8
1 21
2 56 9
2 30 15
3 23 54 6
2 43 2
3 28 4 6
4 26 32 27 6
2 8 57
2 42 10
2 30 23
3 14 1 15
3 3 10 12
2 47 36
2 2 4
2 48 35
2 20 11
4 41 55 39 41
1 39
2 27 30
4 42 41 54 20
4 26 5 45 40
3 21 31 16
2 48 39
4 17 58 46 51
2 55 9
4 50 11 42 57
2 41 51
4 53 10 56 32
2 55 54
2 51 21
2 50 11
2 21 55
2 53 51
3 57 17 11
2 42 30
2 59 34
4 28 23 15 30
4 14 7 60 51
1 2
4 29 10 4 8
2 50 44
4 9 21 6 49
2 56 55
4 52 1 39 13
4 45 60 37 4
2 47 40
2 28 13
3 27 48 26
3 11 59 46
2 38 51
1 57
3 17 20 29
2 31 25
3 58 9 15
2 21 49
2 13 11
2 22 10
2 3 24
4 7 19 44 15
2 48 1
3 25 27 3
2 9 37
2 55 37
2 19 59
2 22 4
4 1 59 38 40
4 25 42 51 32
2 4 13
4 55 39 53 19
2 45 41
2 8 49
2 25 24
1 7
4 14 55 5 30
4 36 20 2 21
4 53 36 44 36
4 30 52 24 1
1 44
2 46 44
1 44
4 58 53 41 38
1 44
2 7 4
2 12 9
2 3 55
2 27 47
1 59
2 26 12
3 10 45 53
4 1 54 52 14
3 49 48 42
3 59 53 53
2 25 39
3 52 43 23
4 47 48 12 22
4 30 60 20 3
4 44 25 60 28
3 56 55 45
4 24 1 54 27
1 45
4 25 54 14 29
2 55 58
1 15
1 40
2 1 42
2 27 56
2 49 45
2 6 56
1 28
3 37 10 8
3 49 16 19
1 25
3 34 23 7
1 47
1 18
2 1 40
2 13 19
4 9 10 31 10
3 5 41 14
2 54 13
1 13
3 56 46 57
4 1 40 58 56
2 27 38
4 43 51 33 30
2 59 2
2 8 54
2 7 4
2 12 23
4 6 45 28 43
3 59 26 11
3 30 50 25
3 38 7 8
1 9
2 3 31
2 32 47
1 48
4 28 52 42 23
4 2 1 9 17
4 33 6 28 52
2 26 37
2 57 6
4 44 38 40 24
2 22 15
4 19 38 12 40
4 14 45 30 51
3 40 1 49
2 7 53
3 11 34 59
4 43 46 33 41
3 45 48 31
4 8 35 40 38
2 38 54
3 24 55 24
3 45 56 58
2 23 19
4 6 28 3 46
4 39 51 32 4
2 37 10
2 38 49
2 6 52
2 17 22
3 21 7 13
2 10 8
2 43 26
1 58
4 31 42 7 35
3 14 41 45
3 27 45 26
2 54 30
4 52 54 44 30
3 3 33 11
2 11 33
3 59 55 17
3 52 31 45
2 40 52
2 3 2
2 60 49
3 12 9 26
1 21
1 55
4 21 37 45 32
1 17
2 47 19
2 49 46
2 39 52
1 31
4 27 53 54 58
2 13 58
3 18 52 40
4 12 34 56 41
2 2 31
3 19 15 37
2 23 54
2 54 19
3 26 41 17
3 11 32 20
4 18 19 37 6
2 21 5
4 49 23 35 58
4 32 22 8 51
1 58
3 55 5 2
2 45 37
2 50 35
3 12 29 12
4 29 18 57 28
1 33
2 42 47
3 52 20 41
2 32 1
4 8 41 17 53
2 59 20
2 25 43
2 20 5
1 60
4 12 2 3 1
2 31 22
3 24 57 58
2 44 44
4 29 17 21 3
2 18 34
2 17 13
3 12 9 7
2 50 47
4 1 57 47 31
4 27 48 50 16
2 14 19
2 46 3
1 2
2 21 6
3 14 4 53
1 9
2 38 3
2 1 47
4 36 35 48 4
1 1
4 29 36 58 15
4 23 24 46 18
2 54 51
3 10 42 17
1 55
3 55 10 33
1 3
2 36 43
2 11 51
2 33 50
3 30 59 20
1 24
2 33 41
1 56
2 47 53
1 40
2 12 39
4 22 21 27 38
2 50 21
2 24 8
2 49 49
1 56
1 39
2 8 19
2 3 2
2 11 43
4 8 55 12 45
4 15 54 16 16
2 54 8
2 17 54
2 23 27
1 21
2 5 46
2 15 49
2 55 9
2 2 17
2 48 57
1 1
2 45 31
1 10
2 58 1
3 19 5 60
2 33 43
4 40 5 57 11
2 1 28
2 7 59
4 39 48 40 7
2 20 9
4 39 3 11 55
2 30 16
3 9 19 53
2 7 46
2 58 48
2 13 21
1 3
2 16 7
2 53 59
2 40 30
1 31
2 19 3
2 18 14
2 13 16
4 36 15 29 33
2 18 31
3 43 13 40
3 41 52 58
3 6 45 17
4 50 43 31 8
2 27 11
2 21 46
2 45 52
2 31 24
2 59 54
4 36 52 15 48
1 58
3 9 19 4
2 45 18
2 12 26
2 51 48
2 13 45
3 35 9 12
3 32 2 50
2 10 59
3 16 14 22
4 32 25 4 57
1 17
2 17 50
1 12
1 37
2 30 12
1 49
4 32 5 42 40
3 33 1 35
1 31
2 56 3
4 35 47 39 6
2 33 9
4 8 42 16 60
4 24 41 29 44
2 32 3
3 18 8 60
3 17 3 35
2 24 33
3 25 1 60
3 34 55 44
3 52 35 38
2 10 51
2 16 26
4 8 17 52 24
1 60
4 12 52 45 28
2 49 28
2 50 15
4 44 18 58 55
4 50 38 29 42
2 19 50
2 49 3
2 56 48
2 10 50
2 57 26
4 55 7 30 48
1 4
4 10 11 35 14
2 56 25
1 18
3 35 60 27
3 57 58 43
3 27 36 46
2 40 41
2 32 44
2 1 34
3 6 21 43
4 4 36 54 59
4 32 35 16 10
4 8 58 16 32
3 50 55 40
2 16 23
3 11 39 30
3 23 18 1
2 54 36
4 1 4 53 28
2 17 1
3 60 3 47
2 11 54
4 26 18 50 18
1 29
2 49 45
1 8
1 42
1 13
3 13 52 20
4 27 33 37 46
3 59 45 48
4 35 39 21 39
2 55 1
4 42 4 36 58
1 38
2 24 28
1 9
2 60 18
2 47 30
3 36 50 2
3 40 46 18
4 40 13 26 60
1 26
4 8 33 15 19
1 23
4 41 47 20 24
2 33 52
2 52 60
2 17 11
4 57 53 11 56
3 19 34 29
1 4
4 49 51 39 30
3 25 7 35
4 31 6 24 1
4 17 12 56 54
2 35 46
1 11
2 25 48
2 32 41
1 18
1 11
1 55
1 27
2 22 50
2 32 41
2 54 27
4 42 60 47 22
2 29 11
4 57 56 29 53
1 3
2 5 16
2 13 29
1 32
4 22 13 47 28
2 53 34
3 17 34 49
4 21 53 38 48
3 60 22 7
1 11
4 55 57 54 36
1 8
4 39 28 32 6
1 43
4 47 52 22 46
2 25 4
3 40 23 21
4 15 9 45 53
2 25 4
3 22 7 48
1 39
4 37 14 20 35
4 3 47 17 35
3 9 9 46
2 24 56
2 5 56
3 29 57 10
1 49
2 19 24
4 44 54 19 19
3 35 42 10
2 6 60
3 24 1 22
2 17 32
2 55 22
2 14 49
2 31 38
4 46 33 16 5
4 43 56 39 29
2 4 29
1 50
4 40 26 33 17
1 16
4 49 14 12 35
4 9 6 15 53
4 4 9 35 53
2 44 50
2 4 12
3 60 12 4
1 47
2 41 35
3 5 17 44
3 56 32 16
1 45
2 19 14
4 56 10 58 51
3 35 12 19
3 25 30 45
1 25
2 31 32
1 13
3 49 19 50
1 3
4 24 23 13 18
2 60 32
1 7
2 38 27
1 51
2 15 3
2 50 33
2 47 46
1 11
1 14
3 3 13 14
3 39 39 54
4 22 54 35 6
4 22 54 49 52
2 18 14
2 8 45
3 35 9 17
1 30
1 1
3 2 21 49
4 5 25 24 46
2 14 22
1 32
1 18
2 58 49
4 42 42 16 4
1 42
4 32 9 52 14
1 47
3 17 7 21
2 37 22
2 29 8
2 49 41
2 45 12
3 5 50 60
2 37 8
3 53 58 59
2 19 36
3 27 1 7
2 15 38
4 59 36 34 7
4 33 33 48 58
3 26 27 18
2 26 22
4 47 32 37 39
3 1 49 14
4 23 7 37 48
1 36
2 39 55
4 47 45 18 46
1 21
3 50 5 28
4 7 2 22 52
1 27
1 22
3 42 2 22
2 5 20
4 12 12 27 2
3 47 11 23
2 54 17
1 11
4 5 26 31 6
4 45 42 18 3
2 6 27
3 42 58 46
2 58 48
3 25 24 44
2 16 28
3 18 54 32
3 21 34 25
1 56
2 5 49
2 2 44
2 46 8
1 33
4 21 8 54 50
3 23 1 2
4 45 57 21 1
3 57 20 47
1 31
2 5 9
4 12 44 15 28
1 36
4 50 6 57 4
1 3
4 52 26 1 37
4 48 27 10 46
3 48 1 60
2 45 58
3 25 12 58
2 50 2
2 21 54
1 53
1 60
1 31
2 34 31
2 44 30
2 43 2
3 20 20 37
1 31
4 3 13 27 17
2 4 49
3 20 52 43
2 46 43
3 9 2 28
2 59 26
4 20 30 38 11
4 57 47 5 57
4 41 33 16 28
3 14 8 45
3 9 43 49
3 30 24 52
1 45
2 52 10
4 23 14 14 8
2 26 19
3 20 11 2
3 12 9 12
3 34 38 21
2 12 38
4 37 41 5 44
4 44 11 23 17
2 4 14
2 29 41
3 50 2 60
3 20 58 17
4 27 39 31 56
2 39 3
2 7 58
3 32 33 18
1 29
2 30 12
3 47 19 25
3 36 24 1
4 43 7 15 40
1 42
3 3 58 23
4 44 43 13 56
4 23 18 22 31
4 25 19 35 56
2 12 28
3 40 10 44
2 14 52
3 8 6 35
2 1 49
1 9
3 42 3 50
3 54 3 20
3 17 37 22
4 7 4 43 33
1 19
3 1 45 55
1 28
3 3 47 1
3 56 53 41
3 1 21 23
4 27 3 23 15
4 7 52 25 39
3 38 15 34
3 4 20 56
2 26 33
2 3 26
3 9 7 49
3 32 29 14
1 35
2 48 18
2 10 4
3 8 54 27
2 8 6
1 12
2 3 37
2 11 55
3 1 33 59
4 7 16 19 14
4 44 13 40 19
4 16 52 37 48
4 30 7 38 4
3 52 28 15
2 60 49
3 41 13 31
1 22
2 56 32
3 19 26 6
3 41 50 31
4 58 17 42 13
1 56
2 53 55
2 39 23
3 46 17 39
2 22 33
1 5
1 36
3 54 39 60
3 36 24 18
3 46 50 39
2 22 55
3 39 33 49
2 55 12
4 20 13 32 10
1 34
2 12 43
2 4 18
1 57
2 39 26
2 44 45
2 11 50
2 27 49
4 17 14 35 46
4 21 51 44 7
4 60 9 5 28
4 16 22 2 30
3 22 6 8
4 45 13 44 54
2 22 11
3 12 60 39
2 45 57
3 8 60 25
2 21 42
3 30 59 13
1 34
3 5 33 6
2 38 29
3 41 26 47
2 2 13
1 35
2 8 20
1 60
2 18 30
3 10 1 46
1 40
1 24
2 30 17
3 35 33 44
2 59 11
2 13 15
1 44
1 3
2 9 11
2 1 48
3 48 50 47
3 29 16 16
2 2 35
3 56 55 15
2 12 36
2 39 21
2 56 28
2 13 3
2 3 2
2 30 11
3 8 4 9
2 30 5
2 13 58
3 48 13 15
2 30 8
1 17
2 20 13
2 51 19
3 18 38 46
2 43 58
4 18 35 11 50
3 20 28 23
3 22 43 3
2 20 17
2 48 34
4 14 31 38 27
2 39 1
4 50 47 24 60
4 41 48 57 32
2 23 1
3 31 10 27
2 55 10
1 26
2 38 6
2 41 41
4 8 31 31 51
2 29 33
3 33 13 47
2 19 58
2 60 1
3 17 25 39
4 10 20 7 17
2 35 46
3 25 5 39
2 7 53
2 35 34
3 26 1 52
1 6
1 23
2 21 42
3 16 52 45
2 50 21
1 38
3 50 40 56
2 17 21
1 40
2 43 15
4 60 19 29 33
4 18 49 14 45
4 37 7 23 56
2 37 14
2 11 22
4 53 37 12 10
2 31 38
4 47 9 55 6
1 12
1 45
1 6
1 2
3 5 29 33
1 47
2 32 4
2 45 46
3 21 49 21
2 15 12
3 24 44 6
1 58
2 44 8
2 37 29
2 53 51
3 34 42 30
1 55
3 21 21 25
3 8 14 32
4 5 59 51 42
2 25 24
1 7
4 7 47 14 11
2 32 60
1 55
2 60 44
2 57 22
1 10
1 7
3 43 13 56
3 48 39 3
2 2 58
2 41 30
1 55
4 12 29 26 44
3 30 58 9
4 46 31 39 5
2 25 48
2 10 42
3 30 17 10
2 1 26
2 27 42
3 4 24 37
2 48 32
2 19 24
1 54
2 20 3
4 54 11 26 45
2 22 35
1 50
2 49 4
3 16 52 38
2 34 6
2 1 29
3 25 21 47
1 51
4 42 43 25 25
1 10
2 50 20
1 58
4 54 10 16 16
2 2 4
4 35 18 14 11
2 25 10
2 35 21
4 5 28 1 39
2 52 45
1 36
2 34 57
2 31 17
4 21 38 59 48
2 10 10
2 6 1
4 17 11 33 13
1 37
1 5
2 12 23
4 26 6 29 49
2 27 8
4 27 20 32 6
3 2 37 42
4 37 54 23 15
1 7
3 27 3 27
2 58 30
2 15 52
4 43 9 42 23
2 21 24
2 52 37
3 52 49 57
3 53 3 15
1 22
1 47
3 52 40 2
4 15 46 36 46
1 1
4 20 16 47 13
1 21
2 48 47
4 50 49 14 9
4 49 20 14 58
1 4
2 5 48
4 15 23 27 6
1 35
2 53 40
2 36 15
2 1 41
2 35 23
3 35 21 43
1 39
4 37 31 21 40
2 60 59
2 51 15
4 50 21 39 33
4 19 47 50 46
2 15 15
2 1 33
2 38 46
1 56
2 20 19
4 58 11 36 32
1 18
3 58 56 9
4 9 52 60 44
2 51 35
3 20 30 17
4 1 47 1 12
3 10 56 7
3 52 4 52
2 16 60
1 11
1 42
2 27 36
4 11 52 9 30
1 14
2 15 29
3 1 42 5
1 51
1 50
1 9
4 13 12 54 35
2 32 43
3 8 7 56
3 37 21 24
2 7 45
2 30 54
2 19 15
3 53 31 6
1 47
2 37 35
2 59 28
3 41 25 27
4 5 3 29 50
4 51 2 33 25
2 18 6
2 55 39
4 42 36 19 15
1 18
4 37 10 3 33
3 30 41 8
2 37 48
4 2 36 6 60
2 53 38
1 55
3 39 47 18
3 60 20 29
3 54 49 52
1 31
3 44 20 36
3 56 4 55
4 25 34 21 46
4 22 56 52 32
3 28 36 49
1 18
2 1 4
2 43 8
1 47
2 4 14
2 17 6
2 12 21
1 59
3 45 37 13
2 50 20
2 18 15
3 55 12 6
3 50 22 50
1 52
1 55
2 7 4
1 9
4 58 52 50 39
2 18 24
1 12
2 42 38
1 27
3 7 9 33
2 44 48
3 8 31 8
4 58 11 24 32
1 17
3 22 25 60
4 10 34 7 21
2 11 46
4 22 16 38 14
3 13 30 35
3 35 51 55
2 43 52
2 32 59
2 33 7
3 17 42 6
2 19 49
4 19 1 52 39
2 32 43
2 28 39
1 60
3 30 9 30
4 27 18 26 10
3 16 57 34
1 51
2 48 30
4 23 6 17 42
2 17 1
1 37
2 56 47
3 16 55 36
4 24 12 9 44
2 42 5
2 3 16
3 52 49 40
2 1 4
2 29 56
2 34 35
3 36 50 18
1 58
4 19 49 12 14
1 22
1 12
4 36 36 54 47
4 31 1 21 4
4 51 5 39 9
4 33 15 43 2
3 4 9 36
2 23 49
2 29 5
3 45 8 5
2 11 39
3 23 33 5
1 35
1 36
2 32 11
1 46
4 8 46 25 16
4 1 34 24 1
3 14 33 45
1 2
1 20
1 4
4 39 20 3 1
1 12
1 59
4 33 10 8 36
3 46 31 32
2 10 13
3 8 53 43
1 55
1 26
4 12 31 56 34
2 1 29
4 54 59 52 50
4 47 36 56 33
1 1
1 24
2 12 54
4 48 5 21 44
2 9 56
3 32 28 33
2 45 11
2 34 37
1 6
3 14 60 32
3 48 52 55
4 30 18 22 42
2 31 10
1 36
3 51 1 42
2 10 44
4 2 29 40 13
4 8 17 58 36
4 29 38 15 31
2 27 22
2 46 9
3 25 27 55
4 22 46 54 37
2 26 15
2 50 25
2 13 48
2 46 10
2 29 45
3 11 13 16
1 54
1 1
4 24 9 38 49
4 39 30 44 46
3 9 13 51
2 26 41
2 2 54
2 32 26
4 32 7 3 20
1 49
2 41 19
3 23 49 51
3 28 3 8
3 47 18 41
1 25
1 33
2 48 12
2 20 33
3 2 18 7
2 5 57
1 22
1 59
1 11
2 58 47
2 54 60
1 24
1 36
2 38 50
2 25 9
4 34 52 36 55
1 40
3 2 15 51
4 22 42 9 33
2 49 11
2 11 47
4 6 40 19 2
2 16 20
4 11 31 45 41
1 17
3 11 13 46
3 48 3 41
4 45 3 17 36
4 29 50 55 51
2 46 42
4 26 7 3 58
2 54 49
2 50 12
1 40
4 58 35 46 5
4 30 10 4 14
2 2 6
3 46 38 18
1 42
4 40 24 48 21
4 12 49 17 51
2 32 4
2 3 2
2 3 5
4 7 58 26 42
1 39
3 14 9 51
4 41 1 16 23
1 23
4 32 26 29 41
2 12 51
2 15 28
2 4 23
2 9 13
3 44 60 56
2 7 56
4 35 52 20 17
2 47 27
2 51 37
1 16
4 4 56 40 57
4 2 48 42 41
4 48 50 22 41
2 7 34
2 34 34
3 56 18 31
2 7 43
1 52
1 34
1 25
4 30 11 30 56
4 43 16 30 20
3 13 30 49
2 33 8
3 48 45 60
4 5 3 41 42
2 50 30
1 48
4 55 2 59 32
4 49 31 47 57
2 14 16
2 34 59
2 36 55
3 29 29 10
2 34 49
1 51
3 49 39 24
1 50
2 28 29
1 9
2 47 8
2 38 6
2 31 16
1 21
2 26 51
1 13
2 1 56
2 6 5
2 33 38
2 34 37
1 7
1 51
2 26 30
3 37 19 14
4 32 46 56 7
4 35 51 41 22
3 55 38 45
3 9 7 28
3 43 24 4
2 12 4
4 8 18 33 11
2 11 51
2 29 11
4 60 58 13 44
3 60 16 39
1 13
1 30
2 24 26
2 23 8
4 4 5 23 58
3 2 5 18
2 53 37
2 20 60
2 38 52
1 8
4 58 43 10 11
1 47
3 22 6 30
4 3 60 12 42
4 37 26 17 3
1 20
4 2 17 2 48
3 43 58 3
3 50 30 7
1 7
2 22 24
2 15 60
2 55 54
3 46 8 6
1 54
4 29 3 32 27
3 3 60 59
2 41 19
3 19 5 10
1 37
4 13 21 47 14
1 41
3 56 21 30
2 1 13
3 29 12 28
4 29 9 4 17
2 22 28
2 20 11
2 58 60
3 12 26 32
2 15 30
2 40 1
4 49 40 53 56
3 8 39 57
2 39 4
1 10
2 55 42
4 15 31 45 38
2 37 7
3 28 51 60
2 1 57
2 26 57
3 18 35 2
4 31 26 34 59
4 2 16 41 7
4 3 31 53 40
3 14 9 41
2 53 16
4 26 41 47 59
1 5
1 15
2 33 5
4 5 53 2 32
2 43 15
3 56 4 12
2 43 18
2 22 42
1 48
4 41 38 7 18
1 8
2 57 44
4 11 10 26 60
1 42
2 27 57
2 39 47
4 3 35 16 57
2 55 51
1 38
2 4 29
2 13 10
2 30 7
1 29
2 18 39
2 60 53
3 51 48 18
2 33 47
1 37
2 2 40
4 35 54 4 10
2 29 52
3 25 22 8
1 4
2 11 26
1 56
1 9
2 22 20
2 60 27
3 8 40 57
4 4 5 20 14
1 18
2 53 60
3 18 44 13
4 45 3 13 59
2 26 8
1 42
2 21 32
2 28 55
2 40 33
2 20 12
1 23
4 27 25 45 7
1 17
2 2 33
2 48 60
4 33 19 16 60
2 14 22
1 12
2 20 43
4 20 43 31 57
4 16 50 29 8
1 5
4 8 1 47 22
4 7 15 15 20
4 10 48 27 3
2 25 47
2 12 7
3 30 11 8
3 47 57 13
3 58 48 26
2 21 1
2 48 38
4 58 25 7 24
4 8 33 31 47
4 18 51 20 2
2 28 6
4 12 49 40 12
2 1 15
3 18 46 26
1 16
3 57 58 12
2 51 33
2 44 59
2 4 19
4 48 29 15 60
2 20 58
2 55 6
1 31
2 54 33
1 45
3 13 7 48
1 8
1 31
2 23 17
4 52 16 20 7
4 40 44 7 44
2 2 37
2 4 46
1 33
4 52 60 4 9
2 29 34
4 30 4 26 24
2 18 40
1 7
2 47 36
3 27 2 6
1 58
2 33 19
4 48 27 4 42
3 29 5 29
4 37 53 7 44
3 10 42 24
1 28
3 59 37 52
2 19 44
1 32
4 48 3 31 44
2 21 13
4 53 59 28 43
2 57 12
2 15 14
4 8 43 1 19
4 25 30 22 33
3 22 25 7
3 47 2 35
3 10 27 50
4 43 36 44 3
3 31 27 49
4 7 48 2 19
3 10 28 48
2 55 1
2 55 42
2 20 1
4 44 25 27 24
2 38 5
1 4
3 42 18 4
2 25 1
2 10 12
2 39 28
1 30
2 14 11
4 20 56 18 27
2 56 27
3 28 7 36
1 31
1 40
3 45 40 17
2 41 28
4 13 40 59 19
2 2 38
4 50 52 41 5
1 4
3 31 29 47
4 22 19 11 12
2 12 40
3 57 23 2
2 57 1
3 54 60 44
2 45 49
2 57 46
4 40 8 50 56
4 18 10 58 32
2 1 19
3 8 26 17
3 34 33 37
4 30 29 30 34
1 47
1 57
2 56 22
3 3 10 27
3 9 53 34
2 47 13
3 46 57 8
4 7 52 1 23
2 26 47
1 6
4 42 59 14 35
3 2 47 16
1 28
2 31 10
2 37 9
1 18
1 19
4 42 23 7 50
2 17 39
2 12 34
3 35 1 44
2 19 26
4 46 7 60 14
2 4 48
1 6
4 32 39 27 57
4 15 49 26 41
4 3 41 23 48
4 13 10 12 55
1 19
1 31
4 24 36 25 14
4 31 54 5 26
1 45
2 26 42
3 34 50 43
2 33 23
1 56
1 26
1 9
2 1 47
1 26
1 53
4 55 2 45 5
4 13 38 53 7
1 54
3 53 54 28
2 15 17
1 13
2 41 52
2 36 53
2 13 13
1 16
3 12 39 33
1 22
2 56 39
4 12 29 17 47
2 12 46
4 44 11 14 54
3 56 48 40
1 14
4 31 3 39 58
4 17 8 21 18
3 25 34 55
3 58 49 21
4 28 13 22 40
2 2 6
1 32
3 39 4 29
4 25 24 22 5
2 49 47
2 1 19
2 13 31
4 1 50 60 43
2 8 41
2 35 49
4 60 9 52 37
3 42 22 17
4 45 1 25 24
3 25 4 46
2 11 33
1 48
4 59 19 47 17
1 29
2 37 56
1 11
2 9 43
3 8 7 59
1 8
1 36
2 8 50
3 44 59 60
2 48 52
3 29 27 32
3 21 4 23
3 30 28 48
1 26
4 11 56 45 59
3 38 30 31
1 48
2 51 26
4 22 58 37 14
4 37 59 19 9
2 46 29
3 35 42 30
2 14 1
2 57 17
3 52 39 26
2 31 33
2 46 28
1 43
2 14 10
2 53 14
3 59 4 58
2 27 1
3 16 6 33
3 43 23 23
2 14 50
1 32
4 4 14 57 17
2 12 53
3 17 21 48
2 4 33
3 38 20 54
2 3 53
2 28 1
4 9 46 34 40
3 58 5 30
1 25
3 13 40 17
3 33 25 44
1 20
2 48 60
1 45
2 10 19
2 8 36
2 8 31
1 51
2 9 7
